   36.00000000    0.00200000 2571.42846680    9.46524429    0.02739163    0.01567377    0.03155897
   36.00000000    0.00600000  857.14288330    9.33218002    0.02734220    0.01023639    0.02919555
   36.00000000    0.01000000  514.28570557    9.14849186    0.02753389    0.00998832    0.02928962
   36.00000000    0.01400000  367.34692383    8.91696167    0.02627680    0.00902836    0.02778456
   36.00000000    0.01800000  285.71432495    8.62131214    0.02631318    0.00880190    0.02774629
   36.00000000    0.02200000  233.76623535    8.22794628    0.02588505    0.00822055    0.02715903
   36.00000000    0.02650000  194.07008362    7.86254120    0.02229554    0.00944590    0.02421396
   36.00000000    0.03150000  163.26530457    7.41171598    0.02173968    0.00885833    0.02347517
   36.00000000    0.03650000  140.90020752    6.90964413    0.02089879    0.00832783    0.02249694
   36.00000000    0.04200000  122.44898224    6.42843437    0.01832476    0.00761597    0.01984439
   36.00000000    0.04800000  107.14286041    5.88248253    0.01763945    0.00699803    0.01897690
   36.00000000    0.05400000   95.23809052    5.44952583    0.01708759    0.00648676    0.01827741
   36.00000000    0.06050000   85.00590515    4.94894648    0.01497534    0.00594370    0.01611175
   36.00000000    0.06800000   75.63024902    4.48548889    0.01309247    0.00550419    0.01420242
   36.00000000    0.07650000   67.22689056    4.01647520    0.01201566    0.00483130    0.01295058
   36.00000000    0.08600000   59.80066299    3.57378364    0.01071767    0.00439346    0.01158322
   36.00000000    0.09650000   53.29385376    3.12960196    0.00945374    0.00382302    0.01019749
   36.00000000    0.10800000   47.61904526    2.75031829    0.00846814    0.00340109    0.00912562
   36.00000000    0.12100000   42.50295258    2.36050963    0.00732103    0.00190000    0.00756356
   36.00000000    0.13650000   37.67660904    2.02055621    0.00600321    0.00165653    0.00622757
   36.00000000    0.15500000   33.17972183    1.68301249    0.00505341    0.00133173    0.00522595
   36.00000000    0.17700000   29.05569077    1.37922394    0.00418659    0.00117313    0.00434785
   36.00000000    0.20400000   25.21008492    1.10452557    0.00335410    0.00098280    0.00349512
   36.00000000    0.23850000   21.56334305    0.84526134    0.00254443    0.00084262    0.00268032
   36.00000000    0.28500000   18.04511261    0.61024922    0.00188740    0.00106657    0.00216791
   36.00000000    0.35150000   14.63117218    0.40810275    0.00127792    0.00075802    0.00148582
   36.00000000    0.45750001   11.24121761    0.23704164    0.00074613    0.00045393    0.00087336
   36.00000000    0.60949999    8.43782997    0.12364239    0.00047787    0.00025380    0.00054109
   36.00000000    0.80650002    6.37676001    0.06232009    0.00029793    0.00014568    0.00033164
   36.00000000    1.03550005    4.96654463    0.03299750    0.00021101    0.00008135    0.00022615
   36.00000000    1.32449996    3.88286710    0.01730402    0.00012689    0.00006833    0.00014412
   36.00000000    1.72150004    2.98742795    0.00853065    0.00007599    0.00003339    0.00008300
   36.00000000    2.23449993    2.30156970    0.00436516    0.00004867    0.00001795    0.00005187
   36.00000000    2.89949989    1.77370489    0.00224889    0.00003109    0.00001004    0.00003267
   36.00000000    4.13850021    1.24268615    0.00100235    0.00001387    0.00000449    0.00001458
   36.00000000    7.50000000    0.68571430    0.00030087    0.00000444    0.00000144    0.00000466
