   20.0000000000    1.0000000000    2.8571429253    0.0271078404    0.0001078942    0.0001659420    0.0001979340
   20.0000000000    3.0000000000    0.9523809552    0.0560971051    0.0001551192    0.0001460481    0.0002130540
   20.0000000000    5.0000000000    0.5714285970    0.0568942241    0.0001509786    0.0001656619    0.0002241392
   20.0000000000    7.0000000000    0.4081632793    0.0490512773    0.0001387640    0.0001381398    0.0001958010
   20.0000000000    9.0000000000    0.3174603283    0.0409448557    0.0001342819    0.0001618929    0.0002103353
   20.0000000000   11.5000000000    0.2484472096    0.0324322693    0.0000892259    0.0000900789    0.0001267891
   20.0000000000   14.5000000000    0.1970443279    0.0251843538    0.0000773013    0.0000523829    0.0000933781
   20.0000000000   18.0000000000    0.1587301642    0.0188786387    0.0000550359    0.0000236502    0.0000599023
   20.0000000000   22.5000000000    0.1269841343    0.0135490699    0.0000402508    0.0000170853    0.0000437268
   20.0000000000   27.5000000000    0.1038961038    0.0096908994    0.0000332941    0.0000164108    0.0000371189
   20.0000000000   33.5000000000    0.0852878466    0.0067748576    0.0000214401    0.0000126605    0.0000248991
   20.0000000000   41.0000000000    0.0696864128    0.0045428080    0.0000168503    0.0000105122    0.0000198605
   20.0000000000   50.0000000000    0.0571428575    0.0029394708    0.0000121057    0.0000085121    0.0000147987
   20.0000000000   60.0000000000    0.0476190485    0.0019067868    0.0000098999    0.0000078786    0.0000126523
   20.0000000000   70.0000000000    0.0408163257    0.0012487826    0.0000081845    0.0000051416    0.0000096655
   20.0000000000   80.0000000000    0.0357142873    0.0008334338    0.0000067380    0.0000034800    0.0000075836
   20.0000000000   95.0000000000    0.0300751887    0.0004830474    0.0000032199    0.0000017843    0.0000036813
   20.0000000000  127.5000000000    0.0224089641    0.0001830962    0.0000012633    0.0000007184    0.0000014533
   20.0000000000  175.0000000000    0.0163265299    0.0000518058    0.0000006381    0.0000003133    0.0000007108
   20.0000000000  550.0000000000    0.0051948051    0.0000020609    0.0000000318    0.0000000156    0.0000000354
