0.1	0.0	0.2	569.0	+0.6	-0.6	+5.3	-5.3	+14.8	-14.8
0.3	0.2	0.4	568.9	+0.6	-0.6	+6.4	-6.4	+14.8	-14.8
0.5	0.4	0.6	564.1	+0.6	-0.6	+5.7	-5.7	+14.7	-14.7
0.7	0.6	0.8	556.1	+0.6	-0.6	+5.5	-5.5	+14.5	-14.5
0.9	0.8	1.0	549.6	+0.6	-0.6	+5.5	-5.5	+14.3	-14.3
1.1	1.0	1.2	535.7	+0.6	-0.6	+4.6	-4.6	+13.9	-13.9
1.3	1.2	1.4	521.4	+0.6	-0.6	+4.6	-4.6	+13.6	-13.6
1.5	1.4	1.6	508.3	+0.6	-0.6	+4.9	-4.9	+13.2	-13.2
1.725	1.6	1.85	487.7	+0.6	-0.6	+5.2	-5.2	+12.7	-12.7
1.975	1.85	2.1	466.6	+0.6	-0.6	+5.3	-5.3	+12.1	-12.1
2.25	2.1	2.4	439.8	+0.6	-0.6	+10.6	-10.6	+11.4	-11.4

Path: /HepData/9166/d2-x1-y1
Summary of the measured differential cross section $d\sigma^{-}/d\eta$.
Location: Table 4 and Figure 2
PT(MU) IN GEV : > 25
RE : P P --> W- < MU- NUMU > X
SQRT(S) : 8000.0 GeV
x : $|\eta|$
y : $d\sigma^{-}/d\eta$ IN PB
