   20.0000000000    1.0000000000    2.8571429253    0.6548034549    0.0056522964    0.0353922397    0.0358407460
   20.0000000000    3.0000000000    0.9523809552    1.2305094004    0.0076860683    0.0206992272    0.0220801644
   20.0000000000    5.0000000000    0.5714285970    1.1159859896    0.0072211055    0.0168101247    0.0182954818
   20.0000000000    7.0000000000    0.4081632793    0.8865556121    0.0062116147    0.0135328509    0.0148903392
   20.0000000000    9.0000000000    0.3174603283    0.6562562585    0.0053792475    0.0109465159    0.0121968240
   20.0000000000   11.5000000000    0.2484472096    0.4806379080    0.0033447857    0.0078180246    0.0085034762
   20.0000000000   14.5000000000    0.1970443279    0.3241454959    0.0026349558    0.0053043496    0.0059227627
   20.0000000000   18.0000000000    0.1587301642    0.2202281803    0.0016892172    0.0033066010    0.0037130937
   20.0000000000   22.5000000000    0.1269841343    0.1408202946    0.0010945539    0.0024406333    0.0026748343
   20.0000000000   27.5000000000    0.1038961038    0.0903282091    0.0008974664    0.0016373616    0.0018671901
   20.0000000000   33.5000000000    0.0852878466    0.0564403124    0.0006428848    0.0016458487    0.0017669519
   20.0000000000   41.0000000000    0.0696864128    0.0378561802    0.0005153503    0.0010845064    0.0012007249
   20.0000000000   50.0000000000    0.0571428575    0.0256856680    0.0003694854    0.0008145122    0.0008943990
   20.0000000000   60.0000000000    0.0476190485    0.0172001347    0.0003203156    0.0005265651    0.0006163382
   20.0000000000   70.0000000000    0.0408163257    0.0116161210    0.0002703669    0.0003045020    0.0004072097
   20.0000000000   80.0000000000    0.0357142873    0.0082244547    0.0002351033    0.0002640904    0.0003535778
   20.0000000000   95.0000000000    0.0300751887    0.0049035964    0.0001149816    0.0001514338    0.0001901393
   20.0000000000  127.5000000000    0.0224089641    0.0017918951    0.0000448180    0.0000515267    0.0000682910
   20.0000000000  175.0000000000    0.0163265299    0.0005055802    0.0000202180    0.0000131428    0.0000241143
   20.0000000000  550.0000000000    0.0051948051    0.0000187474    0.0000010067    0.0000005810    0.0000011623
