1.390496999999999914e-02 3.844167000000000001e-01 6.523386000000000351e+00 7.120103849406422825e-01 7.107147763530365092e-02 2.932272299571999849e-02
1.400575000000000084e-02 6.138219999999999787e-01 2.040170000000000172e+01 8.015470217656257557e-01 6.918147290126326621e-02 6.008404390716000354e-02
1.907280000000000086e-02 3.334390999999999883e-01 6.600350999999999857e+00 5.812697706940883613e-01 4.406813060950937055e-02 2.348413363871999782e-02
1.919784000000000074e-02 5.746987999999999541e-01 2.316394999999999982e+01 4.782960694642637844e-01 3.623038244371186434e-02 3.535763019285000086e-02
2.619536000000000087e-02 2.783054999999999835e-01 6.651572999999999958e+00 3.910554048169737063e-01 2.805058094176344358e-02 5.547173392469999936e-03
2.634519999999999917e-02 5.381167000000000034e-01 2.626144000000000034e+01 3.527441820212981471e-01 1.975312260668585576e-02 1.308204757454000007e-02
3.601690999999999920e-02 2.357894000000000101e-01 6.697523000000000337e+00 2.745523665763127119e-01 1.799974817092567236e-02 1.066032731920000046e-03
3.618062999999999835e-02 4.935654999999999903e-01 2.926474999999999937e+01 2.382942707843068442e-01 1.083642064716514551e-02 7.086585692799999940e-03
4.938265000000000016e-02 1.938643999999999923e-01 6.718263000000000318e+00 1.900224469163842023e-01 1.182716715648507791e-02 3.016342892520000162e-03
4.960575999999999874e-02 4.469934999999999881e-01 3.198650999999999911e+01 1.600439137613341445e-01 6.138191038861072653e-03 3.450719546559999611e-03
6.768836999999999771e-02 1.578361000000000069e-01 6.740846999999999589e+00 1.426720446474586124e-01 7.872488221721967577e-03 6.474123681279999459e-03
6.792175000000000296e-02 3.948344999999999771e-01 3.421305999999999869e+01 1.044153458450333416e-01 3.620515451150030026e-03 4.243706711919999599e-04
9.286117000000000676e-02 1.255711999999999939e-01 6.780948000000000420e+00 9.359406345307627606e-02 5.279609095667950336e-03 9.420011367300000146e-03
9.308748000000000022e-02 3.416481000000000101e-01 3.602096999999999838e+01 7.150115718954633270e-02 2.193403523740403063e-03 1.721736508890000204e-03
9.395280000000000298e-02 6.330095000000000027e-01 1.665118999999999971e+02 4.574973368312839489e-02 3.157248037013145672e-03 2.173932197723999881e-03
1.263535000000000075e-01 1.061601999999999962e-01 7.219415999999999833e+00 6.717753552500067837e-02 3.894835058379645873e-03 8.615738896740001221e-03
1.278287999999999924e-01 2.900032000000000165e-01 3.751731999999999800e+01 4.683954759514274979e-02 1.358411964754138680e-03 3.641757465154000194e-03
1.286992999999999887e-01 5.779938999999999494e-01 1.818545000000000016e+02 2.353348485992988459e-02 1.500820468995104620e-03 2.194971594192999913e-03
1.723278000000000032e-01 9.033884000000000358e-02 8.165841000000000349e+00 4.950516792792422627e-02 3.316762036998079088e-03 7.527711149640000342e-03
1.756930999999999909e-01 2.414598000000000022e-01 3.866671999999999798e+01 3.241447769138439822e-02 8.520868660471699052e-04 4.173527606159999591e-03
1.769322000000000117e-01 5.141459000000000445e-01 1.995609000000000037e+02 1.628091549277082065e-02 7.643998258905975807e-04 1.800621298559999936e-03
2.409773000000000054e-01 1.987726999999999966e-01 3.972052000000000049e+01 2.625357349469580395e-02 5.294248724848749478e-04 3.775007250919999984e-03
2.424303999999999903e-01 4.520156000000000174e-01 2.169619000000000142e+02 1.115528381604896473e-02 4.040862949641482195e-04 1.291287200906000073e-03
3.283678999999999903e-01 1.686371999999999871e-01 4.274703000000000230e+01 1.256241877489923386e-02 3.193403806771403521e-04 2.614973631899999811e-03
3.310888000000000164e-01 3.890935999999999839e-01 2.320345000000000084e+02 5.206103819015928981e-03 2.167766226156635472e-04 7.627773319919999365e-04
4.438653000000000182e-01 1.475680000000000047e-01 4.726299000000000206e+01 6.017142497520348333e-03 1.786090246313328184e-04 1.016190378840000101e-03
4.475064999999999737e-01 3.481987999999999750e-01 2.519013999999999953e+02 2.446752950205496272e-03 1.019933972897238081e-04 2.400722845620000228e-04
5.984612999999999738e-01 1.303648000000000029e-01 5.255328000000000088e+01 6.880597928872028137e-04 8.123267609739876687e-05 3.787625688479999983e-04
6.029938999999999716e-01 3.166274000000000033e-01 2.708670999999999935e+02 3.705353394827915576e-04 3.764658307503535538e-05 2.528782051792999828e-04
