*  Total number of systematic sources *
   99
   36     AVE 99 99    1     0.000 O 1 2 3 4 5 6 7 8 9101112131415161718192021222324252627282930313233343536373839404142434445464748495051525354555657585960616263646566676869707172737475767778798081828384858687888990919293949596979899
 0.2000000E-02 0.2571428E+04 0.3600000E+02 0.1198239E+02 0.1863713E+00 0.7776511E-01 0.3020095E+00
  0.0000 -0.0000  0.0000  0.0000 -0.0000 -0.0000  0.0000  0.0000 -0.0000  0.0000 -0.0000 -0.0000  0.0000 -0.0000  0.0000  0.0000 -0.0000  0.0000  0.0000 -0.0000 -0.0000 -0.0000 -0.0000 -0.0000 -0.0000 -0.0000 -0.0000 -0.0000 -0.0000 -0.0000 -0.0000 -0.0000 -0.0000 -0.0000 -0.0000 -0.0000 -0.0000 -0.0000 -0.0000 -0.0000 -0.0000 -0.0000 -0.0000 -0.0000 -0.0000 -0.0000 -0.0000 -0.0000 -0.0000 -0.0000 -0.0000 -0.0000 -0.0000 -0.0000 -0.0000  0.0000  0.0000  0.0000 -0.0000  0.0000 -0.0000 -0.0000  0.0000 -0.0000  0.0000  0.0000  0.0000  0.0000  0.0000 -0.0001  0.0024  0.0103 -0.0089  0.0101 -0.0087 -0.0074 -0.0161  0.0257 -0.0035  0.0478 -0.0515  0.0276 -0.0711  0.0668 -0.3012  0.4245  0.4980 -0.0785 -0.6334  1.2465  0.9015 -0.0216 -0.2520 -0.1771  0.1583 -0.2776 -0.0476 -0.0234  0.0523
 0.6000000E-02 0.8571429E+03 0.3600000E+02 0.1193962E+02 0.1853623E+00 0.7584085E-01 0.2235528E+00
  0.0000 -0.0000  0.0000  0.0000 -0.0000 -0.0000  0.0000  0.0000  0.0000  0.0000  0.0000 -0.0000  0.0000 -0.0000  0.0000  0.0000  0.0000  0.0000  0.0000 -0.0000 -0.0000 -0.0000 -0.0000 -0.0000 -0.0000 -0.0000 -0.0000 -0.0000 -0.0000 -0.0000 -0.0000 -0.0000 -0.0000 -0.0000 -0.0000 -0.0000 -0.0000 -0.0000 -0.0000 -0.0000 -0.0000 -0.0000 -0.0000 -0.0000 -0.0000 -0.0000 -0.0000 -0.0000 -0.0000 -0.0000 -0.0000 -0.0000 -0.0000 -0.0000 -0.0000  0.0000  0.0000  0.0000 -0.0000  0.0000  0.0000 -0.0000  0.0000 -0.0000  0.0000  0.0000  0.0000 -0.0000  0.0000 -0.0005  0.0026  0.0027 -0.0062  0.0053 -0.0066 -0.0080 -0.0069  0.0130 -0.0039  0.0251 -0.0209  0.0012 -0.0271  0.0036 -0.2384  0.1374  0.3077  0.0249 -0.3688  0.3581  0.3098 -0.0594 -0.2641 -0.0813  0.0554 -0.2046  0.0079 -0.1771 -0.0481
 0.1000000E-01 0.5142857E+03 0.3600000E+02 0.1081765E+02 0.1755349E+00 0.7107965E-01 0.2041473E+00
  0.0000 -0.0000  0.0000  0.0000 -0.0000 -0.0000  0.0000  0.0000  0.0000  0.0000  0.0000 -0.0000  0.0000 -0.0000  0.0000  0.0000  0.0000  0.0000  0.0000 -0.0000 -0.0000 -0.0000 -0.0000 -0.0000 -0.0000 -0.0000 -0.0000 -0.0000 -0.0000 -0.0000 -0.0000 -0.0000 -0.0000 -0.0000 -0.0000 -0.0000 -0.0000 -0.0000 -0.0000 -0.0000 -0.0000 -0.0000 -0.0000 -0.0000 -0.0000 -0.0000 -0.0000 -0.0000 -0.0000 -0.0000 -0.0000 -0.0000 -0.0000 -0.0000 -0.0000  0.0000  0.0000  0.0000 -0.0000  0.0000 -0.0000 -0.0000  0.0000 -0.0000  0.0000  0.0000  0.0000  0.0000  0.0000  0.0002  0.0019  0.0028 -0.0084  0.0081 -0.0059 -0.0111 -0.0037  0.0110 -0.0026  0.0258 -0.0273 -0.0074 -0.0388 -0.0098 -0.2915 -0.0338  0.3044 -0.0564 -0.2824  0.2496  0.2123 -0.0681  0.0621 -0.0580  0.0997 -0.3056  0.0048  0.0405  0.0848
 0.1400000E-01 0.3673469E+03 0.3600000E+02 0.1108518E+02 0.1791069E+00 0.7470553E-01 0.2074996E+00
  0.0000 -0.0000  0.0000  0.0000 -0.0000 -0.0000  0.0000  0.0000  0.0000  0.0000  0.0000 -0.0000  0.0000 -0.0000  0.0000  0.0000  0.0000  0.0000  0.0000 -0.0000 -0.0000 -0.0000 -0.0000 -0.0000 -0.0000 -0.0000 -0.0000 -0.0000 -0.0000 -0.0000 -0.0000 -0.0000 -0.0000 -0.0000 -0.0000 -0.0000 -0.0000 -0.0000 -0.0000 -0.0000 -0.0000 -0.0000 -0.0000 -0.0000 -0.0000 -0.0000 -0.0000 -0.0000 -0.0000 -0.0000 -0.0000 -0.0000 -0.0000 -0.0000 -0.0000  0.0000  0.0000  0.0000 -0.0000  0.0000  0.0000 -0.0000  0.0000 -0.0000  0.0000  0.0000  0.0000 -0.0000  0.0000 -0.0002  0.0019  0.0011 -0.0071  0.0063 -0.0077 -0.0120 -0.0031  0.0114 -0.0029  0.0160 -0.0124 -0.0187 -0.0121 -0.0081 -0.2225 -0.0042  0.3087 -0.0142 -0.2523  0.0575  0.1666  0.0919  0.2917  0.3077  0.0224 -0.0832 -0.0094 -0.0384  0.0271
 0.1800000E-01 0.2857143E+03 0.3600000E+02 0.9944534E+01 0.1680838E+00 0.6762479E-01 0.1905753E+00
  0.0000 -0.0000  0.0000  0.0000 -0.0000 -0.0000  0.0000  0.0000  0.0000  0.0000  0.0000 -0.0000  0.0000 -0.0000  0.0000  0.0000  0.0000  0.0000  0.0000 -0.0000 -0.0000 -0.0000 -0.0000 -0.0000 -0.0000 -0.0000 -0.0000 -0.0000 -0.0000 -0.0000 -0.0000 -0.0000 -0.0000 -0.0000 -0.0000 -0.0000 -0.0000 -0.0000 -0.0000 -0.0000 -0.0000 -0.0000 -0.0000 -0.0000 -0.0000 -0.0000 -0.0000 -0.0000 -0.0000 -0.0000 -0.0000 -0.0000 -0.0000 -0.0000 -0.0000  0.0000  0.0000  0.0000 -0.0000  0.0000  0.0000 -0.0000  0.0000 -0.0000  0.0000  0.0000  0.0000 -0.0000  0.0000 -0.0000  0.0024  0.0024 -0.0057  0.0072 -0.0104 -0.0075 -0.0020  0.0111 -0.0014  0.0159 -0.0112 -0.0167 -0.0035 -0.0211 -0.2372 -0.0690  0.1688 -0.0279 -0.3428 -0.0210  0.1091  0.0294  0.0206  0.0661 -0.0067 -0.3505  0.0530  0.0108  0.0077
 0.2200000E-01 0.2337662E+03 0.3600000E+02 0.9747068E+01 0.1667572E+00 0.6862499E-01 0.1893086E+00
  0.0000 -0.0000  0.0000  0.0000 -0.0000 -0.0000  0.0000  0.0000  0.0000 -0.0000  0.0000 -0.0000  0.0000 -0.0000  0.0000  0.0000  0.0000  0.0000  0.0000 -0.0000 -0.0000 -0.0000 -0.0000 -0.0000 -0.0000 -0.0000 -0.0000 -0.0000 -0.0000 -0.0000 -0.0000 -0.0000 -0.0000 -0.0000 -0.0000 -0.0000 -0.0000 -0.0000 -0.0000 -0.0000 -0.0000 -0.0000 -0.0000 -0.0000 -0.0000 -0.0000 -0.0000 -0.0000 -0.0000 -0.0000 -0.0000 -0.0000 -0.0000 -0.0000 -0.0000  0.0000  0.0000  0.0000 -0.0000  0.0000  0.0000 -0.0000  0.0000 -0.0000  0.0000  0.0000  0.0000 -0.0000  0.0000  0.0001  0.0019 -0.0000 -0.0044  0.0053 -0.0069 -0.0050 -0.0039  0.0091 -0.0042  0.0163 -0.0032 -0.0096 -0.0026 -0.0240 -0.2088 -0.0069  0.2330  0.0727 -0.1820 -0.1444  0.0566  0.0142 -0.2186 -0.1331  0.0908 -0.3184  0.0397 -0.1041  0.0145
 0.2650000E-01 0.1940701E+03 0.3600000E+02 0.8571710E+01 0.1399574E+00 0.5728508E-01 0.1572931E+00
  0.0000 -0.0000  0.0000  0.0000 -0.0000 -0.0000  0.0000  0.0000  0.0000  0.0000  0.0000 -0.0000  0.0000 -0.0000  0.0000  0.0000  0.0000  0.0000  0.0000 -0.0000 -0.0000 -0.0000 -0.0000 -0.0000 -0.0000 -0.0000 -0.0000 -0.0000 -0.0000 -0.0000 -0.0000 -0.0000 -0.0000 -0.0000 -0.0000 -0.0000 -0.0000 -0.0000 -0.0000 -0.0000 -0.0000 -0.0000 -0.0000 -0.0000 -0.0000 -0.0000 -0.0000 -0.0000 -0.0000 -0.0000 -0.0000 -0.0000 -0.0000 -0.0000 -0.0000  0.0000  0.0000  0.0000 -0.0000  0.0000  0.0000 -0.0000  0.0000 -0.0000  0.0000  0.0000  0.0000 -0.0000  0.0000 -0.0001  0.0020 -0.0004 -0.0060  0.0020 -0.0064 -0.0067 -0.0022  0.0087 -0.0055  0.0083 -0.0013 -0.0200  0.0106 -0.0387 -0.1660 -0.0740  0.2216  0.1297 -0.1523 -0.1063  0.0878  0.0790  0.0306  0.1025 -0.0639 -0.2830  0.0173 -0.0947 -0.0097
 0.3150000E-01 0.1632653E+03 0.3600000E+02 0.8037711E+01 0.1371328E+00 0.5993574E-01 0.1568559E+00
  0.0000 -0.0000  0.0000  0.0000 -0.0000 -0.0000  0.0000  0.0000  0.0000 -0.0000  0.0000  0.0000  0.0000 -0.0000  0.0000 -0.0000  0.0000  0.0000  0.0000 -0.0000 -0.0000 -0.0000 -0.0000 -0.0000 -0.0000 -0.0000 -0.0000 -0.0000 -0.0000 -0.0000 -0.0000 -0.0000 -0.0000 -0.0000 -0.0000 -0.0000 -0.0000 -0.0000 -0.0000 -0.0000 -0.0000 -0.0000 -0.0000 -0.0000 -0.0000 -0.0000 -0.0000 -0.0000 -0.0000 -0.0000 -0.0000 -0.0000 -0.0000 -0.0000 -0.0000 -0.0000  0.0000  0.0000 -0.0000  0.0000  0.0000 -0.0000  0.0000 -0.0000  0.0000  0.0000  0.0000 -0.0000  0.0000 -0.0001  0.0012 -0.0024 -0.0038  0.0059 -0.0040 -0.0083 -0.0055  0.0066 -0.0022  0.0133 -0.0114 -0.0145 -0.0207 -0.0420 -0.2147 -0.1666  0.1950 -0.0035 -0.1669 -0.1312 -0.0220 -0.1013 -0.1641 -0.0302  0.0116 -0.1376  0.1327 -0.1957 -0.2609
 0.3650000E-01 0.1409002E+03 0.3600000E+02 0.7472775E+01 0.1320775E+00 0.5319204E-01 0.1474307E+00
  0.0000 -0.0000  0.0000  0.0000 -0.0000 -0.0000  0.0000  0.0000  0.0000 -0.0000  0.0000 -0.0000  0.0000 -0.0000  0.0000  0.0000  0.0000  0.0000  0.0000 -0.0000 -0.0000 -0.0000 -0.0000 -0.0000 -0.0000 -0.0000 -0.0000 -0.0000 -0.0000 -0.0000 -0.0000 -0.0000 -0.0000 -0.0000 -0.0000 -0.0000 -0.0000 -0.0000 -0.0000 -0.0000 -0.0000 -0.0000 -0.0000 -0.0000 -0.0000 -0.0000 -0.0000 -0.0000 -0.0000 -0.0000 -0.0000 -0.0000 -0.0000 -0.0000 -0.0000  0.0000  0.0000  0.0000 -0.0000  0.0000  0.0000 -0.0000  0.0000 -0.0000  0.0000  0.0000  0.0000 -0.0000  0.0000  0.0004  0.0019 -0.0001 -0.0023  0.0053 -0.0066 -0.0061 -0.0016  0.0057 -0.0015  0.0155 -0.0001 -0.0140 -0.0028 -0.0111 -0.1957 -0.0211  0.2319  0.0731 -0.1389 -0.2136 -0.0046  0.1010  0.0188 -0.0013  0.0660 -0.2142  0.0284 -0.1469  0.1231
 0.4200000E-01 0.1224490E+03 0.3600000E+02 0.6488626E+01 0.1114610E+00 0.4482862E-01 0.1246530E+00
  0.0000 -0.0000  0.0000  0.0000 -0.0000 -0.0000  0.0000  0.0000  0.0000 -0.0000  0.0000 -0.0000  0.0000 -0.0000  0.0000  0.0000  0.0000  0.0000  0.0000 -0.0000 -0.0000 -0.0000 -0.0000 -0.0000 -0.0000 -0.0000 -0.0000 -0.0000 -0.0000 -0.0000 -0.0000 -0.0000 -0.0000 -0.0000 -0.0000 -0.0000 -0.0000 -0.0000 -0.0000 -0.0000 -0.0000 -0.0000 -0.0000 -0.0000 -0.0000 -0.0000 -0.0000 -0.0000 -0.0000 -0.0000 -0.0000 -0.0000 -0.0000 -0.0000 -0.0000  0.0000  0.0000  0.0000 -0.0000  0.0000  0.0000 -0.0000  0.0000 -0.0000  0.0000  0.0000  0.0000  0.0000  0.0000  0.0006  0.0014  0.0013 -0.0038  0.0063 -0.0074 -0.0031  0.0004  0.0042 -0.0010  0.0096 -0.0005 -0.0180 -0.0189 -0.0522 -0.1896 -0.2024  0.1114  0.0898 -0.2562 -0.2233 -0.0014 -0.0257  0.1125  0.0187  0.1023 -0.1077  0.0070  0.0107  0.1005
 0.4800000E-01 0.1071429E+03 0.3600000E+02 0.5970922E+01 0.1074140E+00 0.4216730E-01 0.1185850E+00
  0.0000 -0.0000  0.0000  0.0000 -0.0000 -0.0000  0.0000  0.0000  0.0000 -0.0000  0.0000 -0.0000  0.0000 -0.0000  0.0000  0.0000  0.0000  0.0000  0.0000 -0.0000 -0.0000 -0.0000 -0.0000 -0.0000 -0.0000 -0.0000 -0.0000 -0.0000 -0.0000 -0.0000 -0.0000 -0.0000 -0.0000 -0.0000 -0.0000 -0.0000 -0.0000 -0.0000 -0.0000 -0.0000 -0.0000 -0.0000 -0.0000 -0.0000 -0.0000 -0.0000 -0.0000 -0.0000 -0.0000 -0.0000 -0.0000 -0.0000 -0.0000 -0.0000 -0.0000  0.0000  0.0000  0.0000 -0.0000  0.0000  0.0000 -0.0000  0.0000 -0.0000  0.0000  0.0000  0.0000 -0.0000  0.0000  0.0000  0.0010 -0.0002 -0.0039  0.0052 -0.0050 -0.0057  0.0005  0.0041 -0.0027  0.0108 -0.0063 -0.0168 -0.0202 -0.0346 -0.1877 -0.1062  0.2018  0.0321 -0.1557 -0.2362 -0.0480 -0.0517 -0.0279 -0.0563  0.0824 -0.1271  0.0616 -0.0556 -0.0122
 0.5400000E-01 0.9523809E+02 0.3600000E+02 0.5616116E+01 0.1032821E+00 0.3966462E-01 0.1139279E+00
  0.0000 -0.0000  0.0000  0.0000 -0.0000 -0.0000  0.0000  0.0000  0.0000 -0.0000  0.0000 -0.0000  0.0000 -0.0000  0.0000  0.0000  0.0000  0.0000  0.0000 -0.0000 -0.0000 -0.0000 -0.0000 -0.0000 -0.0000 -0.0000 -0.0000 -0.0000 -0.0000 -0.0000 -0.0000 -0.0000 -0.0000 -0.0000 -0.0000 -0.0000 -0.0000 -0.0000 -0.0000 -0.0000 -0.0000 -0.0000 -0.0000 -0.0000 -0.0000 -0.0000 -0.0000 -0.0000 -0.0000 -0.0000 -0.0000 -0.0000 -0.0000 -0.0000 -0.0000  0.0000  0.0000  0.0000 -0.0000  0.0000  0.0000 -0.0000  0.0000 -0.0000  0.0000  0.0000  0.0000 -0.0000  0.0000  0.0002  0.0018 -0.0005 -0.0044  0.0023 -0.0063 -0.0037 -0.0015  0.0035 -0.0020  0.0077 -0.0084 -0.0161 -0.0051 -0.0085 -0.1866 -0.1098  0.2728  0.0614 -0.0026 -0.2591 -0.0435 -0.0939 -0.0697 -0.1214 -0.0166 -0.0357  0.0391 -0.0891 -0.0164
 0.6050000E-01 0.8500591E+02 0.3600000E+02 0.4867919E+01 0.8930641E-01 0.3411102E-01 0.9852767E-01
  0.0000 -0.0000  0.0000  0.0000 -0.0000 -0.0000  0.0000  0.0000  0.0000  0.0000  0.0000 -0.0000  0.0000 -0.0000  0.0000  0.0000  0.0000  0.0000  0.0000 -0.0000 -0.0000 -0.0000 -0.0000 -0.0000 -0.0000 -0.0000 -0.0000 -0.0000 -0.0000 -0.0000 -0.0000 -0.0000 -0.0000 -0.0000 -0.0000 -0.0000 -0.0000 -0.0000 -0.0000 -0.0000 -0.0000 -0.0000 -0.0000 -0.0000 -0.0000 -0.0000 -0.0000 -0.0000 -0.0000 -0.0000 -0.0000 -0.0000 -0.0000 -0.0000 -0.0000  0.0000  0.0000  0.0000 -0.0000  0.0000  0.0000 -0.0000  0.0000 -0.0000  0.0000  0.0000  0.0000 -0.0000  0.0000 -0.0002  0.0014 -0.0007 -0.0046  0.0015 -0.0040 -0.0046 -0.0010  0.0031 -0.0063  0.0004 -0.0066 -0.0210 -0.0037 -0.0269 -0.1552 -0.1256  0.2732  0.0449 -0.0344 -0.3040  0.0095 -0.0843 -0.0680 -0.0847 -0.0594 -0.0644  0.0140 -0.0045 -0.0397
 0.6800000E-01 0.7563025E+02 0.3600000E+02 0.4391018E+01 0.7925175E-01 0.3496492E-01 0.9003943E-01
  0.0000 -0.0000  0.0000  0.0000 -0.0000 -0.0000  0.0000  0.0000  0.0000 -0.0000  0.0000 -0.0000  0.0000 -0.0000  0.0000  0.0000  0.0000  0.0000  0.0000 -0.0000 -0.0000 -0.0000 -0.0000 -0.0000 -0.0000 -0.0000 -0.0000 -0.0000 -0.0000 -0.0000 -0.0000 -0.0000 -0.0000 -0.0000 -0.0000 -0.0000 -0.0000 -0.0000 -0.0000 -0.0000 -0.0000 -0.0000 -0.0000 -0.0000 -0.0000 -0.0000 -0.0000 -0.0000 -0.0000 -0.0000 -0.0000 -0.0000 -0.0000 -0.0000 -0.0000  0.0000  0.0000  0.0000 -0.0000  0.0000  0.0000 -0.0000  0.0000 -0.0000  0.0000  0.0000  0.0000 -0.0000  0.0000  0.0001  0.0012 -0.0001 -0.0019  0.0048 -0.0060 -0.0035 -0.0013  0.0020 -0.0023  0.0044  0.0054 -0.0117 -0.0343 -0.0079 -0.1411 -0.0475  0.2879  0.0770 -0.0385 -0.2987  0.0201  0.1644  0.0941 -0.0028  0.0547 -0.2193  0.0780 -0.1275 -0.0141
 0.7650000E-01 0.6722689E+02 0.3600000E+02 0.3821880E+01 0.6851387E-01 0.2677665E-01 0.7665509E-01
  0.0000 -0.0000  0.0000  0.0000 -0.0000 -0.0000  0.0000  0.0000  0.0000 -0.0000  0.0000 -0.0000  0.0000 -0.0000  0.0000  0.0000  0.0000  0.0000  0.0000 -0.0000 -0.0000 -0.0000 -0.0000 -0.0000 -0.0000 -0.0000 -0.0000 -0.0000 -0.0000 -0.0000 -0.0000 -0.0000 -0.0000 -0.0000 -0.0000 -0.0000 -0.0000 -0.0000 -0.0000 -0.0000 -0.0000 -0.0000 -0.0000 -0.0000 -0.0000 -0.0000 -0.0000 -0.0000 -0.0000 -0.0000 -0.0000 -0.0000 -0.0000 -0.0000 -0.0000  0.0000  0.0000  0.0000 -0.0000  0.0000  0.0000 -0.0000  0.0000 -0.0000  0.0000  0.0000  0.0000 -0.0000  0.0000  0.0002  0.0012 -0.0005 -0.0023 -0.0001 -0.0046 -0.0013  0.0004  0.0013 -0.0039  0.0008  0.0040 -0.0221  0.0075 -0.0397 -0.1290 -0.1642  0.1738  0.0353 -0.1510 -0.3480 -0.0143 -0.1946 -0.1302 -0.1537 -0.0856  0.0672  0.0285  0.0758  0.0093
 0.8600000E-01 0.5980066E+02 0.3600000E+02 0.3328831E+01 0.6171373E-01 0.2317878E-01 0.6880768E-01
  0.0000 -0.0000  0.0000  0.0000 -0.0000 -0.0000  0.0000  0.0000  0.0000  0.0000  0.0000 -0.0000  0.0000 -0.0000  0.0000  0.0000  0.0000  0.0000  0.0000 -0.0000 -0.0000 -0.0000 -0.0000 -0.0000 -0.0000 -0.0000 -0.0000 -0.0000 -0.0000 -0.0000 -0.0000 -0.0000 -0.0000 -0.0000 -0.0000 -0.0000 -0.0000 -0.0000 -0.0000 -0.0000 -0.0000 -0.0000 -0.0000 -0.0000 -0.0000 -0.0000 -0.0000 -0.0000 -0.0000 -0.0000 -0.0000 -0.0000 -0.0000 -0.0000 -0.0000  0.0000  0.0000  0.0000 -0.0000  0.0000  0.0000 -0.0000  0.0000 -0.0000  0.0000  0.0000  0.0000 -0.0000  0.0000 -0.0001  0.0014  0.0008 -0.0014  0.0044 -0.0019  0.0004 -0.0017  0.0037 -0.0042  0.0020 -0.0010 -0.0256  0.0165 -0.0287 -0.0967 -0.1558  0.2336  0.0892 -0.0755 -0.3795  0.0698 -0.1535 -0.0523 -0.0101 -0.1208  0.1414 -0.0055  0.1907 -0.0276
 0.9650000E-01 0.5329385E+02 0.3600000E+02 0.3126465E+01 0.5726846E-01 0.2235964E-01 0.6367227E-01
  0.0000 -0.0000  0.0000  0.0000 -0.0000 -0.0000  0.0000  0.0000  0.0000  0.0000  0.0000 -0.0000  0.0000 -0.0000  0.0000  0.0000  0.0000  0.0000  0.0000 -0.0000 -0.0000 -0.0000 -0.0000 -0.0000 -0.0000 -0.0000 -0.0000 -0.0000 -0.0000 -0.0000 -0.0000 -0.0000 -0.0000 -0.0000 -0.0000 -0.0000 -0.0000 -0.0000 -0.0000 -0.0000 -0.0000 -0.0000 -0.0000 -0.0000 -0.0000 -0.0000 -0.0000 -0.0000 -0.0000 -0.0000 -0.0000 -0.0000 -0.0000 -0.0000 -0.0000  0.0000  0.0000  0.0000 -0.0000  0.0000 -0.0000 -0.0000  0.0000 -0.0000  0.0000  0.0000  0.0000 -0.0000  0.0000  0.0000  0.0017  0.0026 -0.0026  0.0037 -0.0062  0.0018  0.0058 -0.0003 -0.0039 -0.0078  0.0046 -0.0221 -0.0157 -0.0357 -0.1019 -0.1217  0.1642  0.0458 -0.1274 -0.3351 -0.0743 -0.0506 -0.0415  0.0162 -0.1710 -0.1877 -0.0233 -0.1421 -0.0241
 0.1080000E+00 0.4761905E+02 0.3600000E+02 0.2473391E+01 0.4854033E-01 0.1866248E-01 0.5370453E-01
  0.0000 -0.0000  0.0000 -0.0000 -0.0000 -0.0000  0.0000  0.0000  0.0000 -0.0000  0.0000 -0.0000  0.0000 -0.0000 -0.0000 -0.0000  0.0000  0.0000  0.0000 -0.0000 -0.0000 -0.0000 -0.0000 -0.0000 -0.0000 -0.0000 -0.0000 -0.0000 -0.0000 -0.0000 -0.0000 -0.0000 -0.0000 -0.0000 -0.0000 -0.0000 -0.0000 -0.0000 -0.0000 -0.0000 -0.0000 -0.0000 -0.0000 -0.0000 -0.0000 -0.0000 -0.0000 -0.0000 -0.0000 -0.0000 -0.0000 -0.0000 -0.0000 -0.0000 -0.0000 -0.0000  0.0000  0.0000 -0.0000 -0.0000  0.0000  0.0000  0.0000  0.0000  0.0000  0.0000  0.0000  0.0000  0.0000 -0.0000  0.0001 -0.0001 -0.0018  0.0048 -0.0048 -0.0027  0.0028 -0.0028  0.0013 -0.0040  0.0088 -0.0173 -0.0508 -0.0298 -0.0839 -0.1613  0.1767 -0.0339 -0.1560 -0.2582 -0.0822  0.0287  0.2284  0.0435 -0.1006 -0.1858  0.0982 -0.1104 -0.0729
 0.1210000E+00 0.4250295E+02 0.3600000E+02 0.2056978E+01 0.4068602E-01 0.1752281E-01 0.4559902E-01
  0.0000  0.0000  0.0000  0.0000 -0.0000 -0.0000  0.0000  0.0000  0.0000 -0.0000  0.0000  0.0000  0.0000 -0.0000  0.0000 -0.0000  0.0000  0.0000 -0.0000 -0.0000 -0.0000 -0.0000 -0.0000 -0.0000 -0.0000 -0.0000 -0.0000 -0.0000 -0.0000 -0.0000 -0.0000 -0.0000 -0.0000 -0.0000 -0.0000 -0.0000 -0.0000 -0.0000 -0.0000 -0.0000 -0.0000 -0.0000 -0.0000 -0.0000 -0.0000 -0.0000 -0.0000 -0.0000 -0.0000 -0.0000 -0.0000 -0.0000 -0.0000 -0.0000 -0.0000 -0.0000  0.0000 -0.0000 -0.0000  0.0000  0.0000 -0.0000  0.0000 -0.0000  0.0000  0.0000 -0.0000 -0.0000  0.0000 -0.0000  0.0003 -0.0012  0.0011 -0.0026  0.0008  0.0045 -0.0006 -0.0061 -0.0010 -0.0101  0.0139 -0.0096 -0.0351 -0.0308  0.0168 -0.2374  0.1565  0.2494  0.0295 -0.2327  0.0367 -0.1203  0.1324  0.0650 -0.1668  0.0863 -0.0053  0.0166  0.0453
 0.1365000E+00 0.3767661E+02 0.3600000E+02 0.1886140E+01 0.3626176E-01 0.1466489E-01 0.4071259E-01
  0.0000  0.0000 -0.0000  0.0000  0.0000  0.0000 -0.0000 -0.0000  0.0000  0.0000 -0.0000 -0.0000 -0.0000  0.0000 -0.0000  0.0000 -0.0000  0.0000  0.0000 -0.0000 -0.0000 -0.0000 -0.0000 -0.0000 -0.0000 -0.0000 -0.0000 -0.0000 -0.0000 -0.0000 -0.0000 -0.0000 -0.0000 -0.0000 -0.0000 -0.0000 -0.0000 -0.0000 -0.0000 -0.0000 -0.0000 -0.0000 -0.0000 -0.0000 -0.0000 -0.0000 -0.0000 -0.0000 -0.0000 -0.0000 -0.0000 -0.0000 -0.0000 -0.0000 -0.0000  0.0000 -0.0000 -0.0000 -0.0000  0.0000 -0.0000  0.0000  0.0000 -0.0000  0.0000  0.0000 -0.0000 -0.0000  0.0000  0.0008  0.0008  0.0012  0.0015 -0.0017 -0.0053  0.0042  0.0020 -0.0048 -0.0036 -0.0206  0.0195 -0.0154 -0.0090  0.0086  0.0461 -0.0799  0.0492  0.0207 -0.1895 -0.3973  0.0707  0.0408  0.0849  0.0043 -0.2088  0.1346  0.0798  0.1670  0.2057
 0.1550000E+00 0.3317972E+02 0.3600000E+02 0.1578901E+01 0.3023325E-01 0.1404536E-01 0.3439895E-01
 -0.0000  0.0000 -0.0000  0.0000  0.0000 -0.0000  0.0000  0.0000 -0.0000  0.0000 -0.0000 -0.0000 -0.0000  0.0000  0.0000  0.0000 -0.0000  0.0000  0.0000 -0.0000 -0.0000 -0.0000 -0.0000 -0.0000 -0.0000 -0.0000 -0.0000 -0.0000 -0.0000 -0.0000 -0.0000 -0.0000 -0.0000 -0.0000 -0.0000 -0.0000 -0.0000 -0.0000 -0.0000 -0.0000 -0.0000 -0.0000 -0.0000 -0.0000 -0.0000 -0.0000 -0.0000 -0.0000 -0.0000 -0.0000 -0.0000 -0.0000 -0.0000 -0.0000 -0.0000  0.0000 -0.0000  0.0000 -0.0000  0.0000 -0.0000  0.0000  0.0000 -0.0000  0.0000 -0.0000 -0.0000 -0.0000  0.0000 -0.0003 -0.0002  0.0005 -0.0004 -0.0026  0.0025  0.0067  0.0003 -0.0108 -0.0044 -0.0203  0.0213 -0.0061 -0.0425 -0.0198  0.0724 -0.1878  0.1569  0.2467  0.0325 -0.1928  0.0304 -0.0139  0.2038 -0.0225 -0.0220  0.0097 -0.2046 -0.1881 -0.0122
 0.1770000E+00 0.2905569E+02 0.3600000E+02 0.1182789E+01 0.2390545E-01 0.9917726E-02 0.2716137E-01
 -0.0000  0.0000 -0.0000 -0.0000  0.0000  0.0000 -0.0000 -0.0000 -0.0000 -0.0000 -0.0000  0.0000 -0.0000  0.0000 -0.0000 -0.0000 -0.0000 -0.0000 -0.0000 -0.0000 -0.0000 -0.0000 -0.0000 -0.0000 -0.0000 -0.0000 -0.0000 -0.0000 -0.0000 -0.0000 -0.0000 -0.0000 -0.0000 -0.0000 -0.0000 -0.0000 -0.0000 -0.0000 -0.0000 -0.0000 -0.0000 -0.0000 -0.0000 -0.0000 -0.0000 -0.0000 -0.0000 -0.0000 -0.0000 -0.0000 -0.0000 -0.0000 -0.0000 -0.0000  0.0000 -0.0000 -0.0000 -0.0000  0.0000 -0.0000  0.0000  0.0000 -0.0000  0.0000 -0.0000 -0.0000 -0.0000 -0.0000 -0.0000  0.0008  0.0002  0.0000  0.0068 -0.0009  0.0017  0.0078  0.0039 -0.0109  0.0027 -0.0199  0.0077 -0.0088 -0.0483  0.0230  0.1391 -0.1257  0.1658  0.0341  0.0704 -0.3850 -0.0157 -0.2839 -0.2564 -0.1422 -0.0080  0.2187 -0.2204 -0.0229  0.0310
 0.2040000E+00 0.2521008E+02 0.3600000E+02 0.9568116E+00 0.1939556E-01 0.1046539E-01 0.2276009E-01
 -0.0000  0.0000 -0.0000 -0.0000  0.0000  0.0000 -0.0000 -0.0000 -0.0000 -0.0000 -0.0000  0.0000 -0.0000  0.0000 -0.0000 -0.0000 -0.0000 -0.0000 -0.0000 -0.0000 -0.0000 -0.0000 -0.0000 -0.0000 -0.0000 -0.0000 -0.0000 -0.0000 -0.0000 -0.0000 -0.0000 -0.0000 -0.0000 -0.0000 -0.0000 -0.0000 -0.0000 -0.0000 -0.0000 -0.0000 -0.0000 -0.0000 -0.0000 -0.0000 -0.0000 -0.0000 -0.0000 -0.0000 -0.0000 -0.0000 -0.0000 -0.0000 -0.0000 -0.0000  0.0000 -0.0000 -0.0000 -0.0000  0.0000 -0.0000 -0.0000  0.0000 -0.0000  0.0000 -0.0000 -0.0000 -0.0000  0.0000 -0.0000 -0.0003 -0.0022 -0.0008  0.0067 -0.0015  0.0053  0.0094  0.0036 -0.0153  0.0049 -0.0295  0.0064  0.0075 -0.1235  0.0007  0.1901 -0.1622  0.1072  0.1078  0.0144 -0.2398 -0.0531 -0.1636 -0.2321  0.0052  0.0537 -0.2420  0.0615 -0.1470  0.1504
 0.2385000E+00 0.2156334E+02 0.3600000E+02 0.7798456E+00 0.1554090E-01 0.8335741E-02 0.1808190E-01
 -0.0000  0.0000 -0.0000 -0.0000  0.0000  0.0000 -0.0000 -0.0000 -0.0000 -0.0000 -0.0000  0.0000 -0.0000  0.0000 -0.0000 -0.0000 -0.0000 -0.0000 -0.0000 -0.0000 -0.0000 -0.0000 -0.0000 -0.0000 -0.0000 -0.0000 -0.0000 -0.0000 -0.0000 -0.0000 -0.0000 -0.0000 -0.0000 -0.0000 -0.0000 -0.0000 -0.0000 -0.0000 -0.0000 -0.0000 -0.0000 -0.0000 -0.0000 -0.0000 -0.0000 -0.0000 -0.0000 -0.0000 -0.0000 -0.0000 -0.0000 -0.0000 -0.0000 -0.0000  0.0000 -0.0000 -0.0000 -0.0000  0.0000 -0.0000  0.0000  0.0000 -0.0000  0.0000 -0.0000 -0.0000 -0.0000  0.0000 -0.0000  0.0001 -0.0014 -0.0010  0.0106  0.0026  0.0122  0.0120 -0.0014 -0.0188  0.0057 -0.0270  0.0177 -0.0050 -0.0950  0.0539  0.2878 -0.0416  0.1186 -0.0052 -0.0204 -0.2614 -0.0284  0.0177  0.0026 -0.1025 -0.0494 -0.1245  0.1837 -0.1167  0.0646
 0.2850000E+00 0.1804511E+02 0.3600000E+02 0.5468321E+00 0.1098159E-01 0.4431471E-02 0.1361649E-01
 -0.0000  0.0000 -0.0000 -0.0000  0.0000  0.0000 -0.0000 -0.0000 -0.0000 -0.0000 -0.0000  0.0000 -0.0000  0.0000 -0.0000 -0.0000 -0.0000 -0.0000 -0.0000 -0.0000 -0.0000 -0.0000 -0.0000 -0.0000 -0.0000 -0.0000 -0.0000 -0.0000 -0.0000 -0.0000 -0.0000 -0.0000 -0.0000 -0.0000 -0.0000 -0.0000 -0.0000 -0.0000 -0.0000 -0.0000 -0.0000 -0.0000 -0.0000 -0.0000 -0.0000 -0.0000 -0.0000 -0.0000 -0.0000 -0.0000 -0.0000 -0.0000 -0.0000 -0.0000  0.0000 -0.0000 -0.0000 -0.0000  0.0000 -0.0000 -0.0000  0.0000 -0.0000  0.0000 -0.0000 -0.0000 -0.0000 -0.0000 -0.0000 -0.0007 -0.0020 -0.0027  0.0120 -0.0103  0.0198  0.0180  0.0037 -0.0256  0.0038 -0.0440  0.0536  0.0057 -0.0778  0.1277  0.4823 -0.0655  0.2154 -0.0436  0.1450 -0.3284  0.1322 -0.3218  0.2718  0.0664 -0.1810  0.7001 -0.5253  0.2524 -0.0774
 0.3515000E+00 0.1463117E+02 0.3600000E+02 0.3409774E+00 0.7531400E-02 0.3130901E-02 0.9668002E-02
 -0.0000  0.0000 -0.0000 -0.0000  0.0000  0.0000 -0.0000 -0.0000 -0.0000 -0.0000 -0.0000  0.0000 -0.0000  0.0000 -0.0000 -0.0000 -0.0000 -0.0000 -0.0000 -0.0000 -0.0000 -0.0000 -0.0000 -0.0000 -0.0000 -0.0000 -0.0000 -0.0000 -0.0000 -0.0000 -0.0000 -0.0000 -0.0000 -0.0000 -0.0000 -0.0000 -0.0000 -0.0000 -0.0000 -0.0000 -0.0000 -0.0000 -0.0000 -0.0000 -0.0000 -0.0000 -0.0000 -0.0000 -0.0000 -0.0000 -0.0000 -0.0000 -0.0000 -0.0000  0.0000 -0.0000 -0.0000 -0.0000  0.0000 -0.0000  0.0000  0.0000 -0.0000  0.0000 -0.0000 -0.0000 -0.0000 -0.0000 -0.0000 -0.0001 -0.0035 -0.0080  0.0277 -0.0119  0.0243  0.0194  0.0008 -0.0286  0.0150 -0.0660  0.0693 -0.0082 -0.1395  0.1935  0.8481 -0.0365  0.0790 -0.1752 -0.0306 -0.3660  0.1025 -0.2179  0.6258  0.0495 -0.2337  0.5665 -0.2023  0.6713  0.1922
 0.4575000E+00 0.1124122E+02 0.3600000E+02 0.1951877E+00 0.4415615E-02 0.1876212E-02 0.5806467E-02
 -0.0000  0.0000  0.0000 -0.0000  0.0000  0.0000 -0.0000 -0.0000  0.0000 -0.0000  0.0000  0.0000 -0.0000  0.0000 -0.0000 -0.0000 -0.0000 -0.0000 -0.0000 -0.0000 -0.0000 -0.0000 -0.0000 -0.0000 -0.0000 -0.0000 -0.0000 -0.0000 -0.0000 -0.0000 -0.0000 -0.0000 -0.0000 -0.0000 -0.0000 -0.0000 -0.0000 -0.0000 -0.0000 -0.0000 -0.0000 -0.0000 -0.0000 -0.0000 -0.0000 -0.0000 -0.0000 -0.0000 -0.0000 -0.0000 -0.0000 -0.0000 -0.0000 -0.0000  0.0000 -0.0000 -0.0000 -0.0000  0.0000 -0.0000  0.0000 -0.0000 -0.0000  0.0000 -0.0000 -0.0000 -0.0000 -0.0000 -0.0000 -0.0020 -0.0044 -0.0148  0.0323 -0.0175  0.0475  0.0233 -0.0052 -0.0303  0.0178 -0.0789  0.0663 -0.0498 -0.0791  0.2716  1.2722 -0.0968  0.1237 -0.2680  0.1025 -0.2011 -0.0393 -0.4456  0.2909  0.0937 -0.2140  0.7169 -0.0457  0.2780 -0.1023
 0.6095000E+00 0.8437830E+01 0.3600000E+02 0.9770937E-01 0.2856027E-02 0.1536388E-02 0.3701290E-02
 -0.0000  0.0000  0.0000 -0.0000  0.0000  0.0000 -0.0000 -0.0000  0.0000 -0.0000  0.0000  0.0000 -0.0000  0.0000 -0.0000 -0.0000 -0.0000 -0.0000 -0.0000 -0.0000 -0.0000 -0.0000 -0.0000 -0.0000 -0.0000 -0.0000 -0.0000 -0.0000 -0.0000 -0.0000 -0.0000 -0.0000 -0.0000 -0.0000 -0.0000 -0.0000 -0.0000 -0.0000 -0.0000 -0.0000 -0.0000 -0.0000 -0.0000 -0.0000 -0.0000 -0.0000 -0.0000 -0.0000 -0.0000 -0.0000 -0.0000 -0.0000 -0.0000 -0.0000  0.0000 -0.0000 -0.0000 -0.0000  0.0000 -0.0000  0.0000 -0.0000 -0.0000  0.0000 -0.0000 -0.0000 -0.0000 -0.0000 -0.0000 -0.0020 -0.0053 -0.0214  0.0412 -0.0397  0.0605  0.0339 -0.0011 -0.0503  0.0204 -0.1139  0.1239 -0.0752  0.1036  0.3459  1.6600  0.0111  0.0035 -0.2889  0.0391 -0.1139 -0.2322 -0.1053  0.2106 -0.0498 -0.0500 -0.0205  0.3143 -0.2092  0.2151
 0.8065000E+00 0.6376760E+01 0.3600000E+02 0.4861932E-01 0.1777738E-02 0.9017058E-03 0.2276551E-02
 -0.0000  0.0000  0.0000 -0.0000  0.0000  0.0000 -0.0000 -0.0000  0.0000 -0.0000  0.0000  0.0000 -0.0000  0.0000 -0.0000 -0.0000 -0.0000 -0.0000 -0.0000 -0.0000 -0.0000 -0.0000 -0.0000 -0.0000 -0.0000 -0.0000 -0.0000 -0.0000 -0.0000 -0.0000 -0.0000 -0.0000 -0.0000 -0.0000 -0.0000 -0.0000 -0.0000 -0.0000 -0.0000 -0.0000 -0.0000 -0.0000 -0.0000 -0.0000 -0.0000 -0.0000 -0.0000 -0.0000 -0.0000 -0.0000 -0.0000 -0.0000 -0.0000 -0.0000  0.0000 -0.0000 -0.0000 -0.0000  0.0000 -0.0000  0.0000 -0.0000 -0.0000  0.0000 -0.0000 -0.0000 -0.0000 -0.0000 -0.0000 -0.0022 -0.0058 -0.0182  0.0501 -0.0481  0.0724  0.0343  0.0149 -0.0508  0.0164 -0.1071  0.1431 -0.1220  0.3604  0.3690  1.7073 -0.1256  0.1562 -0.3643  0.1925 -0.1193 -0.2242 -0.6844  0.4803 -0.0815 -0.1120  0.8808 -0.2106  0.1655 -0.1815
 0.1035500E+01 0.4966545E+01 0.3600000E+02 0.2495972E-01 0.1212486E-02 0.5557936E-03 0.1443063E-02
 -0.0000  0.0000 -0.0000 -0.0000  0.0000  0.0000 -0.0000 -0.0000 -0.0000 -0.0000 -0.0000  0.0000 -0.0000  0.0000 -0.0000 -0.0000 -0.0000 -0.0000 -0.0000 -0.0000 -0.0000 -0.0000 -0.0000 -0.0000 -0.0000 -0.0000 -0.0000 -0.0000 -0.0000 -0.0000 -0.0000 -0.0000 -0.0000 -0.0000 -0.0000 -0.0000 -0.0000 -0.0000 -0.0000 -0.0000 -0.0000 -0.0000 -0.0000 -0.0000 -0.0000 -0.0000 -0.0000 -0.0000 -0.0000 -0.0000 -0.0000 -0.0000 -0.0000 -0.0000  0.0000 -0.0000 -0.0000 -0.0000  0.0000 -0.0000  0.0000  0.0000 -0.0000  0.0000 -0.0000 -0.0000 -0.0000 -0.0000 -0.0000 -0.0011 -0.0062 -0.0110  0.0508 -0.0372  0.0667  0.0132  0.0211 -0.0538  0.0191 -0.1052  0.0684 -0.1600  0.3346  0.3682  1.5209 -0.0141  0.2576 -0.3717  0.1491 -0.0704 -0.1947  0.1608  0.9324  0.5624  0.0361  0.5938  0.3719 -0.4117 -0.3356
 0.1324500E+01 0.3882867E+01 0.3600000E+02 0.1081730E-01 0.6764994E-03 0.3841540E-03 0.8594801E-03
 -0.0000  0.0000 -0.0000 -0.0000  0.0000  0.0000 -0.0000 -0.0000 -0.0000 -0.0000 -0.0000  0.0000 -0.0000  0.0000 -0.0000 -0.0000 -0.0000 -0.0000 -0.0000 -0.0000 -0.0000 -0.0000 -0.0000 -0.0000 -0.0000 -0.0000 -0.0000 -0.0000 -0.0000 -0.0000 -0.0000 -0.0000 -0.0000 -0.0000 -0.0000 -0.0000 -0.0000 -0.0000 -0.0000 -0.0000 -0.0000 -0.0000 -0.0000 -0.0000 -0.0000 -0.0000 -0.0000 -0.0000 -0.0000 -0.0000 -0.0000 -0.0000 -0.0000 -0.0000  0.0000 -0.0000 -0.0000 -0.0000  0.0000 -0.0000  0.0000  0.0000 -0.0000  0.0000 -0.0000 -0.0000 -0.0000 -0.0000 -0.0000 -0.0009 -0.0093 -0.0243  0.0755 -0.0607  0.0887  0.0507 -0.0041 -0.0976  0.0224 -0.1490  0.1917 -0.0808  0.3014  0.3352  1.8211  0.0212  0.1200 -0.1248 -0.4985 -0.5481 -0.0182 -0.6184 -1.0140 -0.7295 -0.2422  0.0019  0.4715  0.1288 -2.2297
 0.1721500E+01 0.2987428E+01 0.3600000E+02 0.5791663E-02 0.4043594E-03 0.2032638E-03 0.4751048E-03
 -0.0000  0.0000 -0.0000 -0.0000  0.0000  0.0000 -0.0000 -0.0000 -0.0000 -0.0000 -0.0000  0.0000 -0.0000  0.0000 -0.0000 -0.0000 -0.0000 -0.0000 -0.0000 -0.0000 -0.0000 -0.0000 -0.0000 -0.0000 -0.0000 -0.0000 -0.0000 -0.0000 -0.0000 -0.0000 -0.0000 -0.0000 -0.0000 -0.0000 -0.0000 -0.0000 -0.0000 -0.0000 -0.0000 -0.0000 -0.0000 -0.0000 -0.0000 -0.0000 -0.0000 -0.0000 -0.0000 -0.0000 -0.0000 -0.0000 -0.0000 -0.0000 -0.0000 -0.0000  0.0000 -0.0000 -0.0000 -0.0000  0.0000 -0.0000  0.0000  0.0000 -0.0000  0.0000 -0.0000 -0.0000 -0.0000 -0.0000 -0.0000  0.0008 -0.0093 -0.0172  0.0880 -0.0431  0.0708  0.0355  0.0059 -0.0840  0.0166 -0.1193  0.1733 -0.1066  0.3180  0.3575  1.5660  0.3883  0.1356  0.0450 -0.4186 -0.8613  0.2632  0.1694 -0.5243 -0.8542  0.4636 -0.8310  0.0930  0.4783  0.3703
 0.2234500E+01 0.2301570E+01 0.3600000E+02 0.3737165E-02 0.2993917E-03 0.1445445E-03 0.3583927E-03
 -0.0000  0.0000 -0.0000 -0.0000  0.0000  0.0000 -0.0000 -0.0000 -0.0000 -0.0000 -0.0000  0.0000 -0.0000  0.0000 -0.0000 -0.0000 -0.0000 -0.0000 -0.0000 -0.0000 -0.0000 -0.0000 -0.0000 -0.0000 -0.0000 -0.0000 -0.0000 -0.0000 -0.0000 -0.0000 -0.0000 -0.0000 -0.0000 -0.0000 -0.0000 -0.0000 -0.0000 -0.0000 -0.0000 -0.0000 -0.0000 -0.0000 -0.0000 -0.0000 -0.0000 -0.0000 -0.0000 -0.0000 -0.0000 -0.0000 -0.0000 -0.0000 -0.0000 -0.0000  0.0000 -0.0000 -0.0000 -0.0000  0.0000 -0.0000  0.0000  0.0000 -0.0000  0.0000 -0.0000 -0.0000 -0.0000 -0.0000 -0.0000  0.0039 -0.0095 -0.0229  0.1063 -0.0724  0.0539  0.0056  0.0376 -0.0828  0.0193 -0.1112  0.1556 -0.1543  0.5129  0.1853  1.5494  0.3154 -0.0848  0.0449 -0.8431 -1.6534  0.9642  0.3019 -0.2657 -0.1346 -0.0568  1.6782 -0.0804  1.3728  0.8173
 0.2899500E+01 0.1773705E+01 0.3600000E+02 0.1383854E-02 0.1711909E-03 0.8047029E-04 0.1975783E-03
 -0.0000  0.0000 -0.0000 -0.0000  0.0000  0.0000 -0.0000 -0.0000 -0.0000 -0.0000 -0.0000  0.0000 -0.0000  0.0000 -0.0000 -0.0000 -0.0000 -0.0000 -0.0000 -0.0000 -0.0000 -0.0000 -0.0000 -0.0000 -0.0000 -0.0000 -0.0000 -0.0000 -0.0000 -0.0000 -0.0000 -0.0000 -0.0000 -0.0000 -0.0000 -0.0000 -0.0000 -0.0000 -0.0000 -0.0000 -0.0000 -0.0000 -0.0000 -0.0000 -0.0000 -0.0000 -0.0000 -0.0000 -0.0000 -0.0000 -0.0000 -0.0000 -0.0000 -0.0000  0.0000 -0.0000 -0.0000 -0.0000  0.0000 -0.0000  0.0000  0.0000 -0.0000  0.0000 -0.0000 -0.0000 -0.0000 -0.0000 -0.0000 -0.0019 -0.0156 -0.0345  0.0919 -0.0696  0.0817 -0.0053 -0.0145 -0.1095  0.0467 -0.1453  0.1264 -0.0989  0.1876  0.4120  1.3758 -0.2149  0.9397 -0.7136 -0.1924 -0.0505 -0.2219  0.0218  2.3208  1.3418  1.8264  0.7351  1.3742  0.5746  0.0983
 0.4138500E+01 0.1242686E+01 0.3600000E+02 0.5589177E-03 0.6734613E-04 0.3822205E-04 0.8229870E-04
 -0.0000  0.0000 -0.0000 -0.0000  0.0000  0.0000 -0.0000 -0.0000 -0.0000 -0.0000 -0.0000  0.0000 -0.0000  0.0000 -0.0000 -0.0000 -0.0000 -0.0000 -0.0000 -0.0000 -0.0000 -0.0000 -0.0000 -0.0000 -0.0000 -0.0000 -0.0000 -0.0000 -0.0000 -0.0000 -0.0000 -0.0000 -0.0000 -0.0000 -0.0000 -0.0000 -0.0000 -0.0000 -0.0000 -0.0000 -0.0000 -0.0000 -0.0000 -0.0000 -0.0000 -0.0000 -0.0000 -0.0000 -0.0000 -0.0000 -0.0000 -0.0000 -0.0000 -0.0000  0.0000 -0.0000 -0.0000 -0.0000  0.0000 -0.0000  0.0000  0.0000 -0.0000  0.0000 -0.0000 -0.0000 -0.0000 -0.0000 -0.0000 -0.0026 -0.0127 -0.0211  0.0812 -0.0943  0.0624  0.0207  0.0161 -0.0960  0.0321 -0.1662  0.1134 -0.2379  0.5479  0.3964  1.6870 -0.3472  0.2706 -0.2973 -0.6142 -0.2739 -0.1204 -2.5090  0.3604  1.1133 -1.3574  2.7607  0.8405  1.6869 -0.0312
 0.7500000E+01 0.6857143E+00 0.3600000E+02 0.1867332E-03 0.2359736E-04 0.1149074E-04 0.2683069E-04
 -0.0000  0.0000 -0.0000 -0.0000  0.0000  0.0000 -0.0000 -0.0000 -0.0000 -0.0000 -0.0000  0.0000 -0.0000  0.0000 -0.0000 -0.0000 -0.0000 -0.0000 -0.0000 -0.0000 -0.0000 -0.0000 -0.0000 -0.0000 -0.0000 -0.0000 -0.0000 -0.0000 -0.0000 -0.0000 -0.0000 -0.0000 -0.0000 -0.0000 -0.0000 -0.0000 -0.0000 -0.0000 -0.0000 -0.0000 -0.0000 -0.0000 -0.0000 -0.0000 -0.0000 -0.0000 -0.0000 -0.0000 -0.0000 -0.0000 -0.0000 -0.0000 -0.0000 -0.0000  0.0000 -0.0000 -0.0000 -0.0000  0.0000 -0.0000  0.0000 -0.0000 -0.0000  0.0000 -0.0000 -0.0000 -0.0000 -0.0000 -0.0000 -0.0051 -0.0131 -0.0317  0.0491 -0.1120  0.0719  0.0427  0.0141 -0.1208  0.0234 -0.1934  0.2469 -0.1036  0.3626  0.2619  1.6427 -0.2434  0.1368 -0.1715 -0.0748 -0.1823 -0.2455 -1.1982 -0.3475  0.1249 -0.1264 -0.1131 -1.6339 -0.9682  0.6587
