1.397668000000000001e-02 6.158841000000000454e-01 2.219999999999999929e+01 2.720968727268396337e-01 2.373616409824202619e-02 6.138041903520000467e-03
1.897280000000000147e-02 3.306450000000000222e-01 6.781075000000000408e+00 1.423387166332533982e-01 1.325427427474302686e-02 8.212684670160001754e-03
1.913855999999999891e-02 5.752106999999999637e-01 2.529493000000000080e+01 1.768951382486260437e-01 1.315379938630299728e-02 5.884859641960000012e-03
2.604957999999999926e-02 2.686145999999999812e-01 6.830246999999999957e+00 8.760494716603510479e-02 8.086887965903059861e-03 4.667073530505000054e-03
2.625424999999999981e-02 5.342675999999999537e-01 2.873238999999999876e+01 1.142200450781982179e-01 6.912337133918642837e-03 5.458462901960000474e-03
3.579340000000000299e-02 2.206291999999999975e-01 6.887679999999999580e+00 5.700609923257478340e-02 4.942035972078455928e-03 1.562021735999999904e-03
3.602924999999999878e-02 4.844200000000000172e-01 3.229361999999999711e+01 8.051094215959102296e-02 3.745595097326156250e-03 3.443694547908000402e-03
4.899706000000000200e-02 1.745787000000000033e-01 6.922527999999999793e+00 2.987090396216967453e-02 3.023936287667266815e-03 1.460539520040000114e-04
4.930608000000000213e-02 4.311795999999999962e-01 3.557856000000000307e+01 3.645136907523108954e-02 2.060519774648416833e-03 1.717557243160000146e-03
6.734133999999999953e-02 3.729216000000000197e-01 3.860175999999999874e+01 2.265333979948050067e-02 1.147129768587694561e-03 8.240279839999999339e-04
9.205845000000000000e-02 3.128952999999999873e-01 4.105418000000000234e+01 1.343564644021442815e-02 6.332923681704622507e-04 3.207480806619999601e-04
9.301434000000000091e-02 5.788237999999999994e-01 1.795105000000000075e+02 1.134057932077995809e-02 1.070168552189496415e-03 3.687256007500000162e-04
1.262370999999999910e-01 2.536954000000000153e-01 4.280028999999999684e+01 5.743182023506545990e-03 3.433806825614148955e-04 9.873184161059999123e-05
1.272888000000000075e-01 5.195564000000000293e-01 2.001584000000000003e+02 6.397758534733203814e-03 4.730982767511219406e-04 3.340637101492000276e-04
1.738144000000000078e-01 1.991874999999999896e-01 4.413161000000000200e+01 2.600464546824741117e-03 1.843181023983390954e-04 7.233142596019999653e-05
1.749152999999999958e-01 4.502021999999999968e-01 2.222192000000000007e+02 2.273996877831260290e-03 2.106744259847763662e-04 1.727925893519999907e-04
2.390308999999999906e-01 1.516139999999999988e-01 4.442159999999999798e+01 1.066164254606563567e-03 9.756121036638717536e-05 1.265127416310000042e-04
2.398957999999999924e-01 3.841574999999999851e-01 2.466003000000000043e+02 7.395391768305877109e-04 9.448063808877294443e-05 2.683649794424999987e-05
3.275151000000000034e-01 1.133997999999999950e-01 4.383982000000000312e+01 4.581256314832921799e-04 5.299226471893727172e-05 7.087858002990001362e-05
