*  Total number of systematic sources *
   99
   20 99 99     1     0.000   1  2  3  4  5  6  7  8  9 10 11 12 13 14 15 16 17 18 19 20 21 22 23 24 25 26 27 28 29 30 31 32 33 34 35 36 37 38 39 40 41 42 43 44 45 46 47 48 49 50 51 52 53 54 55 56 57 58 59 60 61 62 63 64 65 66 67 68 69 70 71 72 73 74 75 76 77 78 79 80 81 82 83 84 85 86 87 88 89 90 91 92 93 94 95 96 97 98 99
 0.1000000E+01 0.2857143E+01 0.2000000E+02 0.2710784E-01 0.9724253E-04 0.4674447E-04 0.1979340E-03
  0.1544 -0.0020  0.0023 -0.0317 -0.0280  0.0605 -0.0074  0.0354  0.0018 -0.0221  0.0020  0.0084  0.0070 -0.0070  0.0016  0.0000 -0.0000 -0.0000 -0.0000 -0.0000  0.0000 -0.0000  0.0000 -0.0000  0.0000  0.0000 -0.0000 -0.0000 -0.0000  0.0000 -0.0000 -0.0000 -0.0000 -0.0000 -0.0000 -0.0000 -0.0000 -0.0000 -0.0000 -0.0000 -0.0000 -0.0000 -0.0000 -0.0000 -0.0000 -0.0000 -0.0000 -0.0000 -0.0000 -0.0000 -0.0000 -0.0000 -0.0000 -0.0000  0.0000  0.0000 -0.0000 -0.0000 -0.0000 -0.0000  0.0000 -0.0000  0.0000 -0.0000 -0.0000 -0.0060  0.0024 -0.0017 -0.0114  0.0265 -0.0057  0.0044 -0.0187 -0.0144 -0.0463 -0.0042  0.0263  0.0223  0.1300  0.0861  0.0128 -0.1299  0.0009  0.1076  0.1235  0.0110  0.1283 -0.0488 -0.1064 -0.1612 -0.0111 -0.0158 -0.0670 -0.1093  0.2619 -0.2457  0.2365 -0.0460 -0.1018
 0.3000000E+01 0.9523810E+00 0.2000000E+02 0.5609711E-01 0.1363387E-03 0.7398471E-04 0.2130540E-03
 -0.0215  0.0092 -0.0041 -0.0083  0.0086  0.0021 -0.0113 -0.0030  0.0042  0.0051  0.0060 -0.0099  0.0017 -0.0003 -0.0009  0.0000 -0.0000  0.0000  0.0000 -0.0000 -0.0000 -0.0000  0.0000  0.0000 -0.0000  0.0000 -0.0000  0.0000 -0.0000  0.0000 -0.0000 -0.0000 -0.0000 -0.0000 -0.0000 -0.0000 -0.0000 -0.0000 -0.0000 -0.0000 -0.0000 -0.0000 -0.0000 -0.0000 -0.0000 -0.0000 -0.0000 -0.0000 -0.0000 -0.0000 -0.0000 -0.0000 -0.0000 -0.0000  0.0000 -0.0000  0.0000  0.0000  0.0000 -0.0000 -0.0000 -0.0000  0.0000  0.0000 -0.0000 -0.0021  0.0024 -0.0023 -0.0141  0.0011 -0.0028  0.0031  0.0132 -0.0009 -0.0032 -0.0068  0.0288  0.0200  0.0319 -0.0112  0.0040 -0.0046  0.0211 -0.0559  0.0450 -0.0165 -0.0100  0.0089 -0.0410  0.0774 -0.0556 -0.0056 -0.0776 -0.0406  0.1346 -0.0339  0.1077 -0.0384 -0.0838
 0.5000000E+01 0.5714286E+00 0.2000000E+02 0.5689422E-01 0.1387836E-03 0.5944453E-04 0.2241392E-03
 -0.0204  0.0056 -0.0068  0.0141  0.0071 -0.0199  0.0099 -0.0050  0.0045  0.0034  0.0007 -0.0064  0.0005  0.0021 -0.0003  0.0000 -0.0000  0.0000  0.0000  0.0000 -0.0000  0.0000  0.0000  0.0000 -0.0000  0.0000 -0.0000  0.0000  0.0000 -0.0000 -0.0000 -0.0000 -0.0000 -0.0000 -0.0000 -0.0000 -0.0000 -0.0000 -0.0000 -0.0000 -0.0000 -0.0000 -0.0000 -0.0000 -0.0000 -0.0000 -0.0000 -0.0000 -0.0000 -0.0000 -0.0000 -0.0000 -0.0000 -0.0000  0.0000 -0.0000 -0.0000  0.0000 -0.0000  0.0000 -0.0000 -0.0000 -0.0000 -0.0000  0.0000 -0.0002  0.0013 -0.0036 -0.0017 -0.0031 -0.0041 -0.0023 -0.0057  0.0034  0.0047 -0.0166  0.0084  0.0066  0.0048 -0.0614 -0.0004  0.0317 -0.0022 -0.0589 -0.0141 -0.0129 -0.0307 -0.0268  0.0497  0.0353 -0.0364 -0.0294  0.0189  0.1007  0.0081  0.2206 -0.0176 -0.0428 -0.0733
 0.7000000E+01 0.4081633E+00 0.2000000E+02 0.4905128E-01 0.1273769E-03 0.5505054E-04 0.1958010E-03
 -0.0045  0.0334 -0.0162  0.0088  0.0208 -0.0078  0.0011  0.0016  0.0065  0.0001 -0.0005 -0.0036  0.0010 -0.0003 -0.0009  0.0000  0.0000  0.0000  0.0000  0.0000 -0.0000 -0.0000  0.0000  0.0000 -0.0000 -0.0000 -0.0000  0.0000  0.0000  0.0000 -0.0000 -0.0000 -0.0000 -0.0000 -0.0000 -0.0000 -0.0000 -0.0000 -0.0000 -0.0000 -0.0000 -0.0000 -0.0000 -0.0000 -0.0000 -0.0000 -0.0000 -0.0000 -0.0000 -0.0000 -0.0000 -0.0000 -0.0000 -0.0000 -0.0000 -0.0000  0.0000  0.0000  0.0000 -0.0000 -0.0000 -0.0000  0.0000  0.0000  0.0000 -0.0007  0.0019  0.0008 -0.0063 -0.0021 -0.0023 -0.0055 -0.0083  0.0029  0.0015  0.0034 -0.0043  0.0066 -0.0277 -0.0400 -0.0217  0.0260 -0.0046 -0.0477  0.0101  0.0014 -0.0192 -0.0013 -0.0168 -0.0053  0.0404 -0.0531  0.0825  0.1480  0.0356  0.1558  0.0323 -0.0703 -0.0758
 0.9000000E+01 0.3174603E+00 0.2000000E+02 0.4094486E-01 0.1207922E-03 0.5865897E-04 0.2103353E-03
 -0.0061  0.0430  0.0011 -0.0075  0.0330  0.0007 -0.0025  0.0062  0.0096 -0.0061  0.0014 -0.0046  0.0004 -0.0040  0.0001  0.0000 -0.0000 -0.0000 -0.0000 -0.0000  0.0000 -0.0000  0.0000 -0.0000  0.0000  0.0000 -0.0000 -0.0000 -0.0000  0.0000 -0.0000 -0.0000 -0.0000 -0.0000 -0.0000 -0.0000 -0.0000 -0.0000 -0.0000 -0.0000 -0.0000 -0.0000 -0.0000 -0.0000 -0.0000 -0.0000 -0.0000 -0.0000 -0.0000 -0.0000 -0.0000 -0.0000 -0.0000 -0.0000  0.0000  0.0000 -0.0000 -0.0000 -0.0000 -0.0000  0.0000 -0.0000  0.0000 -0.0000 -0.0000 -0.0019  0.0012  0.0038 -0.0087 -0.0002 -0.0022  0.0015  0.0001 -0.0022  0.0055  0.0153 -0.0124  0.0085 -0.0404 -0.0214 -0.0181  0.0243 -0.0174 -0.0297  0.0074 -0.0038  0.0081 -0.0260 -0.0034 -0.0092  0.0354 -0.0565  0.1479  0.2136  0.0590  0.0069  0.2280 -0.1125 -0.0853
 0.1150000E+02 0.2484472E+00 0.2000000E+02 0.3243227E-01 0.8196026E-04 0.3526732E-04 0.1267891E-03
 -0.0179  0.0470 -0.0124 -0.0018  0.0189 -0.0110 -0.0008 -0.0062  0.0038  0.0015  0.0010 -0.0059  0.0007 -0.0013 -0.0004  0.0000  0.0000 -0.0000  0.0000  0.0000 -0.0000 -0.0000 -0.0000 -0.0000 -0.0000 -0.0000 -0.0000  0.0000 -0.0000  0.0000 -0.0000 -0.0000 -0.0000 -0.0000 -0.0000 -0.0000 -0.0000 -0.0000 -0.0000 -0.0000 -0.0000 -0.0000 -0.0000 -0.0000 -0.0000 -0.0000 -0.0000 -0.0000 -0.0000 -0.0000 -0.0000 -0.0000 -0.0000 -0.0000 -0.0000  0.0000  0.0000 -0.0000  0.0000 -0.0000 -0.0000  0.0000  0.0000  0.0000  0.0000 -0.0002  0.0011  0.0018 -0.0037 -0.0059 -0.0025  0.0022 -0.0004  0.0085  0.0101 -0.0089 -0.0110  0.0076 -0.0402 -0.0402 -0.0095  0.0395 -0.0121 -0.0449  0.0052 -0.0065 -0.0238  0.0027 -0.0384  0.0095  0.0413 -0.0352  0.0648  0.1313  0.0957  0.0715  0.1096 -0.0879 -0.0758
 0.1450000E+02 0.1970443E+00 0.2000000E+02 0.2518435E-01 0.7232777E-04 0.2727986E-04 0.9337810E-04
 -0.0174  0.0237 -0.0104  0.0032  0.0106 -0.0122  0.0042 -0.0025  0.0053  0.0035 -0.0021 -0.0011  0.0014  0.0002 -0.0003  0.0000  0.0000  0.0000 -0.0000  0.0000 -0.0000  0.0000 -0.0000  0.0000 -0.0000 -0.0000 -0.0000  0.0000  0.0000  0.0000 -0.0000 -0.0000 -0.0000 -0.0000 -0.0000 -0.0000 -0.0000 -0.0000 -0.0000 -0.0000 -0.0000 -0.0000 -0.0000 -0.0000 -0.0000 -0.0000 -0.0000 -0.0000 -0.0000 -0.0000 -0.0000 -0.0000 -0.0000 -0.0000 -0.0000 -0.0000  0.0000 -0.0000  0.0000 -0.0000 -0.0000  0.0000  0.0000  0.0000  0.0000  0.0005 -0.0007 -0.0000 -0.0016 -0.0052  0.0015  0.0041 -0.0083  0.0029  0.0113 -0.0045 -0.0115 -0.0022 -0.0348 -0.0279 -0.0117  0.0366 -0.0096 -0.0284 -0.0182  0.0040 -0.0237 -0.0333  0.0090  0.0062  0.0257 -0.0300  0.0675  0.1311  0.0208  0.0830  0.0171 -0.0520 -0.0377
 0.1800000E+02 0.1587302E+00 0.2000000E+02 0.1887864E-01 0.5082043E-04 0.2112434E-04 0.5990230E-04
 -0.0190  0.0237  0.0014 -0.0004  0.0077 -0.0045  0.0012 -0.0035 -0.0004 -0.0010 -0.0001 -0.0021  0.0009  0.0001  0.0005 -0.0000  0.0000  0.0000 -0.0000 -0.0000  0.0000  0.0000 -0.0000 -0.0000 -0.0000 -0.0000  0.0000 -0.0000  0.0000  0.0000 -0.0000 -0.0000 -0.0000 -0.0000 -0.0000 -0.0000 -0.0000 -0.0000 -0.0000 -0.0000 -0.0000 -0.0000 -0.0000 -0.0000 -0.0000 -0.0000 -0.0000 -0.0000 -0.0000 -0.0000 -0.0000 -0.0000 -0.0000 -0.0000 -0.0000  0.0000  0.0000 -0.0000  0.0000  0.0000 -0.0000  0.0000  0.0000  0.0000  0.0000  0.0022 -0.0010  0.0039 -0.0014 -0.0066 -0.0005  0.0057  0.0007  0.0055  0.0108 -0.0037 -0.0147  0.0004 -0.0390 -0.0128 -0.0041  0.0364 -0.0045 -0.0087 -0.0137  0.0020 -0.0201  0.0138 -0.0066 -0.0142  0.0287 -0.0188  0.0483  0.0633  0.0112  0.0302  0.0299 -0.0201 -0.0140
 0.2250000E+02 0.1269841E+00 0.2000000E+02 0.1354907E-01 0.3715596E-04 0.1547774E-04 0.4372680E-04
 -0.0203  0.0269 -0.0097 -0.0006  0.0011 -0.0114  0.0058 -0.0042 -0.0011  0.0022 -0.0030 -0.0000  0.0017  0.0006  0.0010 -0.0000  0.0000 -0.0000 -0.0000 -0.0000  0.0000 -0.0000 -0.0000 -0.0000 -0.0000 -0.0000  0.0000 -0.0000  0.0000 -0.0000 -0.0000 -0.0000 -0.0000 -0.0000 -0.0000 -0.0000 -0.0000 -0.0000 -0.0000 -0.0000 -0.0000 -0.0000 -0.0000 -0.0000 -0.0000 -0.0000 -0.0000 -0.0000 -0.0000 -0.0000 -0.0000 -0.0000 -0.0000 -0.0000 -0.0000  0.0000  0.0000 -0.0000  0.0000  0.0000 -0.0000  0.0000  0.0000  0.0000  0.0000  0.0031 -0.0019  0.0016  0.0003 -0.0084 -0.0004  0.0079 -0.0050  0.0073  0.0138 -0.0121 -0.0096 -0.0015 -0.0482 -0.0148  0.0002  0.0384 -0.0082 -0.0113 -0.0364 -0.0026 -0.0197 -0.0069 -0.0076 -0.0146  0.0265 -0.0206  0.0165  0.0591  0.0199  0.0317  0.0077 -0.0264 -0.0227
 0.2750000E+02 0.1038961E+00 0.2000000E+02 0.9690899E-02 0.3090931E-04 0.1237373E-04 0.3711885E-04
 -0.0250  0.0341 -0.0143 -0.0070  0.0007 -0.0124  0.0034 -0.0060  0.0064  0.0062 -0.0015  0.0027  0.0012  0.0013  0.0015 -0.0000 -0.0000 -0.0000 -0.0000 -0.0000  0.0000 -0.0000 -0.0000 -0.0000  0.0000 -0.0000  0.0000 -0.0000  0.0000 -0.0000 -0.0000 -0.0000 -0.0000 -0.0000 -0.0000 -0.0000 -0.0000 -0.0000 -0.0000 -0.0000 -0.0000 -0.0000 -0.0000 -0.0000 -0.0000 -0.0000 -0.0000 -0.0000 -0.0000 -0.0000 -0.0000 -0.0000 -0.0000 -0.0000 -0.0000  0.0000 -0.0000 -0.0000 -0.0000  0.0000  0.0000  0.0000  0.0000  0.0000 -0.0000  0.0026 -0.0021  0.0026 -0.0021 -0.0098  0.0055  0.0111 -0.0094  0.0015  0.0157 -0.0157 -0.0012  0.0010 -0.0532 -0.0109 -0.0019  0.0480 -0.0104 -0.0006 -0.0393 -0.0047 -0.0360 -0.0145  0.0108 -0.0090  0.0281 -0.0064  0.0559  0.0687  0.0156  0.0666 -0.0021 -0.0397 -0.0438
 0.3350000E+02 0.8528785E-01 0.2000000E+02 0.6774858E-02 0.2025738E-04 0.7022566E-05 0.2489911E-04
 -0.0241  0.0427 -0.0240  0.0018 -0.0116 -0.0119  0.0073 -0.0104 -0.0028  0.0038 -0.0003  0.0026  0.0012  0.0032  0.0027 -0.0000 -0.0000 -0.0000 -0.0000 -0.0000  0.0000  0.0000 -0.0000  0.0000  0.0000  0.0000  0.0000 -0.0000  0.0000 -0.0000 -0.0000 -0.0000 -0.0000 -0.0000 -0.0000 -0.0000 -0.0000 -0.0000 -0.0000 -0.0000 -0.0000 -0.0000 -0.0000 -0.0000 -0.0000 -0.0000 -0.0000 -0.0000 -0.0000 -0.0000 -0.0000 -0.0000 -0.0000 -0.0000  0.0000  0.0000 -0.0000 -0.0000 -0.0000  0.0000  0.0000 -0.0000 -0.0000 -0.0000 -0.0000  0.0050 -0.0014  0.0060 -0.0021 -0.0120 -0.0016  0.0037 -0.0092  0.0125  0.0136 -0.0260  0.0071 -0.0004 -0.0714 -0.0076 -0.0112  0.0584 -0.0063 -0.0014 -0.0499 -0.0278 -0.0440 -0.0101 -0.0127 -0.0145  0.0621 -0.0214  0.0098  0.0597  0.0006  0.0476 -0.0114 -0.0380 -0.0621
 0.4100000E+02 0.6968641E-01 0.2000000E+02 0.4542808E-02 0.1586708E-04 0.5671793E-05 0.1986051E-04
 -0.0160  0.0392 -0.0203 -0.0153 -0.0244 -0.0168  0.0006 -0.0314 -0.0046  0.0124  0.0065  0.0061 -0.0003  0.0037  0.0045 -0.0000 -0.0000 -0.0000 -0.0000 -0.0000  0.0000 -0.0000 -0.0000 -0.0000  0.0000  0.0000  0.0000 -0.0000  0.0000 -0.0000 -0.0000 -0.0000 -0.0000 -0.0000 -0.0000 -0.0000 -0.0000 -0.0000 -0.0000 -0.0000 -0.0000 -0.0000 -0.0000 -0.0000 -0.0000 -0.0000 -0.0000 -0.0000 -0.0000 -0.0000 -0.0000 -0.0000 -0.0000 -0.0000  0.0000  0.0000 -0.0000 -0.0000 -0.0000  0.0000  0.0000 -0.0000 -0.0000 -0.0000 -0.0000  0.0062 -0.0038  0.0067  0.0063 -0.0157  0.0060  0.0078 -0.0043  0.0160  0.0189 -0.0424  0.0146  0.0044 -0.0845  0.0261  0.0160  0.0500 -0.0009  0.0262 -0.0634 -0.0481 -0.0492 -0.0396 -0.0372 -0.0529  0.0282  0.0408 -0.0152  0.0593 -0.0190  0.0489  0.0658 -0.0765 -0.0302
 0.5000000E+02 0.5714286E-01 0.2000000E+02 0.2939471E-02 0.1116627E-04 0.4675661E-05 0.1479873E-04
 -0.0242  0.0520 -0.0492 -0.0103 -0.0295 -0.0205  0.0131 -0.0163 -0.0013  0.0145 -0.0006  0.0109  0.0013  0.0052  0.0043 -0.0000 -0.0000 -0.0000 -0.0000 -0.0000  0.0000 -0.0000 -0.0000 -0.0000  0.0000  0.0000  0.0000 -0.0000  0.0000 -0.0000 -0.0000 -0.0000 -0.0000 -0.0000 -0.0000 -0.0000 -0.0000 -0.0000 -0.0000 -0.0000 -0.0000 -0.0000 -0.0000 -0.0000 -0.0000 -0.0000 -0.0000 -0.0000 -0.0000 -0.0000 -0.0000 -0.0000 -0.0000 -0.0000  0.0000  0.0000 -0.0000 -0.0000 -0.0000  0.0000  0.0000 -0.0000 -0.0000 -0.0000 -0.0000  0.0062 -0.0038  0.0031  0.0037 -0.0108  0.0044  0.0085 -0.0239  0.0112  0.0122 -0.0413  0.0387 -0.0165 -0.1072  0.0319 -0.0076  0.0707 -0.0166  0.0047 -0.0831 -0.0572 -0.0713 -0.0390  0.0348 -0.0515  0.0531  0.0141  0.0188  0.0618 -0.0270  0.0414  0.0498 -0.0925 -0.1102
 0.6000000E+02 0.4761905E-01 0.2000000E+02 0.1906787E-02 0.9167687E-05 0.3736601E-05 0.1265230E-04
 -0.0288  0.0826 -0.0179 -0.0352 -0.0250 -0.0066  0.0115 -0.0231 -0.0103  0.0137  0.0086  0.0065  0.0005  0.0043  0.0049 -0.0000 -0.0000 -0.0000 -0.0000 -0.0000  0.0000 -0.0000 -0.0000 -0.0000  0.0000  0.0000  0.0000 -0.0000  0.0000 -0.0000 -0.0000 -0.0000 -0.0000 -0.0000 -0.0000 -0.0000 -0.0000 -0.0000 -0.0000 -0.0000 -0.0000 -0.0000 -0.0000 -0.0000 -0.0000 -0.0000 -0.0000 -0.0000 -0.0000 -0.0000 -0.0000 -0.0000 -0.0000 -0.0000  0.0000  0.0000 -0.0000 -0.0000 -0.0000  0.0000  0.0000 -0.0000 -0.0000 -0.0000 -0.0000  0.0084 -0.0028  0.0051  0.0067 -0.0108  0.0019  0.0151 -0.0023  0.0182  0.0028 -0.0479  0.0480 -0.0142 -0.1391  0.0331  0.0138  0.0652 -0.0275  0.0368 -0.0598 -0.0509 -0.0845 -0.0307 -0.0408 -0.0561  0.1159  0.0393 -0.0342  0.1141  0.0777  0.0674  0.1673 -0.1585 -0.1233
 0.7000000E+02 0.4081633E-01 0.2000000E+02 0.1248783E-02 0.7585190E-05 0.3074318E-05 0.9665515E-05
 -0.0502  0.0785 -0.0003 -0.0093 -0.0241 -0.0001  0.0278 -0.0229 -0.0140  0.0124  0.0103  0.0119  0.0055  0.0064  0.0086 -0.0000 -0.0000 -0.0000 -0.0000 -0.0000  0.0000 -0.0000 -0.0000 -0.0000  0.0000  0.0000  0.0000 -0.0000  0.0000 -0.0000 -0.0000 -0.0000 -0.0000 -0.0000 -0.0000 -0.0000 -0.0000 -0.0000 -0.0000 -0.0000 -0.0000 -0.0000 -0.0000 -0.0000 -0.0000 -0.0000 -0.0000 -0.0000 -0.0000 -0.0000 -0.0000 -0.0000 -0.0000 -0.0000  0.0000  0.0000 -0.0000 -0.0000 -0.0000  0.0000  0.0000 -0.0000 -0.0000 -0.0000 -0.0000  0.0114 -0.0017  0.0011  0.0059 -0.0049 -0.0005  0.0135 -0.0138  0.0221 -0.0048 -0.0598  0.0584 -0.0407 -0.1484  0.0207  0.0132  0.0741 -0.0331  0.0201 -0.0921 -0.0787 -0.0718 -0.0246 -0.0290 -0.0535  0.1252  0.0205  0.0423  0.1435  0.0329  0.0405  0.1010 -0.1470 -0.1471
 0.8000000E+02 0.3571429E-01 0.2000000E+02 0.8334338E-03 0.6198236E-05 0.2642470E-05 0.7583611E-05
 -0.0308  0.0790 -0.0145 -0.0050 -0.0156  0.0017  0.0100 -0.0297 -0.0196  0.0175  0.0209  0.0102  0.0044  0.0112  0.0082 -0.0000 -0.0000 -0.0000 -0.0000 -0.0000  0.0000 -0.0000 -0.0000  0.0000  0.0000  0.0000  0.0000 -0.0000  0.0000 -0.0000 -0.0000 -0.0000 -0.0000 -0.0000 -0.0000 -0.0000 -0.0000 -0.0000 -0.0000 -0.0000 -0.0000 -0.0000 -0.0000 -0.0000 -0.0000 -0.0000 -0.0000 -0.0000 -0.0000 -0.0000 -0.0000 -0.0000 -0.0000 -0.0000  0.0000  0.0000 -0.0000 -0.0000 -0.0000  0.0000  0.0000 -0.0000 -0.0000 -0.0000 -0.0000  0.0153 -0.0007  0.0084  0.0049 -0.0136 -0.0020  0.0020 -0.0014  0.0263 -0.0248 -0.0656  0.0584 -0.0340 -0.1532  0.0240  0.0222  0.0629 -0.0174  0.0199 -0.0586 -0.0603 -0.0964 -0.0220 -0.0794 -0.0159  0.1655 -0.0033 -0.0294  0.1659  0.0677  0.0544  0.0458 -0.1358 -0.1307
 0.9500000E+02 0.3007519E-01 0.2000000E+02 0.4830474E-03 0.3026339E-05 0.1099588E-05 0.3681254E-05
 -0.0280  0.0516 -0.0044  0.0123 -0.0152 -0.0061  0.0176 -0.0295 -0.0171  0.0127  0.0292  0.0076  0.0076  0.0111  0.0098 -0.0000 -0.0000 -0.0000 -0.0000 -0.0000  0.0000 -0.0000 -0.0000 -0.0000  0.0000  0.0000  0.0000 -0.0000  0.0000 -0.0000 -0.0000 -0.0000 -0.0000 -0.0000 -0.0000 -0.0000 -0.0000 -0.0000 -0.0000 -0.0000 -0.0000 -0.0000 -0.0000 -0.0000 -0.0000 -0.0000 -0.0000 -0.0000 -0.0000 -0.0000 -0.0000 -0.0000 -0.0000 -0.0000  0.0000  0.0000 -0.0000 -0.0000 -0.0000  0.0000  0.0000 -0.0000 -0.0000 -0.0000 -0.0000  0.0160 -0.0006  0.0129  0.0020 -0.0155 -0.0087 -0.0114  0.0110  0.0220 -0.0318 -0.0891  0.0428 -0.0382 -0.1448  0.0202  0.0210  0.0595  0.0096  0.0098 -0.0689 -0.0582 -0.1026 -0.0224 -0.0318 -0.0221  0.1300 -0.0393  0.0466  0.1328  0.0429  0.0346  0.0214 -0.0795 -0.1475
 0.1275000E+03 0.2240896E-01 0.2000000E+02 0.1830962E-03 0.1175577E-05 0.4625633E-06 0.1453293E-05
 -0.0171  0.0594 -0.0049 -0.0057 -0.0012  0.0070  0.0192 -0.0206 -0.0108  0.0200  0.0236  0.0080  0.0086  0.0087  0.0084 -0.0000 -0.0000 -0.0000 -0.0000 -0.0000  0.0000 -0.0000 -0.0000 -0.0000  0.0000  0.0000  0.0000 -0.0000  0.0000 -0.0000 -0.0000 -0.0000 -0.0000 -0.0000 -0.0000 -0.0000 -0.0000 -0.0000 -0.0000 -0.0000 -0.0000 -0.0000 -0.0000 -0.0000 -0.0000 -0.0000 -0.0000 -0.0000 -0.0000 -0.0000 -0.0000 -0.0000 -0.0000 -0.0000  0.0000  0.0000 -0.0000 -0.0000 -0.0000  0.0000  0.0000 -0.0000 -0.0000 -0.0000 -0.0000  0.0122  0.0008  0.0118  0.0028 -0.0117 -0.0112 -0.0174  0.0049  0.0265 -0.0291 -0.0523  0.0352 -0.0824 -0.1407  0.0167  0.0336  0.0227  0.0122 -0.0089 -0.0617 -0.0902 -0.0834 -0.0524 -0.0272 -0.0318  0.1137 -0.0205  0.0956  0.1856  0.0645 -0.0248  0.0696 -0.1301 -0.0765
 0.1750000E+03 0.1632653E-01 0.2000000E+02 0.5180578E-04 0.5998978E-06 0.2173602E-06 0.7108163E-06
 -0.0323  0.1084  0.0006 -0.0184 -0.0080 -0.0029  0.0221 -0.0521 -0.0229  0.0402  0.0312  0.0054 -0.0002  0.0011  0.0076 -0.0000 -0.0000 -0.0000 -0.0000 -0.0000  0.0000 -0.0000 -0.0000 -0.0000  0.0000  0.0000  0.0000 -0.0000  0.0000 -0.0000 -0.0000 -0.0000 -0.0000 -0.0000 -0.0000 -0.0000 -0.0000 -0.0000 -0.0000 -0.0000 -0.0000 -0.0000 -0.0000 -0.0000 -0.0000 -0.0000 -0.0000 -0.0000 -0.0000 -0.0000 -0.0000 -0.0000 -0.0000 -0.0000  0.0000  0.0000 -0.0000 -0.0000 -0.0000  0.0000  0.0000 -0.0000 -0.0000 -0.0000 -0.0000  0.0103  0.0033  0.0126  0.0187 -0.0221 -0.0161 -0.0386  0.0230  0.0637  0.0073 -0.0563  0.0227 -0.0646 -0.1383 -0.0211  0.0754  0.0507 -0.0015 -0.0334  0.0015 -0.1612 -0.1325 -0.1377 -0.0460 -0.0486  0.1536 -0.0309 -0.0247  0.3345  0.1968 -0.0007 -0.0276 -0.2333 -0.0616
 0.5500000E+03 0.5194805E-02 0.2000000E+02 0.2060897E-05 0.3019201E-07 0.1007331E-07 0.3544286E-07
 -0.0163  0.1211 -0.0086 -0.0252 -0.0090 -0.0145  0.0353 -0.0482 -0.0254  0.0579  0.0493 -0.0054 -0.0055 -0.0036  0.0042 -0.0000 -0.0000 -0.0000 -0.0000 -0.0000  0.0000 -0.0000  0.0000 -0.0000  0.0000  0.0000 -0.0000 -0.0000 -0.0000 -0.0000 -0.0000 -0.0000 -0.0000 -0.0000 -0.0000 -0.0000 -0.0000 -0.0000 -0.0000 -0.0000 -0.0000 -0.0000 -0.0000 -0.0000 -0.0000 -0.0000 -0.0000 -0.0000 -0.0000 -0.0000 -0.0000 -0.0000 -0.0000 -0.0000  0.0000  0.0000 -0.0000  0.0000 -0.0000  0.0000  0.0000 -0.0000 -0.0000 -0.0000 -0.0000 -0.0033  0.0010 -0.0073  0.0114 -0.0003 -0.0188 -0.0460  0.0272  0.0709  0.0173 -0.0473  0.0172 -0.0449 -0.1324 -0.0397  0.0675  0.0220  0.0462 -0.0645  0.0044 -0.2260 -0.1517 -0.1832 -0.0161 -0.1041  0.0806 -0.0682 -0.0033  0.4226  0.2923 -0.1267  0.0314 -0.2544 -0.1643
