1.918281000000000153e-02 5.131008999999999709e-01 2.837431000000000125e+01 4.331690274180655664e-01 9.238125068791176731e-02 2.536954285848000076e-02
2.631924999999999890e-02 4.792223999999999928e-01 3.170278000000000063e+01 2.701263306898491479e-01 5.230218309194048509e-02 1.552771308004000268e-02
3.612386000000000069e-02 4.373748000000000080e-01 3.528164999999999907e+01 1.714347817720683342e-01 3.052102127809019558e-02 9.198040995299999745e-03
4.948920999999999876e-02 3.883628000000000080e-01 3.789186999999999728e+01 1.239620515471403506e-01 1.864329073538412151e-02 4.682478027239999653e-03
6.756707000000000685e-02 3.407800000000000273e-01 4.257482000000000255e+01 1.017625041500790362e-01 1.226124782459730132e-02 1.651828913279999953e-03
6.861237000000000585e-02 6.122784999999999478e-01 1.806097000000000037e+02 6.494185913758508677e-02 1.929637746537580731e-02 1.023510343224000074e-04
9.259248999999999952e-02 2.945234999999999936e-01 4.827976000000000312e+01 5.917321688275465480e-02 8.348654282779434041e-03 1.696938155016000085e-03
9.375988999999999851e-02 5.632277999999999452e-01 2.038837000000000046e+02 3.926759053751639056e-02 1.008117568450454977e-02 2.299092573534000216e-03
1.269488000000000005e-01 2.494987999999999928e-01 5.427703000000000344e+01 3.727607715951959666e-02 5.862226169700592016e-03 3.668316337900000106e-03
1.285091999999999901e-01 5.088116000000000305e-01 2.315991999999999962e+02 2.543429061982254227e-02 5.534122154662124947e-03 3.086227100925999743e-03
1.741505999999999887e-01 2.087874000000000119e-01 6.117687999999999704e+01 2.559433785472463307e-02 4.207289213673910504e-03 3.799952156069999910e-03
1.761765999999999888e-01 4.464054000000000078e-01 2.593029999999999973e+02 1.992733788761451297e-02 3.111975030890239916e-03 3.045032026879999996e-03
2.378770000000000051e-01 1.734822000000000031e-01 6.926166999999999518e+01 1.373322151457165297e-02 3.078726549599125704e-03 2.894526984120000031e-03
2.410636999999999919e-01 3.847986999999999935e-01 2.871238999999999919e+02 1.557580546120081004e-02 1.745710901807269845e-03 2.159440349039999912e-03
3.225878999999999830e-01 1.442313000000000067e-01 7.877155000000000484e+01 1.185149406178202108e-02 2.309424571934864945e-03 1.715211356118000229e-03
3.287859000000000198e-01 3.195145999999999820e-01 3.067658999999999878e+02 4.881286105098625420e-03 9.427375311513828829e-04 1.080229065859000153e-03
4.437367999999999868e-01 2.608514000000000110e-01 3.237656999999999812e+02 2.808994761749433917e-03 4.713334324406999432e-04 5.338876372680000001e-05
