1.398764000000000084e-02 5.560448999999999531e-01 2.524438999999999922e+01 1.173279110246806090e+00 2.354624796825190436e-01 2.225614772221000404e-02
1.903271999999999950e-02 2.471328000000000136e-01 6.758521000000000001e+00 1.115318965404876073e+00 1.885728319582550272e-01 5.119054310230000682e-02
1.918281000000000153e-02 5.131008999999999709e-01 2.837431000000000125e+01 5.313395685313868633e-01 1.299754521229724569e-01 1.802083627882999917e-02
2.585416000000000103e-02 2.108148999999999995e-01 7.281292999999999793e+00 6.431065799456677778e-01 1.398199902735405564e-01 7.610769524709999623e-02
2.631924999999999890e-02 4.792223999999999928e-01 3.170278000000000063e+01 3.799525548094392358e-01 7.386490245608297311e-02 1.480898287808000112e-02
3.612386000000000069e-02 4.373748000000000080e-01 3.528164999999999907e+01 3.621498898552725221e-01 4.317847238377470892e-02 1.318920499390999895e-02
4.948920999999999876e-02 3.883628000000000080e-01 3.789186999999999728e+01 2.426998509817342442e-01 2.630445141206746995e-02 1.352852990318000048e-02
5.010339999999999933e-02 6.626570000000000515e-01 1.631546999999999912e+02 1.676801376886329908e-01 5.551323856671672163e-02 4.550369390280000446e-03
6.756707000000000685e-02 3.407800000000000273e-01 4.257482000000000255e+01 1.590391325003339962e-01 1.731206221490684885e-02 1.172587493376000059e-02
6.861237000000000585e-02 6.122784999999999478e-01 1.806097000000000037e+02 1.400892747663547433e-01 2.729691679652659561e-02 9.563473235820000315e-04
9.259248999999999952e-02 2.945234999999999936e-01 4.827976000000000312e+01 1.324645720801420901e-01 1.181648372212635786e-02 9.252541682999999850e-03
9.375988999999999851e-02 5.632277999999999452e-01 2.038837000000000046e+02 1.041555160296962351e-01 1.422854234055852610e-02 1.978257211368000118e-03
1.269488000000000005e-01 2.494987999999999928e-01 5.427703000000000344e+01 8.879781230604727460e-02 8.298139197638368728e-03 7.574511841700000414e-03
1.285091999999999901e-01 5.088116000000000305e-01 2.315991999999999962e+02 5.815879900729771512e-02 7.844292682134769781e-03 2.357459808923999950e-03
1.741505999999999887e-01 2.087874000000000119e-01 6.117687999999999704e+01 5.327343245808933980e-02 5.940781967369111911e-03 5.920633381250000118e-03
1.761765999999999888e-01 4.464054000000000078e-01 2.593029999999999973e+02 5.073506486802920740e-02 4.415709694196408124e-03 2.193917902517999660e-03
2.378770000000000051e-01 1.734822000000000031e-01 6.926166999999999518e+01 2.991044123380237618e-02 4.336366233560392733e-03 4.135415009579999045e-03
2.410636999999999919e-01 3.847986999999999935e-01 2.871238999999999919e+02 3.255427704595090926e-02 2.461403813128999925e-03 1.488535422504000134e-03
3.225878999999999830e-01 1.442313000000000067e-01 7.877155000000000484e+01 1.118914353636739009e-02 3.288147096417948223e-03 2.855106018239999838e-03
3.287859000000000198e-01 3.195145999999999820e-01 3.067658999999999878e+02 1.214175133365258050e-02 1.331329780768760211e-03 9.095874830460000133e-04
4.437367999999999868e-01 2.608514000000000110e-01 3.237656999999999812e+02 4.665037327693919225e-03 6.684785452733764920e-04 2.826747385800000133e-04
5.943688000000000304e-01 2.113763999999999921e-01 3.430292000000000030e+02 8.747985089514584336e-04 2.925833136331358066e-04 3.276364753840000331e-04
