  120   0.0020   1.313   1.61   0.72   0.95   0.49   0.09   1.08   -0.32   -0.63   0.02   0.18   -0.79   
  120   0.0032   1.184   1.72   1.02   1.15   0.77   0.05   0.78   -0.36   -0.64   0.02   0.20   -0.16   
  150   0.0032   1.191   1.34   0.61   0.88   0.41   0.06   0.81   -0.32   -0.59   0.02   0.19   -0.41   
  150   0.0050   1.074   1.69   0.73   1.21   0.90   0.00   0.93   -0.55   -0.74   0.00   0.04   -0.04   
  150   0.0080   0.9242   2.43   1.00   1.81   1.28   0.96   1.28   -0.82   -0.82   -0.28   -0.46   -0.07   
  150   0.0130   0.7884   3.81   1.38   2.98   2.68   0.90   1.93   -1.55   -0.74   -0.30   -0.81   -0.10   
  200   0.0032   1.204   1.60   1.13   0.86   0.14   0.07   0.74   -0.15   -0.51   0.02   0.15   -0.49   
  200   0.0050   1.075   1.45   0.80   0.95   0.52   0.02   0.75   -0.43   -0.60   0.00   0.13   -0.09   
  200   0.0080   0.9355   1.82   0.81   1.34   1.07   0.00   0.93   -0.62   -0.70   0.00   0.00   0.00   
  200   0.0130   0.7699   1.45   0.94   0.83   0.16   0.01   0.73   -0.06   -0.44   -0.04   0.57   -0.01   
  200   0.0200   0.6787   1.63   1.02   1.05   0.63   0.14   0.71   -0.46   -0.41   -0.06   0.34   -0.01   
  200   0.0320   0.5663   2.02   1.16   1.41   0.98   0.53   0.88   -0.53   -0.67   -0.19   0.07   0.00   
  200   0.0500   0.5139   2.74   1.36   1.72   1.46   0.04   1.64   -0.86   -0.69   -0.16   1.20   0.00   
  200   0.0800   0.4301   3.25   1.42   2.17   1.93   0.19   1.96   -1.15   -0.76   -0.09   1.40   -0.01   
  200   0.1300   0.3527   3.22   1.68   2.15   1.35   1.10   1.71   -0.82   -0.98   -0.28   -1.11   0.00   
  200   0.1800   0.3006   4.08   2.27   2.74   1.26   1.90   2.01   -0.87   -1.08   -0.43   -1.40   0.00   
  250   0.0050   1.089   1.41   0.93   0.86   0.33   0.06   0.61   -0.32   -0.40   0.02   0.18   -0.27   
  250   0.0080   0.9371   1.57   0.91   1.00   0.59   0.00   0.79   -0.55   -0.56   0.00   0.03   -0.01   
  250   0.0130   0.7965   1.96   1.00   1.23   0.90   0.20   1.15   0.49   -0.66   0.03   0.80   -0.02   
  250   0.0200   0.6722   1.93   1.03   1.25   0.91   0.23   1.06   0.33   -0.54   0.06   0.85   -0.01   
  250   0.0320   0.5724   2.02   1.08   1.35   1.07   0.10   1.03   0.49   -0.61   -0.09   0.67   0.00   
  250   0.0500   0.4843   2.24   1.23   1.34   1.02   0.11   1.30   0.40   -0.53   -0.09   1.12   0.00   
  250   0.0800   0.4179   2.75   1.26   1.09   0.56   0.26   2.19   0.27   -0.51   -0.03   2.11   0.00   
  250   0.1300   0.3581   2.35   1.28   1.75   1.08   0.68   0.93   0.52   -0.59   -0.22   -0.44   0.00   
  250   0.1800   0.3014   4.00   1.77   2.69   1.69   1.56   2.37   1.05   -0.76   -0.35   -1.95   0.00   
  300   0.0050   1.117   1.92   1.56   0.91   0.19   0.07   0.65   -0.20   -0.48   0.03   0.16   -0.35   
  300   0.0080   0.9592   1.51   1.06   0.86   0.31   0.02   0.64   -0.31   -0.55   0.01   0.10   -0.07   
  300   0.0130   0.7987   1.77   1.06   1.10   0.73   0.00   0.90   -0.72   -0.55   0.00   0.00   0.00   
  300   0.0200   0.6846   1.84   1.18   1.04   0.61   0.16   0.95   0.47   -0.56   0.02   0.61   -0.02   
  300   0.0320   0.5763   1.98   1.24   1.18   0.83   0.04   1.00   0.49   -0.56   -0.05   0.66   0.00   
  300   0.0500   0.4893   2.36   1.35   1.42   1.12   0.16   1.31   0.60   -0.66   -0.08   0.95   0.00   
  300   0.0800   0.4165   2.95   1.43   1.39   1.03   0.24   2.17   0.42   -0.66   -0.05   2.02   -0.01   
  300   0.1300   0.3516   2.58   1.43   1.85   1.34   0.42   1.10   0.68   -0.66   -0.17   0.52   0.00   
  300   0.1800   0.2905   4.57   1.90   3.05   2.16   1.63   2.82   1.34   -0.90   -0.38   -2.28   0.00   
  300   0.4000   0.1454   6.46   2.25   3.50   2.29   1.97   4.94   1.32   -0.95   -0.38   -4.65   0.00   
  400   0.0080   1.009   1.70   1.30   0.91   0.38   0.05   0.60   -0.33   -0.43   0.01   0.15   -0.20   
  400   0.0130   0.8332   1.72   1.25   0.94   0.46   0.00   0.71   -0.45   -0.54   0.00   0.03   -0.02   
  400   0.0200   0.6936   2.07   1.29   1.24   0.92   0.00   1.03   -0.91   -0.49   0.00   0.00   0.00   
  400   0.0320   0.5913   1.90   1.36   0.96   0.47   0.03   0.91   0.46   -0.47   -0.04   0.62   0.00   
  400   0.0500   0.4839   2.04   1.52   1.07   0.51   0.38   0.83   0.50   -0.38   -0.12   0.53   -0.01   
  400   0.0800   0.4096   2.60   1.62   1.00   0.27   0.33   1.77   0.23   -0.34   0.04   1.73   0.00   
  400   0.1300   0.3591   2.44   1.62   1.39   0.67   0.20   1.19   0.59   -0.52   -0.13   0.88   0.00   
  400   0.1800   0.2993   4.20   1.99   2.44   1.08   1.70   2.78   1.01   -0.51   -0.43   -2.50   0.00   
  400   0.4000   0.1440   7.04   2.64   3.23   1.34   2.25   5.68   1.26   -0.66   -0.35   -5.49   0.00   
  500   0.0080   0.9703   2.40   2.15   0.95   0.18   0.07   0.51   -0.23   -0.38   0.02   0.15   -0.19   
  500   0.0130   0.8618   1.87   1.54   0.90   0.33   0.03   0.55   -0.26   -0.48   0.00   0.08   -0.06   
  500   0.0200   0.7087   2.07   1.53   1.11   0.70   0.00   0.83   -0.70   -0.45   0.00   0.00   0.00   
  500   0.0320   0.6061   2.09   1.57   1.03   0.50   0.26   0.92   0.51   -0.37   0.06   0.67   0.00   
  500   0.0500   0.5288   2.18   1.66   1.10   0.62   0.23   0.88   0.63   -0.38   -0.11   0.47   0.00   
  500   0.0800   0.4184   2.64   1.87   1.06   0.52   0.13   1.53   0.52   -0.47   0.01   1.36   0.00   
  500   0.1300   0.3636   2.92   2.17   1.33   0.55   0.05   1.43   0.55   -0.43   -0.07   1.25   0.00   
  500   0.1800   0.3247   3.17   2.34   1.83   0.87   0.86   1.09   0.87   -0.58   -0.30   -0.11   0.00   
  500   0.2500   0.2483   5.10   2.77   2.52   1.06   1.73   3.46   1.06   -0.55   -0.42   -3.22   0.00   
  650   0.0130   0.8722   2.03   1.73   0.96   0.41   0.05   0.45   -0.26   -0.31   0.02   0.14   -0.13   
  650   0.0200   0.7433   2.17   1.79   1.01   0.48   0.01   0.71   -0.49   -0.52   0.00   0.03   -0.01   
  650   0.0320   0.6288   2.51   1.85   1.34   0.98   0.00   1.04   -0.92   -0.50   0.00   0.00   0.00   
  650   0.0500   0.5264   2.40   1.95   1.10   0.60   0.08   0.89   0.68   -0.38   -0.07   0.42   0.00   
  650   0.0800   0.4200   2.73   2.22   1.08   0.47   0.12   1.18   0.52   -0.32   -0.07   1.01   0.00   
  650   0.1300   0.3491   3.25   2.54   1.42   0.63   0.17   1.46   0.66   -0.43   -0.08   1.23   0.00   
  650   0.1800   0.3167   3.22   2.63   1.64   0.74   0.40   0.87   0.76   -0.37   -0.15   0.15   0.00   
  650   0.2500   0.2464   5.05   3.33   2.48   1.20   1.53   2.88   1.17   -0.48   -0.39   -2.56   0.00   
  650   0.4000   0.1183   7.48   5.00   3.52   1.60   2.28   4.29   1.61   -0.72   -0.54   -3.88   0.00   
 800   0.0130   0.8721   3.12   2.91   1.05   0.21   0.08   0.42   0.10   -0.35   0.02   0.18   -0.12   
 800   0.0200   0.7107   2.37   2.09   1.03   0.48   0.02   0.44   -0.27   -0.34   0.00   0.08   -0.05   
 800   0.0320   0.6105   2.67   2.20   1.30   0.88   0.00   0.77   -0.62   -0.47   0.00   0.00   0.00   
 800   0.0500   0.5357   2.57   2.27   1.00   0.24   0.11   0.65   0.41   -0.29   -0.02   0.42   -0.02   
 800   0.0800   0.4131   3.01   2.57   1.12   0.41   0.21   1.08   0.59   -0.45   -0.06   0.78   0.00   
 800   0.1300   0.3417   3.64   3.08   1.38   0.36   0.21   1.37   0.58   -0.38   -0.04   1.19   0.00   
 800   0.1800   0.3115   3.81   3.24   1.75   0.67   0.67   0.97   0.83   -0.40   -0.21   0.19   0.00   
 800   0.2500   0.2344   4.70   3.81   2.10   0.71   1.13   1.78   0.90   -0.33   -0.24   -1.48   0.00   
 800   0.4000   0.1288   8.54   5.03   4.06   1.61   2.94   5.58   1.71   -0.66   -0.79   -5.21   0.00   
 1000   0.0130   0.8320   3.50   2.87   1.54   0.27   0.22   1.26   -0.03   -0.20   0.05   0.18   -1.23   
 1000   0.0200   0.7428   2.64   2.42   0.98   0.33   0.05   0.44   -0.19   -0.37   0.01   0.11   -0.11   
 1000   0.0320   0.6432   2.70   2.42   1.08   0.57   0.00   0.53   -0.29   -0.44   0.00   0.01   0.00   
 1000   0.0500   0.4971   3.14   2.63   1.45   1.09   0.00   0.92   -0.64   -0.66   0.00   0.00   0.00   
 1000   0.0800   0.4223   3.16   2.87   1.02   0.21   0.17   0.83   0.25   -0.26   0.07   0.75   0.00   
 1000   0.1300   0.3452   3.90   3.41   1.35   0.26   0.23   1.32   0.41   -0.31   -0.12   1.20   0.00   
 1000   0.1800   0.3367   3.87   3.38   1.67   0.65   0.55   0.85   0.63   -0.40   -0.21   0.35   0.00   
 1000   0.2500   0.2619   4.54   3.80   2.03   0.82   0.97   1.44   0.93   -0.38   -0.31   -0.97   0.00   
 1000   0.4000   0.1253   8.71   5.47   4.20   1.96   2.99   5.31   1.61   -0.53   -0.61   -4.99   0.00   
 1200   0.0130   0.8623   5.36   4.65   2.03   0.09   0.25   1.73   0.23   0.15   0.05   0.20   -1.70   
 1200   0.0200   0.7572   3.22   2.99   1.11   0.17   0.08   0.43   -0.11   -0.28   0.02   0.11   -0.29   
 1200   0.0320   0.6579   2.94   2.74   0.94   0.36   0.02   0.52   -0.27   -0.45   0.00   0.06   -0.01   
 1200   0.0500   0.5236   3.19   2.90   1.19   0.80   0.00   0.60   -0.42   -0.43   0.00   0.00   0.00   
 1200   0.0800   0.4463   3.45   3.10   1.31   0.93   0.20   0.79   0.59   -0.27   -0.13   0.42   0.00   
 1200   0.1300   0.3428   4.64   4.31   1.44   0.75   0.06   0.95   0.48   -0.17   -0.03   0.80   0.00   
 1200   0.1800   0.3026   4.39   3.97   1.69   0.93   0.38   0.80   0.61   -0.28   -0.14   0.41   0.00   
 1200   0.2500   0.2140   5.10   4.63   1.99   1.15   0.69   0.83   0.75   -0.28   -0.19   -0.17   0.00   
 1200   0.4000   0.1249   8.54   5.78   4.29   2.60   2.69   4.59   1.67   -0.33   -0.69   -4.20   0.00   
 1500   0.0200   0.7724   4.08   3.59   1.66   0.10   0.16   0.99   0.14   -0.27   0.03   0.15   -0.93   
 1500   0.0320   0.6540   3.57   3.40   1.01   0.35   0.05   0.47   -0.36   -0.27   0.01   0.12   -0.05   
 1500   0.0500   0.5406   3.60   3.34   1.21   0.79   0.00   0.57   -0.39   -0.42   0.00   0.01   0.00   
 1500   0.0800   0.4800   3.66   3.42   1.16   0.68   0.09   0.65   0.39   -0.17   0.00   0.48   0.00   
 1500   0.1300   0.3415   5.10   4.77   1.57   0.91   0.17   0.87   0.63   -0.22   -0.07   0.55   0.00   
 1500   0.1800   0.2914   5.06   4.62   1.80   1.12   0.22   1.00   0.63   -0.18   -0.13   0.74   0.00   
 1500   0.2500   0.2344   5.50   4.96   2.20   1.35   0.89   0.88   0.72   -0.15   -0.22   -0.43   0.00   
 1500   0.4000   0.1208   9.06   7.42   3.87   2.32   2.23   3.45   1.43   -0.33   -0.59   -3.06   0.00   
 1500   0.6500   0.01387   18.01   12.53   6.95   4.57   4.52   10.90   3.07   -0.44   -0.97   -10.41   0.00   
 2000   0.0219   0.8405   6.23   5.59   2.19   0.25   0.19   1.66   0.16   -0.20   0.04   0.20   -1.63   
 2000   0.0320   0.6258   4.32   4.06   1.41   0.20   0.10   0.47   -0.10   -0.39   0.03   0.14   -0.21   
 2000   0.0500   0.5298   4.26   4.10   1.08   0.45   0.02   0.43   -0.30   -0.31   0.01   0.04   -0.02   
 2000   0.0800   0.4349   4.41   4.15   1.31   0.80   0.00   0.71   -0.55   -0.45   0.00   0.00   0.00   
 2000   0.1300   0.3449   5.37   5.09   1.53   0.72   0.11   0.80   0.39   -0.22   0.07   0.65   0.00   
 2000   0.1800   0.2915   5.89   5.43   2.06   1.43   0.29   0.98   0.80   -0.26   -0.13   0.50   0.00   
 2000   0.2500   0.2398   6.07   5.62   2.14   1.33   0.64   0.86   0.76   -0.28   -0.18   -0.22   0.00   
 2000   0.4000   0.1221   8.46   7.14   3.63   2.22   1.84   2.75   1.33   -0.11   -0.51   -2.35   0.00   
 2000   0.6500   0.009670   21.36   16.95   7.85   5.10   5.25   10.35   2.65   -0.48   -1.07   -9.94   0.00   
 3000   0.0320   0.7040   4.25   3.80   1.74   0.18   0.11   0.74   -0.12   -0.29   0.02   0.11   -0.66   
 3000   0.0500   0.5792   3.61   3.33   1.34   0.18   0.06   0.37   -0.09   -0.34   0.02   0.08   -0.06   
 3000   0.0800   0.4805   3.88   3.65   1.23   0.50   0.00   0.51   -0.31   -0.40   0.00   0.01   0.00   
 3000   0.1300   0.3877   4.75   4.41   1.63   0.86   0.00   0.62   -0.50   -0.36   0.00   0.00   0.00   
 3000   0.1800   0.2895   5.45   5.07   1.81   1.09   0.19   0.84   0.62   -0.11   -0.07   0.56   0.00   
 3000   0.2500   0.2321   5.69   5.21   2.11   1.42   0.39   0.91   0.86   -0.07   -0.12   0.26   0.00   
 3000   0.4000   0.1124   7.82   6.48   3.76   2.58   1.70   2.23   1.58   -0.18   -0.42   -1.51   0.00   
 3000   0.6500   0.01050   17.55   13.52   7.22   4.58   4.93   8.56   2.79   -0.21   -1.37   -7.97   0.00   
 5000   0.0547   0.6174   5.46   5.07   1.90   0.12   0.13   0.69   0.05   -0.36   0.03   0.13   -0.57   
 5000   0.0800   0.5100   4.26   3.98   1.50   0.19   0.05   0.36   -0.20   -0.28   0.01   0.07   -0.11   
 5000   0.1300   0.4498   4.79   4.46   1.70   0.28   0.01   0.45   0.24   -0.38   0.00   0.01   -0.01   
 5000   0.1800   0.3628   5.45   5.15   1.75   0.27   0.00   0.38   -0.17   -0.34   0.00   0.00   0.00   
 5000   0.2500   0.2268   8.07   7.73   2.19   1.11   0.00   0.82   0.81   -0.12   0.00   0.00   0.00   
 5000   0.4000   0.1141   8.67   7.82   3.34   1.88   1.42   1.66   1.31   -0.04   -0.46   -0.90   0.00   
 5000   0.6500   0.01375   16.53   13.90   6.85   4.13   4.61   5.75   2.45   0.20   -1.16   -5.07   0.00   
 8000   0.0875   0.6162   7.97   7.49   2.49   0.39   0.09   1.09   0.22   -0.35   0.02   0.11   -1.00   
 8000   0.1300   0.5010   6.40   5.98   2.23   0.28   0.03   0.43   -0.19   -0.29   0.01   0.06   -0.25   
 8000   0.1800   0.3708   6.96   6.61   2.14   0.16   0.02   0.36   -0.05   -0.36   0.01   0.02   0.00   
 8000   0.2500   0.2533   8.02   7.62   2.46   1.04   0.00   0.52   0.52   0.03   0.00   0.00   0.00   
 8000   0.4000   0.1138   11.63   10.50   4.51   3.51   0.00   2.16   2.09   0.53   0.00   0.00   0.00   
 8000   0.6500   0.01193   18.53   16.94   6.54   4.19   3.75   3.66   2.39   0.23   -0.87   -2.63   0.00   
 12000   0.1300   0.6999   13.48   12.90   3.66   0.51   0.13   1.42   0.34   -0.30   0.04   0.12   -1.34   
 12000   0.1800   0.4797   8.61   8.32   2.20   0.17   0.08   0.38   -0.03   -0.31   0.03   0.10   -0.19   
 12000   0.2500   0.3018   9.61   9.27   2.47   1.05   0.02   0.50   0.48   -0.13   0.01   0.03   0.00   
 12000   0.4000   0.1878   11.98   10.80   4.89   4.02   0.00   1.79   1.68   0.60   0.00   0.00   0.00   
 12000   0.6500   0.01352   24.68   23.62   6.34   4.68   3.06   3.31   2.56   0.45   -0.84   -1.86   0.00   
 20000   0.2500   0.4615   12.77   12.42   2.81   1.17   0.08   0.93   0.43   -0.17   0.03   0.06   -0.81   
 20000   0.4000   0.2125   14.46   13.68   4.57   3.59   0.03   1.03   1.02   0.12   0.01   0.03   -0.11   
 20000   0.6500   0.01647   39.16   35.42   15.88   15.54   0.00   5.20   4.46   2.67   0.00   0.00   0.00   
 30000   0.4000   0.1903   28.38   27.72   5.74   3.39   0.14   2.13   1.05   -0.25   0.03   0.09   -1.83   
 30000   0.6500   0.03988   33.85   31.66   11.35   10.79   0.00   3.90   3.42   1.86   0.00   0.01   0.00   
 50000   0.6500   0.07518   58.83   57.79   10.56   8.88   0.00   3.06   2.83   1.17   0.00   0.00   0.00   
