1.912635000000000030e-02 5.432031000000000498e-01 2.835820999999999970e+01 4.101281166894508168e-01 1.156004677735888442e-01 3.515367573326000101e-04
2.625324999999999881e-02 5.050132000000000509e-01 3.208370000000000033e+01 2.027202430761129714e-01 6.168750782674194827e-02 2.676610061359999495e-04
3.602819000000000160e-02 4.612693999999999961e-01 3.562431999999999732e+01 1.970447555735296563e-01 3.369740107107827010e-02 1.088661484875000032e-04
4.925935000000000036e-02 4.082563000000000164e-01 3.853356999999999744e+01 1.110884143613660863e-01 1.896018226075371280e-02 4.203982877959999719e-05
6.711345000000000505e-02 3.588772000000000073e-01 4.309458999999999662e+01 6.203879751722540803e-02 1.129856446675645866e-02 3.509745831058999952e-05
9.177649999999999697e-02 3.101548000000000083e-01 4.874980000000000047e+01 2.356298204747379194e-02 6.886421756181724217e-03 1.276381505732999765e-05
9.285770999999999609e-02 5.698054999999999648e-01 1.905646000000000129e+02 4.777643336486804559e-02 8.489615462208947166e-03 3.136437753829999999e-05
1.257766999999999913e-01 2.619572000000000012e-01 5.459951999999999828e+01 1.465161097866238271e-02 4.271421731640315245e-03 1.605380506145999815e-05
1.271593000000000029e-01 5.127490999999999577e-01 2.167334999999999923e+02 1.955117728062362101e-02 4.104111921899179956e-03 1.715871619461999828e-05
1.728974000000000066e-01 2.170632999999999868e-01 6.108644999999999925e+01 9.581049222608752081e-03 2.713662728860506169e-03 9.143441774675000250e-06
1.748040999999999900e-01 4.468602999999999881e-01 2.436930999999999869e+02 6.762940704075735485e-03 2.023614370933871694e-03 7.290157619155999532e-06
2.397941000000000100e-01 3.814990999999999799e-01 2.703081999999999994e+02 2.264989015068429815e-03 1.003824486438130827e-03 2.665833237629400251e-06
3.277799000000000129e-01 3.122867999999999755e-01 2.883136000000000081e+02 1.620483815931054528e-03 5.015072049395276907e-04 3.141228871575000169e-06
