# E        x     Q2        F2D    stat+   stat-    sys+    sys-
#--------------------------------------------------------------
120	0.03	3.5	0.3039	+0.005	-0.005	+0.0172	-0.0172
120	0.03	4.5	0.3092	+0.0051	-0.0051	+0.0145	-0.0145
120	0.03	5.5	0.3313	+0.0072	-0.0072	+0.0153	-0.0153
120	0.05	4.5	0.309	+0.0089	-0.0089	+0.018	-0.0180
120	0.05	5.5	0.3149	+0.0074	-0.0074	+0.0138	-0.0138
120	0.05	7.0	0.3447	+0.0058	-0.0058	+0.0124	-0.0124
120	0.05	9.0	0.3462	+0.0094	-0.0094	+0.0137	-0.0137
120	0.08	5.5	0.3359	+0.0078	-0.0078	+0.0185	-0.0185
120	0.08	7.0	0.3402	+0.006	-0.006	+0.0139	-0.0139
120	0.08	9.0	0.3412	+0.0063	-0.0063	+0.0108	-0.0108
120	0.08	11.5	0.3553	+0.0069	-0.0069	+0.0102	-0.0102
120	0.08	15.0	0.3663	+0.0121	-0.0121	+0.0138	-0.0138
120	0.125	7.0	0.3355	+0.0066	-0.0066	+0.0169	-0.0169
120	0.125	9.0	0.3323	+0.0076	-0.0076	+0.0118	-0.0118
120	0.125	11.5	0.3402	+0.007	-0.007	+0.0105	-0.0105
120	0.125	15.0	0.3291	+0.0077	-0.0077	+0.0087	-0.0087
120	0.125	20.0	0.3533	+0.011	-0.011	+0.0107	-0.0107
120	0.175	7.0	0.3032	+0.0082	-0.0082	+0.0169	-0.0169
120	0.175	9.0	0.3144	+0.0082	-0.0082	+0.013	-0.013
120	0.175	11.5	0.3229	+0.0074	-0.0074	+0.0111	-0.0111
120	0.175	15.0	0.3282	+0.0089	-0.0089	+0.0086	-0.0086
120	0.175	20.0 	0.3347	+0.0102	-0.0102	+0.0079	-0.0079
120	0.175	27.0	0.3017	+0.0145	-0.0145	+0.0083	-0.0083
120	0.25	7.0	0.2996	+0.0077	-0.0077	+0.0177	-0.0177
120	0.25	9.0	0.288	+0.0069	-0.0069	+0.0128	-0.0128
120	0.25	11.5	0.2972	+0.0062	-0.0062	+0.0108	-0.0108
120	0.25	15.0	0.2739	+0.0068	-0.0068	+0.008	-0.008
120	0.25	20.0	0.2814	+0.0072	-0.0072	+0.0063	-0.0063
120	0.25	27.0 	0.2845	+0.0095	-0.0095	+0.006	-0.006
120	0.25	36.0	0.253	+0.0139	-0.0139	+0.0064	-0.0064
120	0.25	48.0	0.2367	+0.0331	-0.0331	+0.0165	-0.0165
120	0.35	9.0	0.2163	+0.0076	-0.0076	+0.0096	-0.0096
120	0.35	11.5	0.2264	+0.0066	-0.0066	+0.0096	-0.0096
120	0.35	15.0	0.2132	+0.0072	-0.0072	+0.0063	-0.0063
120	0.35	20.0	0.2052	+0.0072	-0.0072	+0.0044	-0.0044
120	0.35	27.0	0.2056	+0.0088	-0.0088	+0.0044	-0.0044
120	0.35	36.0	0.2033	+0.0118	-0.0118	+0.0045	-0.0045
120	0.35	48.0	0.1959	+0.0172	-0.0172	+0.0052	-0.0052
120	0.45	11.5	0.1392	+0.006	-0.006	+0.006	-0.006
120	0.45	15.0	0.1446	+0.0068	-0.0068	+0.0041	-0.0041
120	0.45	20.0	0.1514	+0.0071	-0.0071	+0.0049	-0.0049
120	0.45	27.0	0.1385	+0.0078	-0.0078	+0.003	-0.003
120	0.45	36.0	0.1512	+0.0108	-0.0108	+0.003	-0.003
120	0.45	48.0	0.1275	+0.0131	-0.0131	+0.0031	-0.0031
120	0.45	65.0	0.1618	+0.0268	-0.0268	+0.0063	-0.0063
120	0.55	11.5	0.0935	+0.006	-0.006	+0.0064	-0.0064
120	0.55	15.0	0.0861	+0.0058	-0.0058	+0.0044	-0.0044
120	0.55	20.0	0.0731	+0.0052	-0.0052	+0.0032	-0.0032
120	0.55	27.0	0.0744	+0.0062	-0.0062	+0.0024	-0.0024
120	0.55	36.0	0.0759	+0.0081	-0.0081	+0.002	-0.002
120	0.55	48.0	0.065	+0.0098	-0.0098	+0.0017	-0.0017
120	0.55	65.0	0.0826	+0.0173	-0.0173	+0.0025	-0.0025
120	0.65	20.0	0.0434	+0.0042	-0.0042	+0.003	-0.003
120	0.65	27.0	0.0371	+0.0046	-0.0046	+0.0021	-0.0021
120	0.65	36.0	0.0438	+0.0064	-0.0064	+0.002	-0.002
120	0.65	48.0	0.0343	+0.0072	-0.0072	+0.0012	-0.0012
120	0.65	65.0	0.0469	+0.0126	-0.0126	+0.0016	-0.0016
120	0.75	27.0	0.0198	+0.0035	-0.0035	+0.0018	-0.0018
120	0.75	36.0	0.0127	+0.0036	-0.0036	+0.001	-0.001
120	0.75	48.0	0.019	+0.0055	-0.0055	+0.0012	-0.0012
120	0.75	65.0	0.0108	+0.0062	-0.0062	+5.0E-4	-5.0E-4
200	0.03	7.0	0.3113	+0.0055	-0.0055	+0.0157	-0.0157
200	0.03	9.0	0.3431	+0.0077	-0.0077	+0.0165	-0.0165
200	0.05	9.0	0.3325	+0.0095	-0.0095	+0.0134	-0.0134
200	0.05	11.5	0.3372	+0.0073	-0.0073	+0.0108	-0.0108
200	0.05	15.0	0.3578	+0.0097	-0.0097	+0.014	-0.014
200	0.08	9.0	0.3365	+0.0126	-0.0126	+0.0252	-0.0252
200	0.08	11.5 	0.3291	+0.0078	-0.0078	+0.0124	-0.0124
200	0.08	15.0	0.3617	+0.0073	-0.0073	+0.0099	-0.0099
200	0.08	20.0	0.3425	+0.0075	-0.0075	+0.0097	-0.0097
200	0.08	27.0	0.3618	+0.0112	-0.0112	+0.0176	-0.0176
200	0.125	11.5	0.336	+0.0114	-0.0114	+0.0167	-0.0167
200	0.125	15.0	0.3207	+0.0086	-0.0086	+0.0105	-0.0105
200	0.125	20.0	0.325	+0.0077	-0.0077	+0.008	-0.008
200	0.125	27.0	0.3372	+0.009	-0.009	+0.0078	-0.0078
200	0.125	36.0	0.3022	+0.0137	-0.0137	+0.0095	-0.0095
200	0.175	11.5	0.2926	+0.0144	-0.0144	+0.0189	-0.0189
200	0.175	15.0	0.3061	+0.0105	-0.0105	+0.0109	-0.0109
200	0.175	20.0	0.3306	+0.0098	-0.0098	+0.0088	-0.0088
200	0.175	27.0	0.3242	+0.0103	-0.0103	+0.007	-0.007
200	0.175	36.0	0.2994	+0.012	-0.012	+0.0064	-0.0064 
200	0.175	48.0	0.3002	+0.0175	-0.0175	+0.0085	-0.0085
200	0.25	11.5	0.2581	+0.0124	-0.0124	+0.0199	-0.0199
200	0.25	15.0	0.2688	+0.009	-0.009	+0.0105	-0.0105
200	0.25	20.0	0.2733	+0.0075	-0.0075	+0.0073	-0.0073
200	0.25	27.0	0.2912	+0.0081	-0.0081	+0.0061	-0.0061
200	0.25	36.0	0.2581	+0.0089	-0.0089	+0.005	-0.005
200	0.25	48.0	0.2545	+0.0077	-0.0077	+0.0058	-0.0058
200	0.25	65.0	0.2529	+0.0161	-0.0161	+0.0069	-0.0069
200	0.35	15.0	0.2265	+0.0112	-0.0112	+0.0091	-0.0091
200	0.35	20.0	0.2246	+0.0086	-0.0086	+0.0054	-0.0054
200	0.35	27.0	0.2201	+0.0084	-0.0084	+0.0041	-0.0041
200	0.35	36.0	0.205	+0.0092	-0.0092	+0.0033	-0.0033
200	0.35	48.0	0.1951	+0.0076	-0.0076	+0.004	-0.004
200	0.35	65.0	0.1997	+0.0095	-0.0095	+0.0043	-0.0043
200	0.35	90.0	0.2052	+0.021	-0.021	+0.0058	-0.0058
200	0.45	15.0	0.1738	+0.0121	-0.0121	+0.0094	-0.0094
200	0.45	20.0	0.1546	+0.0082	-0.0082	+0.0058	-0.0058
200	0.45	27.0	0.1728	+0.0089	-0.0089	+0.0047	-0.0047
200	0.45	36.0	0.1414	+0.0087	-0.0087	+0.0027	-0.0027
200	0.45	48.0	0.1242	+0.0089	-0.0089	+0.0021	-0.0021
200	0.45	65.0	0.1287	+0.0081	-0.0081	+0.0025	-0.0025
200	0.45	90.0	0.1209	+0.0152	-0.0152	+0.0025	-0.0025
200	0.55	27.0	0.0894	+0.0067	-0.0067	+0.0051	-0.0051
200	0.55	36.0	0.0892	+0.0074	-0.0074	+0.0038	-0.0038
200	0.55	48.0	0.0867	+0.0083	-0.0083	+0.0026	-0.0026
200	0.55	65.0	0.0707	+0.0065	-0.0065	+0.0017	-0.0017
200	0.55	90.0	0.0469	+0.0064	-0.0064	+0.0011	-0.0011
200	0.65	36.0	0.0458	+0.0057	-0.0057	+0.004	-0.004
200	0.65	48.0	0.0335	+0.0057	-0.0057	+0.0021	-0.0021
200	0.65	65.0	0.0352	+0.0048	-0.0048	+0.0015	-0.0015
200	0.65	90.0	0.0372	+0.006	-0.006	+0.0011	-0.0011
200	0.65	125.0	0.0418	+0.0121	-0.0121	+0.0013	-0.0013
200	0.75	65.0	0.0144	+0.0032	-0.0032	+0.001	-0.001
200	0.75	90.0	0.0115	+0.0046	-0.0046	+6.0E-4	-6.0E-4
200	0.75	125.0	0.016	+0.0062	-0.0062	+5.0E-4	-5.0E-4
240	0.03	9.0	0.3486	+0.0088	-0.0088	+0.0202	-0.0202
240	0.03	11.5	0.4041	+0.0105	-0.0105	+0.0216	-0.0216
240	0.05	11.5	0.3235	+0.0107	-0.0107	+0.017	-0.017
240	0.05	15.0	0.3723	+0.0094	-0.0094	+0.0149	-0.0149
240	0.05	20.0	0.3736	+0.0133	-0.0133	+0.0179	-0.0179
240	0.08	15.0	0.3157	+0.0091	-0.0091	+0.0119	-0.0119
240	0.08	20.0	0.3493	+0.0079	-0.0079	+0.0097	-0.0097
240	0.08	27.0	0.3933	+0.0107	-0.0107	+0.0128	-0.0128
240	0.125	15.0	0.3079	+0.0137	-0.0137	+0.0167	-0.0167
240	0.125	20.0	0.313	+0.0097	-0.0097	+0.0099	-0.0099
240	0.125	27.0	0.3255	+0.0092	-0.0092	+0.0077	-0.0077
240	0.125	36.0	0.3659	+0.009	-0.009	+0.0101	-0.0101
240	0.125	48.0	0.3795	+0.0153	-0.0153	+0.0148	-0.0148
240	0.175	20.0	0.2908	+0.0121	-0.0121	+0.0129	-0.0129
240	0.175	27.0	0.2871	+0.0105	-0.0105	+0.0098	-0.0098
240	0.175	36.0	0.3063	+0.0095	-0.0095	+0.0102	-0.0102
240	0.175	48.0	0.3285	+0.0113	-0.0113	+0.0106	-0.0106
240	0.175	65.0	0.29	+0.0165	-0.0165	+0.0113	-0.0113
240	0.25	20.0	0.258	+0.0106	-0.0106	+0.0113	-0.0113
240	0.25	27.0	0.2736	+0.0094	-0.0094	+0.008	-0.008
240	0.25	36.0 	0.2871	+0.0102	-0.0102	+0.0068	-0.0068
240	0.25	48.0	0.2807	+0.0085	-0.0085	+0.0063	-0.0063
240	0.25	65.0	0.2592	+0.0094	-0.0094	+0.0059	-0.0059
240	0.25	90.0	0.3154	+0.0181	-0.0181	+0.0113	-0.0113
240	0.35	20.0	0.1993	+0.0122	-0.0122	+0.0083	-0.0083
240	0.35	27.0	0.2181	+0.01	-0.01	+0.005	-0.005
240	0.35	36.0	0.1961	+0.0097	-0.0097	+0.0038	-0.0038
240	0.35	48.0	0.2091	+0.0086	-0.0086	+0.0042	-0.0042
240	0.35	65.0	0.2081	+0.0098	-0.0098	+0.0043	-0.0043
240	0.35	90.0	0.1929	+0.0113	-0.0113	+0.0042	-0.0042
240	0.35	125.0	0.2213	+0.0235	-0.0235	+0.0087	-0.0087
240	0.45	20.0	0.1377	+0.0116	-0.0116	+0.008	-0.008
240	0.45	27.0	0.1586	+0.0108	-0.0108	+0.0066	-0.0066
240	0.45	36.0	0.1465	+0.0101	-0.0101	+0.0041	-0.0041
240	0.45	48.0	0.1409	+0.0078	-0.0078	+0.0035	-0.0035
240	0.45	65.0	0.1434	+0.009	-0.009	+0.0029	-0.0029
240	0.45	90.0	0.1187	+0.0091	-0.0091	+0.0023	-0.0023
240	0.45	125.0	0.1129	+0.0132	-0.0132	+0.0027	-0.0027
240	0.55	27.0	0.1024	+0.0098	-0.0098	+0.008	-0.008
240	0.55	36.0	0.0864	+0.0084	-0.0084	+0.0046	-0.0046
240	0.55	48.0	0.0909	+0.0091	-0.0091	+0.0035	-0.0035
240	0.55	65.0	0.0734	+0.0068	-0.0068	+0.002	-0.002
240	0.55	90.0	0.0644	+0.0073	-0.0073	+0.0015	-0.0015
240	0.55	125.0	0.0411	+0.0083	-0.0083	+9.0E-4	-9.0E-4
240	0.65	48.0	0.0473	+0.0071	-0.0071	+0.0036	-0.0036
240	0.65	65.0	0.0347	+0.0052	-0.0052	+0.0017	-0.0017
240	0.65	90.0	0.0515	+0.0072	-0.0072	+0.0018	-0.0018
240	0.65	125.0	0.0303	+0.0071	-0.0071	+9.0E-4	-9.0E-4
240	0.75	90.0	0.0113	+0.0038	-0.0038	+8.0E-4	-8.0E-4
240	0.75	125.0	0.005	+0.0025	-0.0025	+2.0E-4	-2.0E-4
280	0.03	7.0	0.3305	+0.0069	-0.0069	+0.0177	-0.0177
280	0.03	9.0	0.341	+0.0053	-0.0053	+0.0154	-0.0154
280	0.03	11.5	0.3487	+0.0056	-0.0056	+0.0156	-0.0156
280	0.05	7.0	0.3821	+0.0129	-0.0129	+0.0284	-0.0284
280	0.05	9.0	0.3481	+0.0098	-0.0098	+0.017	-0.017
280	0.05	11.5	0.3403	+0.0067	-0.0067	+0.0146	-0.0146
280	0.05	15.0	0.3502	+0.0065	-0.0065	+0.0143	-0.0143
280	0.05	20.0	0.3782	+0.0067	-0.0067	+0.0165	-0.0165
280	0.08	9.0	0.3631	+0.0099	-0.0099	+0.0217	-0.0217
280	0.08	11.5	0.3521	+0.0078	-0.0078	+0.0156	-0.0156
280	0.08	15.0	0.3564	+0.0064	-0.0064	+0.0127	-0.0127
280	0.08	20.0	0.3457	+0.0054	-0.0054	+0.0099	-0.0099
280	0.08	27.0	0.3584	+0.0047	-0.0047	+0.011	-0.011
280	0.08	36.0	0.3739	+0.0078	-0.0078	+0.0134	-0.0134
280	0.125	9.0	0.387	+0.0125	-0.0125	+0.0267	-0.0267
280	0.125	11.5	0.3712	+0.0096	-0.0096	+0.0184	-0.0184
280	0.125	15.0	0.3623	+0.0076	-0.0076	+0.0136	-0.0136
280	0.125	20.0	0.345	+0.007	-0.007	+0.0109	-0.0109
280	0.125	27.0	0.3345	+0.0064	-0.0064	+0.0091	-0.0091
280	0.125	36.0	0.3229	+0.0055	-0.0055	+0.0084	-0.0084
280	0.125	48.0	0.3466	+0.007	-0.007	+0.0101	-0.0101
280	0.175	9.0	0.3188	+0.0133	-0.0133	+0.0245	-0.0245
280	0.175	11.5	0.3612	+0.0116	-0.0116	+0.0217	-0.0217
280	0.175	15.0	0.3252	+0.0089	-0.0089	+0.0165	-0.0165
280	0.175	20.0	0.3158	+0.0081	-0.0081	+0.0138	-0.0138
280	0.175	27.0	0.3113	+0.0076	-0.0076	+0.0124	-0.0124
280	0.175	36.0	0.3081	+0.0067	-0.0067	+0.012	-0.012
280	0.175	48.0	0.3146	+0.0075	-0.0075	+0.0117	-0.0117
280	0.175	65.0 	0.3113	+0.0086	-0.0086	+0.012	-0.012
280	0.25	11.5	0.2841	+0.0107	-0.0107	+0.0185	-0.0185
280	0.25	15.0	0.2839	+0.0078	-0.0078	+0.0143	-0.0143
280	0.25	20.0	0.2913	+0.0066	-0.0066	+0.0124	-0.0124
280	0.25	27.0	0.2841	+0.0069	-0.0069	+0.0093	-0.0093
280	0.25	36.0	0.2502	+0.006	-0.006	+0.0069	-0.0069
280	0.25	48.0	0.2598	+0.006	-0.006	+0.0059	-0.0059
280	0.25	65.0	0.2581	+0.0059	-0.0059	+0.0057	-0.0057
280	0.25	90.0	0.2642	+0.0082	-0.0082	+0.0066	-0.0066
280	0.35	15.0	0.2201	+0.0091	-0.0091	+0.0094	-0.0094
280	0.35	20.0	0.2195	+0.007	-0.007	+0.0058	-0.0058
280	0.35	27.0	0.2183	+0.0072	-0.0072	+0.0057	-0.0057
280	0.35	36.0	0.2072	+0.0067	-0.0067	+0.0046	-0.0046
280	0.35	48.0	0.1886	+0.006	-0.006	+0.0042	-0.0042
280	0.35	65.0	0.1929	+0.0058	-0.0058	+0.0039	-0.0039
280	0.35	90.0	0.1688	+0.0068	-0.0068	+0.0034	-0.0034
280	0.35	125.0	0.2035	+0.0108	-0.0108	+0.0053	-0.0053
280	0.45	20.0	0.1484	+0.0071	-0.0071	+0.0099	-0.0099
280	0.45	27.0	0.1567	+0.0094	-0.0094	+0.008	-0.008
280	0.45	36.0	0.149	+0.0067	-0.0067	+0.0051	-0.0051
280	0.45	48.0	0.1298	+0.0051	-0.0051	+0.0035	-0.0035
280	0.45	65.0	0.1195	+0.0051	-0.0051	+0.0023	-0.0023
280	0.45	90.0	0.1176	+0.0057	-0.0057	+0.0023	-0.0023
280	0.45	125.0	0.1158	+0.0077	-0.0077	+0.0024	-0.0024
280	0.45	170.0	0.1404	+0.0167	-0.0167	+0.0048	-0.0048
280	0.55	27.0	0.0926	+0.006	-0.006	+0.0091	-0.0091
280	0.55	36.0	0.0672	+0.0068	-0.0068	+0.0046	-0.0046
280	0.55	48.0	0.0649	+0.0042	-0.0042	+0.0029	-0.0029
280	0.55	65.0	0.0785	+0.0045	-0.0045	+0.0024	-0.0024
280	0.55	90.0	0.0671	+0.0046	-0.0046	+0.0016	-0.0016
280	0.55	125.0	0.0642	+0.006	-0.006	+0.0013	-0.0013
280	0.55	170.0	0.055	+0.0088	-0.0088	+0.0013	-0.0013
280	0.65	36.0	0.0477	+0.0046	-0.0046	+0.007	-0.007
280	0.65	48.0	0.0403	+0.0045	-0.0045	+0.0037	-0.0037
280	0.65	65.0	0.0299	+0.0029	-0.0029	+0.0018	-0.0018
280	0.65	90.0	0.0384	+0.0037	-0.0037	+0.0015	-0.0015
280	0.65	125.0	0.037	+0.0048	-0.0048	+0.0011	-0.0011
280	0.65	170.0	0.023	+0.0056	-0.0056	+7.0E-4	-7.0E-4
280	0.75	48.0	0.0145	+0.0024	-0.0024	+0.0024	-0.0024
280	0.75	65.0	0.0176	+0.0025	-0.0025	+0.002	-0.002
280	0.75	90.0	0.0172	+0.0028	-0.0028	+0.0013	-0.0013
280	0.75	125.0	0.0177	+0.0036	-0.0036	+9.0E-4	-9.0E-4
280	0.75	170.0	0.0107	+0.0038	-0.0038	+4.0E-4	-4.0E-4