8.286771000000000284e-04 8.732592999999999606e-01 4.773814999999999920e+00 1.361071246859146200e+01 3.222385026893867916e+02 1.228139216304000136e+00
1.121138999999999946e-03 8.198138999999999843e-01 4.952327999999999619e+00 3.020846101503945036e+01 8.451470171078136673e+01 2.502666250000000203e-01
1.554929999999999941e-03 7.783830000000000471e-01 5.377062999999999704e+00 3.558691588836418163e+01 2.867307343052796398e+01 3.077528340380000227e-01
1.606809999999999966e-03 7.942293999999999743e-01 1.039231000000000016e+01 5.537398268460378858e+00 3.479200023653136213e+02 1.346190388095000046e+01
2.089973000000000178e-03 7.268630000000000368e-01 5.582683000000000284e+00 1.070321763936724757e+01 1.295909264349125856e+01 1.419644271099999855e-01
2.167913000000000045e-03 8.614707000000000336e-01 1.233506000000000036e+01 1.497652661751079783e+01 7.745682172640130148e+01 8.677161892379998687e-01
2.900624000000000084e-03 6.933070999999999540e-01 5.758543000000000411e+00 1.941085668698196098e+00 5.175732111651913492e+00 1.076792694919999904e-01
2.936498000000000060e-03 8.132513000000000103e-01 1.247859000000000052e+01 1.052789496843508310e+01 2.081260099018859933e+01 2.817575110042000452e-01
3.949784999999999928e-03 6.555256999999999890e-01 6.010801999999999978e+00 2.128176801521661221e-01 2.325579474809242431e+00 7.260889455720000163e-02
4.013405999999999745e-03 7.645220999999999822e-01 1.342671999999999954e+01 2.425232618533872841e+00 6.847798710652654997e+00 1.144536907370999890e-01
5.329323000000000393e-03 5.976928999999999714e-01 6.184916000000000302e+00 2.059753896156353015e-01 1.292597567218850108e+00 4.864607123800000071e-02
5.423650000000000346e-03 7.459139000000000186e-01 1.484998000000000040e+01 2.510774031363053105e+00 2.961021461947820121e+00 2.816260717220000001e-02
7.443357999999999745e-03 5.354434999999999611e-01 6.324830000000000396e+00 1.833108318035584772e-01 6.900321671149034497e-01 2.451414120140000055e-02
7.539442000000000366e-03 7.081212000000000062e-01 1.620477999999999952e+01 8.970033775457424419e-01 1.213922559241906063e+00 2.268373044454000467e-02
1.016237000000000043e-02 4.752461000000000046e-01 6.471683999999999770e+00 8.342709615140436741e-02 3.514166362376902608e-01 1.952966500499999855e-02
1.026472999999999969e-02 6.759431000000000189e-01 1.818684999999999974e+01 4.206690300893754508e-01 5.125869199820350941e-01 5.908732829999999592e-04
1.379414999999999981e-02 4.260268999999999862e-01 6.554729000000000028e+00 5.133571523667238012e-03 2.059181085209474682e-01 1.158350031799999964e-02
1.392098999999999941e-02 6.463948000000000471e-01 2.045635000000000048e+01 6.217229723648223794e-02 2.571877586667937754e-01 6.786451721110000473e-03
1.475942000000000053e-02 9.236769999999999703e-01 1.074864000000000033e+02 3.911574658676890692e+00 1.407113220836563983e+01 1.822645836479999948e-01
1.917991999999999961e-02 3.708196999999999743e-01 6.636987999999999666e+00 1.730803985287256985e-01 1.298131894965978972e-01 4.216074807567000244e-04
1.934574999999999836e-02 6.114633000000000429e-01 2.339142000000000010e+01 3.021657974400002167e-03 1.360609397540121224e-01 1.848403333506000142e-03
2.020102000000000009e-02 8.556987999999999817e-01 1.152597999999999985e+02 8.379891496416795871e-01 2.618305563390375568e+00 9.539049468450000457e-02
2.621971000000000024e-02 3.217281000000000168e-01 6.711166000000000409e+00 1.027362260513578485e-02 6.725363648120614990e-02 3.576342270410000530e-03
2.644755000000000023e-02 5.806337000000000304e-01 2.657132000000000005e+01 1.328207579184322307e-01 6.541804402016365705e-02 2.160068200065999588e-03
2.716365999999999920e-02 8.328320000000000167e-01 1.224231000000000051e+02 6.476087168894262280e-01 5.910395504997266736e-01 2.493234317099999806e-02
3.567439000000000027e-02 2.790988999999999831e-01 6.789674999999999905e+00 3.746541160153725458e-02 3.777154879579892877e-02 2.671453347420000169e-03
3.593476000000000309e-02 5.462639999999999718e-01 2.988643000000000072e+01 4.218576127866170700e-02 3.282079710355657182e-02 2.960400341791999835e-03
3.673150000000000026e-02 7.910566999999999460e-01 1.294533999999999878e+02 1.801271580302920561e-01 1.787098502679671796e-01 6.782719331089999588e-03
4.904962999999999684e-02 2.374356999999999995e-01 6.834208000000000283e+00 2.313622053467694062e-02 2.551005339207084929e-02 1.421906342016000064e-03
4.942229000000000066e-02 5.088629000000000069e-01 3.333261999999999858e+01 1.992213341629054182e-02 1.960079038428221357e-02 6.257292582370000333e-04
5.039397000000000321e-02 7.526853000000000016e-01 1.396236000000000104e+02 1.638624711791343835e-01 7.370626473594432682e-02 2.481531839639999817e-03
6.784529999999999728e-02 1.941370000000000040e-01 6.869861000000000217e+00 1.548805491939213644e-03 1.213949805630419598e-02 2.613295920834000268e-04
6.830901999999999807e-02 4.671848000000000112e-01 3.660822000000000287e+01 6.477498712550856796e-03 8.428204417802181644e-03 4.705425809499999752e-04
6.933809000000000500e-02 7.176008999999999860e-01 1.520175000000000125e+02 3.424333569790689868e-02 2.173126780432186114e-02 6.831687077880000325e-04
9.227362000000000064e-02 1.581840999999999942e-01 6.920410999999999646e+00 1.325612169909346893e-03 6.187074871694128210e-03 4.159293775000000044e-04
9.284451999999999983e-02 4.235303999999999736e-01 3.928264999999999674e+01 2.082272430999478757e-03 3.952480704313975600e-03 5.684650189727999880e-04
9.404450000000000309e-02 6.817714999999999748e-01 1.655713000000000079e+02 1.016477951522210335e-02 7.718350748076764287e-03 1.682876941155000050e-04
1.229785999999999935e-01 1.364732999999999918e-01 7.285013000000000183e+00 1.806165201149122733e-04 4.829960273797035721e-03 3.050885548559999758e-04
1.247584000000000054e-01 3.815972999999999726e-01 4.178654000000000224e+01 2.351086755268743875e-03 2.524473030220023267e-03 2.409715020499999692e-04
1.261722999999999872e-01 6.469101000000000434e-01 1.819709000000000003e+02 1.277331006887152780e-04 3.874253550710480068e-03 2.078864905019999734e-05
1.336239999999999928e-01 8.987224999999999797e-01 1.101528000000000020e+03 2.842039230373938352e-01 2.383323207641718788e-01 2.257235399999999934e-03
1.731717999999999869e-01 1.149688999999999989e-01 8.234761000000000664e+00 6.532943230960636940e-04 3.154049598673630550e-03 7.688399814419999922e-05
1.765792999999999946e-01 3.305890000000000217e-01 4.398449999999999704e+01 1.036988710266236857e-03 1.044132207135339829e-03 1.695066762959999957e-05
1.783122000000000040e-01 6.112969999999999793e-01 2.070652000000000044e+02 1.540709203941352003e-03 1.216718866423573608e-03 9.586060117120001340e-07
1.867522000000000071e-01 8.583404999999999507e-01 1.122777000000000044e+03 2.314959448803550427e-03 2.130076145470079230e-02 8.168886371579999611e-04
2.239443000000000128e-01 1.016005999999999992e-01 9.190134000000000469e+00 1.660468846855872333e-03 3.044596895497633619e-03 1.868103248017999936e-04
2.405413999999999886e-01 2.861682999999999866e-01 4.571983000000000175e+01 9.855782980414417617e-04 3.982824529116935747e-04 4.873293714012000868e-05
2.423077999999999899e-01 5.773798999999999459e-01 2.331963000000000079e+02 3.118657258336369380e-04 3.703057030345494939e-04 2.926510398720000029e-05
2.504253000000000173e-01 8.430756999999999834e-01 1.192172000000000025e+03 6.825396517662663020e-04 2.933789150073507455e-03 1.342868834663999800e-04
3.173361000000000098e-01 2.435376999999999958e-01 4.732502000000000209e+01 3.939472873530451276e-04 2.541551261732903980e-04 1.233372802563000075e-05
3.178075000000000205e-01 5.359912999999999483e-01 2.553399000000000001e+02 3.493370803954750194e-04 1.915722389379231460e-04 7.779535582649999868e-06
3.226900999999999797e-01 7.965476999999999697e-01 1.240432999999999993e+03 2.160605092853122339e-04 9.956225637925615081e-04 1.310125637120000106e-05
4.550697000000000214e-01 1.870668000000000053e-01 5.015585999999999700e+01 1.120639325158709733e-05 1.820822036064472091e-04 2.591972963279999987e-05
4.599172000000000260e-01 4.592711999999999906e-01 2.825611000000000104e+02 8.670177106449256468e-05 1.054604243059005107e-04 5.717819598200000428e-06
4.692884999999999973e-01 7.429902999999999924e-01 1.328079999999999927e+03 2.946396054669137704e-04 3.042235091590502123e-04 8.979370039199999096e-06
6.202862000000000098e-01 1.597416999999999865e-01 5.563544999999999874e+01 4.115143473802492988e-05 5.762939689547658763e-05 3.582656785889999817e-06
6.264311999999999658e-01 4.103856000000000170e-01 3.078398000000000252e+02 3.645010892048860033e-05 2.374781536602517035e-05 1.615602737232000117e-06
6.358679999999999888e-01 6.935506000000000171e-01 1.415366999999999962e+03 5.875999879757028317e-05 4.136809297342033861e-05 6.877392555983999651e-07
8.178537000000000168e-01 1.367678999999999978e-01 6.113947999999999894e+01 1.155274659029326458e-06 6.238467097734081145e-06 2.057565110642999986e-07
8.240977999999999914e-01 3.642446999999999768e-01 3.295274999999999750e+02 2.459954151908569439e-06 1.912450920286931727e-06 1.726017856000000104e-07
8.325898999999999939e-01 6.518156000000000505e-01 1.513987000000000080e+03 1.806071100418524212e-06 2.495167726528542926e-06 8.403544069360000197e-08
