3.944103000000000019e-03 6.443984000000000378e-01 6.000036999999999843e+00 1.428733347843291090e+00 1.219941397934736216e-01 3.106243800434569935e-01
5.406448999999999804e-03 5.792496000000000311e-01 6.202112999999999765e+00 7.085606344642345622e-01 6.474839013525646170e-02 1.467799176002541617e-01
7.410828000000000380e-03 5.177095999999999920e-01 6.356091000000000157e+00 7.306535975421902807e-01 3.640960471047895858e-02 9.222563330238540968e-02
7.495352000000000264e-03 6.943833999999999840e-01 1.564917999999999942e+01 6.248653963221297847e-01 5.520551589182247365e-02 1.675006935409869557e-01
1.012325000000000030e-02 4.491136000000000017e-01 6.448592999999999797e+00 4.820895824563028453e-01 2.172825777299198374e-02 9.367793584399312923e-02
1.022922000000000067e-02 6.601251000000000202e-01 1.735802999999999940e+01 4.837782939336717769e-01 2.617490844147620649e-02 1.491331503767785449e-01
1.389227999999999991e-02 3.824224999999999985e-01 6.521570999999999785e+00 1.412953560717445378e-01 1.345423892416731763e-02 9.894371040051774813e-02
1.399993000000000071e-02 6.124536999999999898e-01 1.969560999999999851e+01 3.391543561759711167e-01 1.339185646203811322e-02 1.232348442562161417e-01
1.904439000000000132e-02 3.228543999999999858e-01 6.612975999999999743e+00 4.000317468620312455e-01 8.566769824843993575e-03 8.902318784989265987e-02
1.919241000000000003e-02 5.661787000000000347e-01 2.239168000000000092e+01 4.600085247522418541e-01 7.047450685183786687e-03 9.632678175551075139e-02
2.616341000000000153e-02 2.618493000000000070e-01 6.667300000000000004e+00 2.443278336541474249e-01 5.617502656922270833e-03 7.848362279957731003e-02
2.632376999999999981e-02 5.196884000000000503e-01 2.550036000000000058e+01 2.378363365538756768e-01 3.977963267152042834e-03 7.752165047907225159e-02
3.596830000000000166e-02 2.123636000000000135e-01 6.702264999999999695e+00 2.332641530428870291e-01 3.745074304582578922e-03 6.601757748731014452e-02
3.613613000000000242e-02 4.648744000000000209e-01 2.867359000000000080e+01 7.996002714107330878e-02 2.273078667561923699e-03 5.662085031847026440e-02
4.931697000000000164e-02 1.663749999999999951e-01 6.707005999999999801e+00 1.414218710376451138e-01 2.541721896065733156e-03 5.303511561768683297e-02
4.952954999999999858e-02 4.049948999999999910e-01 3.135989999999999966e+01 8.843183963293138605e-02 1.353308372433989146e-03 4.065103930820133243e-02
5.043141000000000290e-02 7.042907000000000473e-01 1.364518999999999949e+02 8.284728229371632335e-02 4.087767568443772918e-03 2.784002330391350394e-02
6.756715000000000637e-02 1.303045999999999927e-01 6.721504999999999619e+00 3.307701583910333670e-02 1.735652545168552083e-03 4.248182045726869166e-02
6.779931999999999626e-02 3.436180999999999819e-01 3.381219999999999715e+01 1.117924017757334770e-01 8.382058735915561519e-04 2.950221432868150098e-02
6.878499999999999892e-02 6.333377000000000034e-01 1.472740000000000009e+02 8.840578638421123236e-03 1.779350756755666450e-03 1.744794753778010701e-02
9.275187000000000015e-02 9.963992000000000682e-02 6.748132000000000019e+00 5.797515797115190828e-02 1.203563899958806638e-03 3.351297512754702196e-02
9.294684999999999753e-02 2.843248999999999915e-01 3.578450999999999738e+01 4.450764648150967034e-02 5.330156336439849027e-04 2.171374927804951491e-02
9.390608000000000288e-02 5.647159999999999958e-01 1.601908999999999992e+02 2.313357111463190674e-02 8.378034653673878829e-04 1.092068618196012295e-02
1.273343999999999865e-01 7.556733999999999674e-02 6.754489999999999661e+00 3.524593941096051258e-02 8.326077919718865824e-04 2.584483489784734564e-02
1.275976000000000055e-01 2.288910000000000111e-01 3.725829999999999842e+01 3.332795438345734912e-02 3.463924834473691055e-04 1.617205843687545205e-02
1.285755000000000092e-01 4.913365000000000093e-01 1.739273000000000025e+02 2.174284010736132061e-02 4.356423444829367244e-04 7.205571231872401512e-03
1.751668000000000114e-01 5.656752999999999781e-02 6.770451999999999693e+00 7.182600364244579733e-03 5.753105085376695408e-04 1.975414775493550962e-02
1.753989999999999994e-01 1.814437999999999884e-01 3.855161999999999978e+01 2.209722805551793401e-02 2.270190924538449705e-04 1.168799702751502877e-02
1.766167999999999905e-01 4.175956000000000112e-01 1.892530999999999892e+02 1.594004689065116678e-02 2.392796732219909961e-04 4.822975276079987175e-03
2.402518999999999905e-01 4.282804999999999945e-02 6.778462000000000209e+00 2.018980790087429242e-02 3.871924220304603448e-04 1.398116474508418090e-02
2.404157000000000100e-01 1.414121999999999879e-01 3.959866000000000241e+01 3.797501550612343915e-03 1.462750766982145025e-04 7.739707165739602782e-03
2.419388000000000094e-01 3.524600999999999984e-01 2.065466999999999871e+02 5.516377959838680151e-04 1.339853933623000749e-04 2.875891067577768245e-03
3.286036999999999986e-01 3.148581999999999770e-02 6.751172000000000395e+00 1.407832076436010132e-02 2.504759276887671710e-04 8.879759221289865861e-03
3.285278999999999838e-01 1.093415999999999971e-01 4.026964999999999861e+01 3.628087582509039594e-03 9.002811394686988328e-05 4.389047957193640409e-03
3.300580000000000180e-01 2.925664000000000042e-01 2.224147000000000105e+02 5.613582260223987097e-03 7.429228658362576709e-05 1.445761566995932461e-03
4.459347000000000172e-01 2.356195000000000164e-02 6.740484000000000364e+00 6.906614972517139024e-03 1.492275877483565348e-04 4.463650633751046863e-03
4.445078000000000085e-01 8.393741000000000396e-02 4.060327000000000197e+01 3.825983313356740544e-03 5.102126093435634135e-05 1.636515418647820031e-03
4.454268000000000116e-01 2.433396999999999921e-01 2.413323000000000036e+02 1.478036141064743934e-03 3.834793969381735117e-05 2.814139554399350653e-04
5.898063000000000056e-01 1.871944999999999859e-02 7.083793000000000006e+00 3.051537324847549033e-03 8.907078693786056405e-05 1.401139224884925599e-03
6.001946999999999699e-01 6.352808000000000066e-02 3.981786000000000314e+01 1.138652971377006155e-03 2.320462548047860562e-05 4.994982546073702557e-04
5.995122999999999980e-01 1.981439999999999868e-01 2.552618999999999971e+02 7.725771908773319385e-04 1.622273833466006488e-05 6.187104002774248841e-04
