2.878476000000000038e-03 6.722462999999999633e-01 5.901063999999999865e+00 3.539469916299792018e+00 3.052573059438213887e-01 2.269350583555999890e-01
3.945996999999999699e-03 6.159253999999999563e-01 6.063640000000000363e+00 2.082740003059968537e+00 1.518471187769502018e-01 1.267818394709999963e-01
5.409386999999999876e-03 5.590418000000000331e-01 6.192109000000000307e+00 1.981083456840171397e+00 8.005562567983627587e-02 5.770363924920000193e-02
5.475268999999999622e-03 7.105903000000000080e-01 1.528201999999999927e+01 2.867591592579383786e+00 1.466408499830074985e-01 1.983954692655000018e-01
7.411438000000000227e-03 5.066979000000000344e-01 6.338938999999999879e+00 1.366930079616057281e+00 4.453013885941581318e-02 1.203395329804000102e-01
7.487101999999999820e-03 6.714468000000000103e-01 1.679294000000000153e+01 1.601789270442805613e+00 6.609120445077788786e-02 1.412156234483999961e-01
1.012048999999999935e-02 4.442232999999999876e-01 6.432182000000000066e+00 1.079313061400434703e+00 2.631028121960021088e-02 5.216474449620000370e-02
1.022136000000000051e-02 6.436876000000000264e-01 1.853968000000000060e+01 1.030157792800199701e+00 3.182974992245373586e-02 8.050772261160001053e-02
1.389717000000000036e-02 3.831652999999999865e-01 6.492327999999999655e+00 7.439621445392231580e-01 1.598178759115822037e-02 1.541292111376999993e-02
1.399555000000000070e-02 5.979316999999999549e-01 2.081220000000000070e+01 6.288604952494500910e-01 1.621696855989438260e-02 5.199777308681999971e-02
1.904424999999999868e-02 3.253357000000000054e-01 6.584289000000000058e+00 5.372122086001090979e-01 1.009013084179197044e-02 7.516639814400000869e-03
1.918635999999999953e-02 5.512787999999999577e-01 2.329044999999999987e+01 4.885321479767734676e-01 8.664762154459571333e-03 2.389730646725999816e-02
2.616871000000000128e-02 2.644803000000000015e-01 6.636384999999999756e+00 4.001364682475525014e-01 6.594496065216555285e-03 7.391061192760000655e-03
2.631655000000000105e-02 5.082465000000000455e-01 2.603930000000000078e+01 3.548970708824737419e-01 4.838450618612512993e-03 8.090545711490001665e-03
3.598368999999999873e-02 2.172001000000000071e-01 6.681080999999999825e+00 2.535862379252046273e-01 4.349793545835822957e-03 1.442880512023999792e-02
3.613188999999999984e-02 4.534197999999999840e-01 2.878997000000000028e+01 2.492624432582264959e-01 2.761434901344441036e-03 1.301494527005999866e-03
3.678958000000000228e-02 7.317023999999999750e-01 1.356888999999999896e+02 1.620422075949216334e-01 1.114682462614099631e-02 4.884839434669999841e-03
4.933619999999999672e-02 1.709324000000000121e-01 6.682077999999999740e+00 1.914601163806216311e-01 2.943411969581914700e-03 1.444331454072000052e-02
4.953615000000000101e-02 3.956266999999999978e-01 3.115703999999999851e+01 1.703911009599412552e-01 1.639715845658877048e-03 1.218315224958999975e-03
5.022979000000000332e-02 6.761336000000000013e-01 1.463277999999999963e+02 1.201202643077402821e-01 4.554876002194833962e-03 2.830909591199999922e-03
6.757201999999999653e-02 1.349027999999999894e-01 6.698408999999999835e+00 1.294658880048682181e-01 2.006149673709757292e-03 1.595798928139999934e-02
6.780708000000000568e-02 3.360043999999999809e-01 3.331186000000000291e+01 1.186881600270894704e-01 1.016192907338027591e-03 2.642123885650000080e-03
6.859435999999999312e-02 6.101029999999999509e-01 1.580704000000000065e+02 8.008168094809285653e-02 2.053366011557721405e-03 3.621314619184000123e-03
9.275690000000000324e-02 1.030763999999999986e-01 6.729549999999999699e+00 1.067484258460434515e-01 1.375840238117130966e-03 1.625201545280000048e-02
9.294545999999999364e-02 2.795588999999999991e-01 3.530718000000000245e+01 8.399076620985489183e-02 6.409591036539020580e-04 4.519185193051999949e-03
9.379627999999999577e-02 5.458353000000000232e-01 1.717031000000000063e+02 4.689443414054770415e-02 9.967202741657848943e-04 3.482334743670999471e-03
1.273603000000000096e-01 7.838304999999999578e-02 6.734518999999999700e+00 6.284783658835745024e-02 9.533365435838400985e-04 1.487335640394999922e-02
1.276131000000000071e-01 2.259741000000000111e-01 3.667222999999999900e+01 5.665393011288050173e-02 4.149275665036055208e-04 5.769924230780000204e-03
1.284887999999999864e-01 4.781255999999999839e-01 1.858949000000000069e+02 3.459182077968721292e-02 5.233270050147982274e-04 2.799461412880000204e-03
1.752052000000000054e-01 5.873384999999999717e-02 6.752418999999999727e+00 6.038412938051094386e-02 6.570825880859903004e-04 1.413560851024999940e-02
1.754196000000000089e-01 1.793703000000000103e-01 3.792342000000000013e+01 4.206169229801533932e-02 2.714611702706383228e-04 5.571785327999999662e-03
1.765328999999999926e-01 4.065385000000000248e-01 2.008867999999999938e+02 1.608704477866886029e-02 2.893089485554749458e-04 2.593636648499999652e-03
2.403175999999999923e-01 4.447124999999999689e-02 6.763117000000000267e+00 2.695855384188987694e-02 4.442377030097587466e-04 1.167272856339999880e-02
2.404611000000000109e-01 1.403786999999999952e-01 3.892790000000000106e+01 2.739793500551305355e-02 1.749847154594919615e-04 4.454436467759999990e-03
2.418451000000000073e-01 3.447838999999999765e-01 2.178179000000000087e+02 1.438052615958163027e-02 1.630224344002881190e-04 1.696531802560000048e-03
3.286840999999999791e-01 3.284196999999999811e-02 6.738280999999999743e+00 2.426136953255507087e-02 2.866592275517764474e-04 8.243547584219999141e-03
3.285250000000000115e-01 1.088355000000000017e-01 3.964166000000000167e+01 1.156697611143197094e-02 1.068867625386429258e-04 2.852202732630000365e-03
3.299757999999999858e-01 2.862667999999999879e-01 2.326679000000000030e+02 8.394623647824214774e-03 8.979670708099997129e-05 9.740738317640000110e-04
4.459009999999999918e-01 2.469377000000000030e-02 6.725234000000000378e+00 1.132519302280904881e-02 1.706120239740193290e-04 4.268685395015999438e-03
4.445927000000000073e-01 8.391514999999999391e-02 4.000142000000000309e+01 6.208476607902068192e-03 6.066223355625323171e-05 7.284832585580000271e-04
4.452963999999999811e-01 2.383176999999999934e-01 2.502871000000000095e+02 3.168881241484003495e-03 4.651684286237850403e-05 1.640112062358000023e-05
5.895059999999999745e-01 1.944716000000000153e-02 7.067008999999999652e+00 3.230737004541071097e-03 1.023510105567084849e-04 9.691918020360000031e-04
6.004135999999999918e-01 6.336493999999999460e-02 3.917551999999999879e+01 2.787887526877658433e-03 2.755857707591053484e-05 8.047543157710000325e-04
5.995557999999999721e-01 1.939957999999999960e-01 2.619904000000000224e+02 8.294042041776637656e-04 1.971695593327559020e-05 7.452716027678999789e-04
