7.452877999999999586e-03 5.988959000000000366e-01 6.293675999999999604e+00 6.442880009272308195e-01 5.836436365529383552e-02 6.923047366439999406e-02
1.016009000000000009e-02 5.298534999999999773e-01 6.442972000000000143e+00 4.329901472992956912e-01 3.229023283057548543e-02 5.389734527319999663e-02
1.027885000000000083e-02 7.376006000000000506e-01 1.668320999999999898e+01 5.459647323476224390e-01 3.842999596109102078e-02 5.688197364240000012e-03
1.381771000000000041e-02 4.615525999999999796e-01 6.550130000000000230e+00 3.631321097398703679e-01 2.047753386763949066e-02 3.646667507899999799e-02
1.394595000000000036e-02 6.994690000000000074e-01 1.878267999999999915e+01 3.515117643435342054e-01 1.973970122363547658e-02 1.097225245130000089e-02
1.916794999999999957e-02 3.889769000000000143e-01 6.638311999999999991e+00 2.489060643674277928e-01 1.401374234441686573e-02 5.338063687979999888e-03
1.934345000000000162e-02 6.581976999999999967e-01 2.153847000000000023e+01 1.994652325974010654e-01 1.095902621137943150e-02 3.434109211500000099e-03
2.623680000000000109e-02 3.235321999999999920e-01 6.725966999999999807e+00 1.662037375619627722e-01 8.537186289934953209e-03 1.336599803100000164e-02
2.646580000000000113e-02 6.223878999999999939e-01 2.486673000000000044e+01 1.505162656035189672e-01 5.412804914291558488e-03 4.500104737379999505e-03
3.578040999999999860e-02 2.640030999999999906e-01 6.785692000000000057e+00 1.528062363664172418e-01 5.725268957369574613e-03 1.024911550979999871e-02
3.601332000000000144e-02 5.810735000000000205e-01 2.835838000000000036e+01 1.094592267504220923e-01 2.959122535971143129e-03 6.978805338639999974e-03
4.926462000000000202e-02 2.082649000000000028e-01 6.812135999999999747e+00 9.155961080990938916e-02 4.336846589578714078e-03 4.746164975891999788e-03
4.958909999999999707e-02 5.262318000000000273e-01 3.159321999999999875e+01 7.337852146341254655e-02 1.903292147454996568e-03 1.027141806567999967e-03
6.792065999999999382e-02 1.633659000000000083e-01 6.843099999999999739e+00 6.583261391202685497e-02 2.762172125601764471e-03 2.559050788524999849e-03
6.835779999999999634e-02 4.741524999999999768e-01 3.501487999999999801e+01 4.801221094672337292e-02 9.801272389228623053e-04 1.614224643007999751e-03
6.951528999999999348e-02 7.735349000000000252e-01 1.420909000000000049e+02 3.545542557828350316e-02 2.044526975973001270e-03 3.278271921119999856e-03
9.273849000000000675e-02 1.264649999999999941e-01 6.872404000000000401e+00 4.574769808420028894e-02 1.877606263387729358e-03 3.362272539901999761e-03
9.313111999999999779e-02 4.177988000000000257e-01 3.786961000000000155e+01 3.227768600157823742e-02 5.749461502572527196e-04 2.397535678406999965e-03
9.436300999999999717e-02 7.316947999999999785e-01 1.552565999999999917e+02 1.636666225981457320e-02 7.822614689849571217e-04 1.176976373063999900e-04
1.267372999999999972e-01 9.676012999999999975e-02 6.888719000000000037e+00 3.718133503942702006e-02 1.447909104926052917e-03 2.153324454084999933e-03
1.267841000000000107e-01 3.481759999999999855e-01 3.939224000000000103e+01 2.268264719496977666e-02 4.339322788210053382e-04 7.344148663500000597e-04
1.276946999999999943e-01 6.772793000000000285e-01 1.689915000000000020e+02 1.068798928440506217e-02 4.259491501689296024e-04 1.820749271879999937e-04
1.758764999999999912e-01 7.274518000000000650e-02 6.901901999999999759e+00 2.369927918063570449e-02 9.532894375615443569e-04 1.476886495714999819e-04
1.765892000000000017e-01 2.873149999999999871e-01 4.136954999999999671e+01 1.595421445479848835e-02 2.554990139135360824e-04 3.179005895260000403e-04
1.785252999999999979e-01 6.212701000000000473e-01 1.893143000000000029e+02 6.189136636615777051e-03 1.731298494894561296e-04 6.787627627900000185e-05
2.401009000000000060e-01 5.541792000000000246e-02 6.906947999999999865e+00 1.769810926915035831e-02 6.082432215191467323e-04 1.198526833888999841e-03
2.409405000000000019e-01 2.400650000000000006e-01 4.337586999999999904e+01 8.624986489773837223e-03 1.480120615142771978e-04 8.403814137904000187e-04
2.428850999999999927e-01 5.741773999999999489e-01 2.125037000000000091e+02 3.476967362730828525e-03 7.277533621561404543e-05 2.093513203148000021e-04
3.248855999999999966e-01 4.186122999999999927e-02 6.926198000000000299e+00 8.642902066173180700e-03 4.297083203934682662e-04 4.925364780794999403e-04
3.237389999999999990e-01 1.910536999999999930e-01 4.398711999999999733e+01 5.991560524253062778e-03 1.038587120331647636e-04 1.729837162675999806e-04
3.228638999999999815e-01 5.062048000000000103e-01 2.281564999999999941e+02 2.039613971318247638e-03 4.744756481292582839e-05 6.887107914540000321e-05
4.553526999999999991e-01 3.044826000000000130e-02 6.927561999999999998e+00 4.809285711197861836e-03 2.118152190195367096e-04 3.600154985805000072e-04
4.566279999999999784e-01 1.452525000000000066e-01 4.446640000000000015e+01 2.438884194300144220e-03 4.777021002224021153e-05 1.617121424863999840e-04
4.608722000000000096e-01 4.160702000000000012e-01 2.433497999999999877e+02 9.326212920240353928e-04 2.136284021008930502e-05 2.649258006038000135e-05
6.204802000000000373e-01 2.296505999999999895e-02 6.935997000000000412e+00 1.145842348730050260e-03 6.332291539445681033e-05 1.103032757375999935e-04
6.225038999999999989e-01 1.179178000000000032e-01 4.609270000000000067e+01 6.411305113573864027e-04 1.093834160562904224e-05 6.105907982159999913e-05
6.275448999999999611e-01 3.756334000000000062e-01 2.710427000000000248e+02 1.570455473041969426e-04 3.871686211720844290e-06 2.114140890179999946e-05
8.195078999999999558e-01 1.765335000000000168e-02 6.947398999999999880e+00 1.644524161678314960e-04 1.197727662027849594e-05 5.116097049030000016e-06
8.203451999999999966e-01 9.691737999999999742e-02 4.745085999999999871e+01 3.905515375097821484e-05 9.829962595529514026e-07 1.543060625256000136e-06
8.252247000000000332e-01 3.402620000000000089e-01 2.971478999999999928e+02 7.534701510288629669e-06 2.457838264029343968e-07 1.768987715039999791e-06
