7.386163999999999751e-03 4.880245999999999751e-01 6.422278000000000375e+00 9.466364875016641811e-01 6.874077280755008790e-02 1.122421402319999928e-01
1.012395999999999956e-02 4.265572000000000252e-01 6.481378000000000306e+00 5.331084622375270587e-01 4.119544625626316708e-02 7.194400088999999832e-02
1.022191000000000072e-02 6.359093999999999580e-01 1.997679000000000116e+01 6.384638602950573061e-01 4.683427303050261697e-02 7.093232949879998972e-02
1.389031999999999940e-02 3.718255999999999784e-01 6.553227999999999831e+00 4.681692102369203190e-01 2.546135451737632782e-02 4.059690497564000244e-02
1.399102999999999979e-02 5.952828000000000008e-01 2.248971999999999838e+01 5.782603949873283966e-01 2.454865824011541464e-02 5.025645841149999765e-02
1.904101999999999878e-02 3.114033999999999969e-01 6.666722000000000037e+00 2.793809351137532260e-01 1.642003169598960435e-02 2.279975593623000119e-02
1.918736999999999873e-02 5.486050000000000093e-01 2.524156999999999940e+01 3.662952450211722222e-01 1.373642714390185121e-02 3.601920098920000091e-02
2.614346000000000031e-02 2.546597999999999917e-01 6.702497000000000149e+00 2.086076523151261797e-01 1.077262614109468671e-02 8.089146744650001566e-03
2.633144999999999930e-02 5.105399000000000465e-01 2.824712999999999852e+01 2.435131776789520308e-01 7.717481884299904997e-03 1.804616905333999988e-02
3.594098999999999905e-02 2.084941999999999906e-01 6.748723000000000027e+00 1.642188842777749791e-01 7.204050207643133627e-03 5.602925804699999696e-04
3.612458000000000335e-02 4.659733999999999821e-01 3.160805999999999827e+01 1.554151654951455297e-01 4.531019988011465022e-03 1.016836633568000102e-02
4.931412999999999769e-02 1.645080999999999904e-01 6.767292000000000307e+00 1.147515922666137861e-01 4.925335590042483058e-03 2.982080150860000074e-03
4.953641000000000294e-02 4.113981999999999917e-01 3.440724000000000160e+01 1.146591576206879431e-01 2.736646254594141906e-03 4.338322564260000194e-03
5.026246000000000186e-02 6.746069999999999567e-01 1.575414000000000101e+02 1.127476165945954095e-01 7.387225533142740760e-03 2.040912662669999798e-03
6.756339999999999568e-02 1.285038000000000014e-01 6.765887000000000207e+00 8.625646383168002196e-02 3.378592855696854660e-03 7.596882973727999387e-03
6.782697999999999505e-02 3.556321000000000065e-01 3.723384999999999678e+01 8.292656467154796429e-02 1.714004132827630714e-03 8.925778218450000157e-04
6.869994999999999574e-02 6.233286000000000104e-01 1.712850999999999999e+02 6.797279215368476346e-02 3.544612695375942528e-03 3.905341288992000143e-04
9.275231000000000448e-02 9.640055999999999625e-02 6.801662000000000319e+00 6.091290270607759016e-02 2.339961616312946635e-03 7.026990994319999920e-03
9.295483000000000218e-02 2.987381000000000064e-01 3.958050000000000068e+01 6.067005246686821979e-02 1.094450892638349371e-03 2.373308229944999861e-03
9.395001000000000047e-02 5.725970000000000226e-01 1.897242999999999995e+02 4.844901592409904534e-02 1.784852431649064982e-03 2.512895769090000252e-03
1.272426999999999864e-01 7.312799999999999856e-02 6.805068000000000339e+00 6.210040286918187824e-02 1.633885519799015097e-03 8.185051003500001116e-03
1.275659000000000098e-01 2.408798000000000050e-01 4.095195999999999970e+01 3.350499857882970056e-02 7.121240793573152756e-04 4.100226877110000299e-03
1.286135999999999946e-01 5.163860000000000117e-01 2.118429999999999893e+02 3.126135371688294751e-02 9.628464422536171406e-04 3.057116454845999753e-03
1.749912000000000134e-01 5.397412000000000043e-02 6.845566999999999958e+00 2.104204454003574809e-02 1.125893265515977466e-03 7.912579748679999386e-03
1.751329000000000080e-01 1.903951999999999867e-01 4.229682999999999993e+01 2.195214631140520248e-02 4.629868391451476576e-04 3.827366169960000515e-03
1.763020999999999894e-01 4.508817999999999993e-01 2.353456999999999937e+02 2.150105453204026115e-02 5.333975840660841418e-04 3.037859352659999686e-03
2.399750999999999967e-01 4.088872999999999813e-02 6.825469000000000008e+00 1.144311860186258793e-02 7.555572194755657764e-04 6.338403586260000014e-03
2.401178999999999952e-01 1.475702000000000125e-01 4.304762999999999806e+01 1.766528868957829498e-02 2.962697344321654660e-04 3.173376703140000539e-03
2.411280000000000090e-01 3.903283000000000169e-01 2.614187999999999761e+02 1.326220054837784663e-02 2.976710020912888967e-04 2.161287561020000005e-03
3.283557999999999755e-01 2.957426000000000152e-02 6.787028000000000283e+00 1.082296064353935328e-02 4.785183775510831587e-04 4.342859754239999578e-03
3.278136999999999857e-01 1.127549000000000051e-01 4.344398999999999944e+01 9.384842838199753540e-03 1.794388037386335081e-04 1.855741844494999916e-03
3.288377000000000105e-01 3.242211999999999872e-01 2.804300999999999817e+02 6.626648328548902234e-03 1.582724105184409556e-04 1.008980984064000025e-03
4.455453999999999803e-01 2.276096000000000022e-02 6.775800000000000267e+00 6.616736240373941036e-03 2.844858777185948649e-04 2.174742107944000000e-03
4.439961000000000046e-01 8.520706000000000113e-02 4.322749999999999915e+01 4.461445140607139294e-03 9.931032413881584126e-05 4.555630897919999821e-04
4.436316000000000148e-01 2.646731999999999974e-01 2.956209999999999809e+02 2.730188063532612043e-03 7.891171620577054310e-05 1.033180020468000082e-05
5.997725000000000417e-01 6.341779999999999640e-02 4.204243999999999915e+01 1.018502925709857199e-03 4.550120231686939734e-05 4.691911794836000076e-04
5.982800000000000340e-01 2.102677000000000018e-01 3.040982000000000198e+02 8.866235480853965241e-04 3.228241512560334664e-05 5.897807446257999657e-04
