7.386163999999999751e-03 4.880245999999999751e-01 6.422278000000000375e+00 3.449976173552843361e-01 6.874077280755008790e-02 2.680154951540000274e-01
1.012395999999999956e-02 4.265572000000000252e-01 6.481378000000000306e+00 5.962462007681240683e-01 4.119544625626316708e-02 8.320028408000000597e-02
1.022191000000000072e-02 6.359093999999999580e-01 1.997679000000000116e+01 6.462548514402676192e-01 4.683427303050261697e-02 1.469821557980000026e-02
1.389031999999999940e-02 3.718255999999999784e-01 6.553227999999999831e+00 3.947378717088119715e-01 2.546135451737632782e-02 1.705675989728000150e-02
1.399102999999999979e-02 5.952828000000000008e-01 2.248971999999999838e+01 4.744794404037097624e-01 2.454865824011541464e-02 4.108651718325000146e-02
1.904101999999999878e-02 3.114033999999999969e-01 6.666722000000000037e+00 3.263419685389725156e-01 1.642003169598960435e-02 5.275756432570000848e-02
1.918736999999999873e-02 5.486050000000000093e-01 2.524156999999999940e+01 3.049962921600830601e-01 1.373642714390185121e-02 6.553611334010001066e-02
2.614346000000000031e-02 2.546597999999999917e-01 6.702497000000000149e+00 2.921957120848086564e-01 1.077262614109468671e-02 6.749871785800000412e-02
2.633144999999999930e-02 5.105399000000000465e-01 2.824712999999999852e+01 2.159229638172867893e-01 7.717481884299904997e-03 7.026023169699999182e-02
3.594098999999999905e-02 2.084941999999999906e-01 6.748723000000000027e+00 8.869967861348163063e-02 7.204050207643133627e-03 6.584158397249999239e-02
3.612458000000000335e-02 4.659733999999999821e-01 3.160805999999999827e+01 1.719256595986879688e-01 4.531019988011465022e-03 6.051058090370000503e-02
4.931412999999999769e-02 1.645080999999999904e-01 6.767292000000000307e+00 2.958818532944047786e-02 4.925335590042483058e-03 5.530847153579999953e-02
4.953641000000000294e-02 4.113981999999999917e-01 3.440724000000000160e+01 1.239592644918259268e-01 2.736646254594141906e-03 5.055875649120000065e-02
5.026246000000000186e-02 6.746069999999999567e-01 1.575414000000000101e+02 1.202570718537086247e-01 7.387225533142740760e-03 4.229699200860000119e-02
6.756339999999999568e-02 1.285038000000000014e-01 6.765887000000000207e+00 3.967528872572382431e-02 3.378592855696854660e-03 4.638252023432999638e-02
6.782697999999999505e-02 3.556321000000000065e-01 3.723384999999999678e+01 9.689466921630805751e-02 1.714004132827630714e-03 3.931193116650000263e-02
6.869994999999999574e-02 6.233286000000000104e-01 1.712850999999999999e+02 5.804816152076323205e-02 3.544612695375942528e-03 3.298466541590999723e-02
9.275231000000000448e-02 9.640055999999999625e-02 6.801662000000000319e+00 1.066632558378479839e-01 2.339961616312946635e-03 3.677639314860000480e-02
9.295483000000000218e-02 2.987381000000000064e-01 3.958050000000000068e+01 5.448391678499630436e-02 1.094450892638349371e-03 3.023395528185000153e-02
9.395001000000000047e-02 5.725970000000000226e-01 1.897242999999999995e+02 8.581211729472210115e-03 1.784852431649064982e-03 2.466746556119999920e-02
1.272426999999999864e-01 7.312799999999999856e-02 6.805068000000000339e+00 7.837991211214534459e-02 1.633885519799015097e-03 2.807502161301999796e-02
1.275659000000000098e-01 2.408798000000000050e-01 4.095195999999999970e+01 3.546019145959425356e-02 7.121240793573152756e-04 2.258810071593999810e-02
1.286135999999999946e-01 5.163860000000000117e-01 2.118429999999999893e+02 4.719105380494231089e-02 9.628464422536171406e-04 1.765046676383999827e-02
1.749912000000000134e-01 5.397412000000000043e-02 6.845566999999999958e+00 2.443883365341700808e-02 1.125893265515977466e-03 2.067399631985999964e-02
1.751329000000000080e-01 1.903951999999999867e-01 4.229682999999999993e+01 1.052149891836135463e-02 4.629868391451476576e-04 1.577336074242000064e-02
1.763020999999999894e-01 4.508817999999999993e-01 2.353456999999999937e+02 3.545548453500461938e-02 5.333975840660841418e-04 1.194147316361999882e-02
2.399750999999999967e-01 4.088872999999999813e-02 6.825469000000000008e+00 3.737348357563143042e-02 7.555572194755657764e-04 1.395394239523000020e-02
2.401178999999999952e-01 1.475702000000000125e-01 4.304762999999999806e+01 1.914269593968126459e-02 2.962697344321654660e-04 1.003095270708000142e-02
2.411280000000000090e-01 3.903283000000000169e-01 2.614187999999999761e+02 1.197194405850560660e-02 2.976710020912888967e-04 7.030652168049999345e-03
3.283557999999999755e-01 2.957426000000000152e-02 6.787028000000000283e+00 1.897799971739585340e-02 4.785183775510831587e-04 8.354940080639999822e-03
3.278136999999999857e-01 1.127549000000000051e-01 4.344398999999999944e+01 1.075767865854517294e-02 1.794388037386335081e-04 5.333986412215998944e-03
3.288377000000000105e-01 3.242211999999999872e-01 2.804300999999999817e+02 1.213749024629965853e-02 1.582724105184409556e-04 3.260137379136000130e-03
4.455453999999999803e-01 2.276096000000000022e-02 6.775800000000000267e+00 7.009634942959348455e-03 2.844858777185948649e-04 4.057413676092000258e-03
4.439961000000000046e-01 8.520706000000000113e-02 4.322749999999999915e+01 2.154977408990088952e-03 9.931032413881584126e-05 1.947388719167999875e-03
4.436316000000000148e-01 2.646731999999999974e-01 2.956209999999999809e+02 2.151493694896586002e-03 7.891171620577054310e-05 7.364336188060000270e-04
5.997725000000000417e-01 6.341779999999999640e-02 4.204243999999999915e+01 1.050668557280757609e-03 4.550120231686939734e-05 1.582979277238000024e-05
5.982800000000000340e-01 2.102677000000000018e-01 3.040982000000000198e+02 1.323954765377772461e-03 3.228241512560334664e-05 5.796760425637999216e-04
