5.400043999999999678e-03 5.430156999999999901e-01 6.219211999999999740e+00 1.817055952339769354e+00 1.685853071434144645e-01 2.677669128500000384e-01
7.386163999999999751e-03 4.880245999999999751e-01 6.422278000000000375e+00 1.534245550513201328e+00 9.704687993640014054e-02 1.515680211695999979e-01
7.493584999999999656e-03 6.546083999999999792e-01 1.775812000000000168e+01 1.610011164637844772e+00 1.318530720811262047e-01 2.507531742240000014e-02
1.012395999999999956e-02 4.265572000000000252e-01 6.481378000000000306e+00 1.283402161326089086e+00 5.831405621483440327e-02 9.890603041800000161e-02
1.022191000000000072e-02 6.359093999999999580e-01 1.997679000000000116e+01 1.233570954719849011e+00 6.602905472425135702e-02 8.230986983640000212e-03
1.389031999999999940e-02 3.718255999999999784e-01 6.553227999999999831e+00 7.958021433323132499e-01 3.603735873918516991e-02 5.821135996831999782e-02
1.399102999999999979e-02 5.952828000000000008e-01 2.248971999999999838e+01 9.047308370043014580e-01 3.481453571456460949e-02 1.245187828500000059e-02
1.904101999999999878e-02 3.114033999999999969e-01 6.666722000000000037e+00 6.707161219779708139e-01 2.317214872911324552e-02 3.848654223359999904e-02
1.918736999999999873e-02 5.486050000000000093e-01 2.524156999999999940e+01 6.721485148241189700e-01 1.944445189390654749e-02 1.156995798775000035e-02
2.614346000000000031e-02 2.546597999999999917e-01 6.702497000000000149e+00 4.565031879045138297e-01 1.526934811877757488e-02 2.510784615730000252e-02
2.633144999999999930e-02 5.105399000000000465e-01 2.824712999999999852e+01 4.399855948205699252e-01 1.089890456210066728e-02 1.553406660828000017e-02
3.594098999999999905e-02 2.084941999999999906e-01 6.748723000000000027e+00 3.065325300808982578e-01 1.020326655234562140e-02 1.542313500890999875e-02
3.612458000000000335e-02 4.659733999999999821e-01 3.160805999999999827e+01 3.428045721479736629e-01 6.395883255806669027e-03 9.145217923800000662e-03
3.665395999999999932e-02 7.161825000000000552e-01 1.439316000000000031e+02 3.279763449006700693e-01 2.375082008408794382e-02 3.224087595500000486e-02
4.931412999999999769e-02 1.645080999999999904e-01 6.767292000000000307e+00 2.418392121788900395e-01 6.937901294209770919e-03 6.115498857759999775e-03
4.953641000000000294e-02 4.113981999999999917e-01 3.440724000000000160e+01 2.344955267059612158e-01 3.867142528399549438e-03 7.628371828000000271e-03
5.026246000000000186e-02 6.746069999999999567e-01 1.575414000000000101e+02 1.910674102302631072e-01 1.049133553417238435e-02 1.302895639415999930e-02
6.756339999999999568e-02 1.285038000000000014e-01 6.765887000000000207e+00 1.693635674564706872e-01 4.782553195184572649e-03 4.426672923170000065e-03
6.782697999999999505e-02 3.556321000000000065e-01 3.723384999999999678e+01 1.596752114726920357e-01 2.425733563781427588e-03 4.310113926950000229e-03
6.869994999999999574e-02 6.233286000000000104e-01 1.712850999999999999e+02 1.479826442731031200e-01 5.015334848694400979e-03 4.583581238429999469e-03
9.275231000000000448e-02 9.640055999999999625e-02 6.801662000000000319e+00 1.137999453092820024e-01 3.309142975297906398e-03 2.365738026509999967e-03
9.295483000000000218e-02 2.987381000000000064e-01 3.958050000000000068e+01 1.135873138343941741e-01 1.547127654660942564e-03 3.368983935009999854e-03
9.395001000000000047e-02 5.725970000000000226e-01 1.897242999999999995e+02 9.790099481063908871e-02 2.543218380877410641e-03 3.559330761839999812e-04
1.272426999999999864e-01 7.312799999999999856e-02 6.805068000000000339e+00 8.244510372788077524e-02 2.311377764698340116e-03 1.286921877696000195e-03
1.275659000000000098e-01 2.408798000000000050e-01 4.095195999999999970e+01 7.800124904327654374e-02 1.006385959360749744e-03 2.989512763196000046e-03
1.286135999999999946e-01 5.163860000000000117e-01 2.118429999999999893e+02 6.908192580250763215e-02 1.367009399426960016e-03 1.639155726467999901e-03
1.749912000000000134e-01 5.397412000000000043e-02 6.845566999999999958e+00 5.601100519052631260e-02 1.591703943527383045e-03 1.389823104992000003e-03
1.751329000000000080e-01 1.903951999999999867e-01 4.229682999999999993e+01 5.480220124271065890e-02 6.571537323977699827e-04 1.803839383213999819e-03
1.763020999999999894e-01 4.508817999999999993e-01 2.353456999999999937e+02 4.458421002390022814e-02 7.561778068988720672e-04 2.013486691719000316e-03
2.399750999999999967e-01 4.088872999999999813e-02 6.825469000000000008e+00 3.623481376193888465e-02 1.064974629697923360e-03 4.190460252030000186e-04
2.401178999999999952e-01 1.475702000000000125e-01 4.304762999999999806e+01 3.118405713265120713e-02 4.176865686411373904e-04 1.049647751460000035e-03
2.411280000000000090e-01 3.903283000000000169e-01 2.614187999999999761e+02 2.435131975928215772e-02 4.198020394402240799e-04 1.441370844172000076e-03
3.283557999999999755e-01 2.957426000000000152e-02 6.787028000000000283e+00 2.110743363816277099e-02 6.805399256925549149e-04 3.783991567750000663e-04
3.278136999999999857e-01 1.127549000000000051e-01 4.344398999999999944e+01 1.642264348269560637e-02 2.529367140266763729e-04 4.209689909960000220e-04
3.288377000000000105e-01 3.242211999999999872e-01 2.804300999999999817e+02 1.317375199443654964e-02 2.236259842366198594e-04 9.750313585230000347e-04
3.342436999999999769e-01 6.031822999999999491e-01 1.362301999999999907e+03 8.109731728339111476e-03 7.430405725459439652e-04 1.847884051080000089e-04
4.455453999999999803e-01 2.276096000000000022e-02 6.775800000000000267e+00 8.866949386101720745e-03 4.034453852027061012e-04 2.084876490788000239e-04
4.439961000000000046e-01 8.520706000000000113e-02 4.322749999999999915e+01 7.434198939144131754e-03 1.406682125556944969e-04 2.785798623423999519e-04
4.436316000000000148e-01 2.646731999999999974e-01 2.956209999999999809e+02 4.846573384477194726e-03 1.119176379943111958e-04 3.453158511168000406e-04
4.471543000000000045e-01 5.262624000000000191e-01 1.455114000000000033e+03 2.732498765598587436e-03 2.781059531079080891e-04 4.731445857690000324e-04
5.913024000000000058e-01 1.801791000000000156e-02 7.173897000000000190e+00 4.148276350981254697e-03 2.319397190103587012e-04 7.919543418089999278e-04
5.997725000000000417e-01 6.341779999999999640e-02 4.204243999999999915e+01 1.002293549677439220e-03 6.415032761619148698e-05 9.454261775400001414e-04
5.982800000000000340e-01 2.102677000000000018e-01 3.040982000000000198e+02 1.078043097826535818e-03 4.552866948871925237e-05 3.396910652160000104e-04
