5.400043999999999678e-03 5.430156999999999901e-01 6.219211999999999740e+00 2.315653678105860980e+00 1.685853071434144645e-01 0.000000000000000000e+00
7.386163999999999751e-03 4.880245999999999751e-01 6.422278000000000375e+00 1.730729843536085832e+00 9.704687993640014054e-02 0.000000000000000000e+00
7.493584999999999656e-03 6.546083999999999792e-01 1.775812000000000168e+01 1.648876127157133054e+00 1.318530720811262047e-01 0.000000000000000000e+00
1.012395999999999956e-02 4.265572000000000252e-01 6.481378000000000306e+00 1.208030055585333828e+00 5.831405621483440327e-02 0.000000000000000000e+00
1.022191000000000072e-02 6.359093999999999580e-01 1.997679000000000116e+01 1.249488211869630883e+00 6.602905472425135702e-02 0.000000000000000000e+00
1.389031999999999940e-02 3.718255999999999784e-01 6.553227999999999831e+00 8.780999515136251876e-01 3.603735873918516991e-02 0.000000000000000000e+00
1.399102999999999979e-02 5.952828000000000008e-01 2.248971999999999838e+01 8.600135650491665951e-01 3.481453571456460949e-02 0.000000000000000000e+00
1.904101999999999878e-02 3.114033999999999969e-01 6.666722000000000037e+00 6.625558383869583068e-01 2.317214872911324552e-02 0.000000000000000000e+00
1.918736999999999873e-02 5.486050000000000093e-01 2.524156999999999940e+01 6.212712203202157557e-01 1.944445189390654749e-02 0.000000000000000000e+00
2.614346000000000031e-02 2.546597999999999917e-01 6.702497000000000149e+00 4.545371496455768989e-01 1.526934811877757488e-02 0.000000000000000000e+00
2.633144999999999930e-02 5.105399000000000465e-01 2.824712999999999852e+01 4.645280873693434232e-01 1.089890456210066728e-02 0.000000000000000000e+00
3.594098999999999905e-02 2.084941999999999906e-01 6.748723000000000027e+00 3.235358510710133473e-01 1.020326655234562140e-02 0.000000000000000000e+00
3.612458000000000335e-02 4.659733999999999821e-01 3.160805999999999827e+01 3.265713126584088855e-01 6.395883255806669027e-03 0.000000000000000000e+00
3.665395999999999932e-02 7.161825000000000552e-01 1.439316000000000031e+02 3.068367095517172682e-01 2.375082008408794382e-02 0.000000000000000000e+00
4.931412999999999769e-02 1.645080999999999904e-01 6.767292000000000307e+00 2.380977149169651863e-01 6.937901294209770919e-03 0.000000000000000000e+00
4.953641000000000294e-02 4.113981999999999917e-01 3.440724000000000160e+01 2.269857171715373712e-01 3.867142528399549438e-03 0.000000000000000000e+00
5.026246000000000186e-02 6.746069999999999567e-01 1.575414000000000101e+02 2.088385287465666096e-01 1.049133553417238435e-02 0.000000000000000000e+00
6.756339999999999568e-02 1.285038000000000014e-01 6.765887000000000207e+00 1.708833376587798880e-01 4.782553195184572649e-03 0.000000000000000000e+00
6.782697999999999505e-02 3.556321000000000065e-01 3.723384999999999678e+01 1.625082177330464672e-01 2.425733563781427588e-03 0.000000000000000000e+00
6.869994999999999574e-02 6.233286000000000104e-01 1.712850999999999999e+02 1.372274509375984164e-01 5.015334848694400979e-03 0.000000000000000000e+00
9.275231000000000448e-02 9.640055999999999625e-02 6.801662000000000319e+00 1.101326027038602162e-01 3.309142975297906398e-03 0.000000000000000000e+00
9.295483000000000218e-02 2.987381000000000064e-01 3.958050000000000068e+01 1.133431616401113090e-01 1.547127654660942564e-03 0.000000000000000000e+00
9.395001000000000047e-02 5.725970000000000226e-01 1.897242999999999995e+02 9.594067708557230123e-02 2.543218380877410641e-03 0.000000000000000000e+00
1.272426999999999864e-01 7.312799999999999856e-02 6.805068000000000339e+00 8.504624548667787109e-02 2.311377764698340116e-03 0.000000000000000000e+00
1.275659000000000098e-01 2.408798000000000050e-01 4.095195999999999970e+01 7.772546027052404383e-02 1.006385959360749744e-03 0.000000000000000000e+00
1.286135999999999946e-01 5.163860000000000117e-01 2.118429999999999893e+02 6.657881701206075364e-02 1.367009399426960016e-03 0.000000000000000000e+00
1.749912000000000134e-01 5.397412000000000043e-02 6.845566999999999958e+00 5.466989593536352582e-02 1.591703943527383045e-03 0.000000000000000000e+00
1.751329000000000080e-01 1.903951999999999867e-01 4.229682999999999993e+01 4.981027014724039720e-02 6.571537323977699827e-04 0.000000000000000000e+00
1.763020999999999894e-01 4.508817999999999993e-01 2.353456999999999937e+02 4.355832098073948722e-02 7.561778068988720672e-04 0.000000000000000000e+00
2.399750999999999967e-01 4.088872999999999813e-02 6.825469000000000008e+00 3.591702459434795852e-02 1.064974629697923360e-03 0.000000000000000000e+00
2.401178999999999952e-01 1.475702000000000125e-01 4.304762999999999806e+01 3.073392935291971786e-02 4.176865686411373904e-04 0.000000000000000000e+00
2.411280000000000090e-01 3.903283000000000169e-01 2.614187999999999761e+02 2.517155498912751824e-02 4.198020394402240799e-04 0.000000000000000000e+00
3.283557999999999755e-01 2.957426000000000152e-02 6.787028000000000283e+00 1.911607253174233897e-02 6.805399256925549149e-04 0.000000000000000000e+00
3.278136999999999857e-01 1.127549000000000051e-01 4.344398999999999944e+01 1.664528513311091043e-02 2.529367140266763729e-04 0.000000000000000000e+00
3.288377000000000105e-01 3.242211999999999872e-01 2.804300999999999817e+02 1.331767668306555082e-02 2.236259842366198594e-04 0.000000000000000000e+00
3.342436999999999769e-01 6.031822999999999491e-01 1.362301999999999907e+03 7.683048354011750083e-03 7.430405725459439652e-04 0.000000000000000000e+00
4.455453999999999803e-01 2.276096000000000022e-02 6.775800000000000267e+00 9.907505425014674974e-03 4.034453852027061012e-04 0.000000000000000000e+00
4.439961000000000046e-01 8.520706000000000113e-02 4.322749999999999915e+01 7.501659856518103769e-03 1.406682125556944969e-04 0.000000000000000000e+00
4.436316000000000148e-01 2.646731999999999974e-01 2.956209999999999809e+02 5.496556084469669638e-03 1.119176379943111958e-04 0.000000000000000000e+00
4.471543000000000045e-01 5.262624000000000191e-01 1.455114000000000033e+03 2.758457939949231046e-03 2.781059531079080891e-04 0.000000000000000000e+00
5.913024000000000058e-01 1.801791000000000156e-02 7.173897000000000190e+00 3.401841314418418017e-03 2.319397190103587012e-04 0.000000000000000000e+00
5.997725000000000417e-01 6.341779999999999640e-02 4.204243999999999915e+01 1.918987491747821753e-03 6.415032761619148698e-05 0.000000000000000000e+00
5.982800000000000340e-01 2.102677000000000018e-01 3.040982000000000198e+02 1.314016224595237472e-03 4.552866948871925237e-05 0.000000000000000000e+00
