   36.00000000    0.00200000 2571.42846680    9.41715050    0.06283727    0.02154679    0.06642881
   36.00000000    0.00600000  857.14288330    9.30300331    0.06423995    0.02070105    0.06749300
   36.00000000    0.01000000  514.28570557    9.08412075    0.06222371    0.02052421    0.06552124
   36.00000000    0.01400000  367.34692383    8.99135017    0.06143969    0.02007704    0.06463686
   36.00000000    0.01800000  285.71432495    8.51054859    0.06077316    0.01916766    0.06372422
   36.00000000    0.02200000  233.76623535    8.23621845    0.05929895    0.01966398    0.06247430
   36.00000000    0.02650000  194.07008362    7.89086294    0.05231580    0.01924210    0.05574227
   36.00000000    0.03150000  163.26530457    7.26723242    0.04984875    0.01651916    0.05251457
   36.00000000    0.03650000  140.90020752    6.84289503    0.04962311    0.01497538    0.05183354
   36.00000000    0.04200000  122.44898224    6.45740366    0.04251534    0.01436136    0.04487541
   36.00000000    0.04800000  107.14286041    5.80704784    0.04036458    0.01265233    0.04230107
   36.00000000    0.05400000   95.23809052    5.36624050    0.03905978    0.01140214    0.04068999
   36.00000000    0.06050000   85.00590515    4.91847229    0.03467112    0.00682895    0.03533725
   36.00000000    0.06800000   75.63024902    4.45171213    0.03022241    0.00624243    0.03086037
   36.00000000    0.07650000   67.22689056    3.97234511    0.02778705    0.00617328    0.02846453
   36.00000000    0.08600000   59.80066299    3.53901672    0.02454855    0.00520837    0.02509498
   36.00000000    0.09650000   53.29385376    3.13157749    0.02201880    0.00435966    0.02244625
   36.00000000    0.10800000   47.61904526    2.77010870    0.02013823    0.00391973    0.02051616
   36.00000000    0.12100000   42.50295258    2.40821743    0.01773364    0.00461836    0.01832515
   36.00000000    0.13650000   37.67660904    2.04270411    0.01418472    0.00400136    0.01473829
   36.00000000    0.15500000   33.17972183    1.73024476    0.01221273    0.00342977    0.01268520
   36.00000000    0.17700000   29.05569077    1.44546640    0.01047456    0.00289571    0.01086745
   36.00000000    0.20400000   25.21008492    1.14902163    0.00793518    0.00226805    0.00825295
   36.00000000    0.23850000   21.56334305    0.88484293    0.00607155    0.00181801    0.00633790
   36.00000000    0.28500000   18.04511261    0.64640832    0.00463235    0.00175485    0.00495360
   36.00000000    0.35150000   14.63117218    0.43550965    0.00308246    0.00120851    0.00331090
   36.00000000    0.45750001   11.24121761    0.25356552    0.00180013    0.00074283    0.00194738
   36.00000000    0.60949999    8.43782997    0.13245153    0.00113316    0.00043105    0.00121238
   36.00000000    0.80650002    6.37676001    0.06075644    0.00066590    0.00022032    0.00070140
   36.00000000    1.03550005    4.96654463    0.02906940    0.00044437    0.00012292    0.00046106
   36.00000000    1.32449996    3.88286710    0.01295360    0.00024229    0.00008202    0.00025580
   36.00000000    1.72150004    2.98742795    0.00485687    0.00012947    0.00003482    0.00013407
   36.00000000    2.23449993    2.30156970    0.00167728    0.00006692    0.00001469    0.00006851
   36.00000000    2.89949989    1.77370489    0.00055321    0.00003403    0.00000533    0.00003445
   36.00000000    4.13850021    1.24268615    0.00016345    0.00001229    0.00000226    0.00001249
   36.00000000    7.50000000    0.68571430    0.00002847    0.00000311    0.00000090    0.00000324
