*******************************************************************************************
SetName: BCDMSD
Author: Juan Rojo juan.rojo@physics.ox.ac.uk
Date: 2016
CodesUsed: None 
TheoryInput: MMHT14 NLO fitted functional form for deuteron nuclear correction
PDFset: MMHT14 NLO
Warnings: Normalisation corrections for APPLgrid
********************************************************************************************
1.00544
1.00544
1.00264
1.00264
1.00264
0.998214
0.998214
0.998214
0.998214
0.998214
0.993784
0.993784
0.993784
0.993784
0.993784
0.993784
0.993784
0.989045
0.989045
0.989045
0.989045
0.989045
0.989045
0.989045
0.989045
0.989045
0.984147
0.984147
0.984147
0.984147
0.984147
0.984147
0.984147
0.984147
0.984147
0.984147
0.977627
0.977627
0.977627
0.977627
0.977627
0.977627
0.977627
0.977627
0.977627
0.977627
0.977627
0.977627
0.971856
0.971856
0.971856
0.971856
0.971856
0.971856
0.971856
0.971856
0.971856
0.971856
0.971856
0.971856
0.971856
0.971856
0.976115
0.976115
0.976115
0.976115
0.976115
0.976115
0.976115
0.976115
0.976115
0.976115
0.976115
0.976115
0.976115
0.976115
1.0087
1.0087
1.0087
1.0087
1.0087
1.0087
1.0087
1.0087
1.0087
1.0087
1.0087
1.0087
1.0087
1.0087
1.10611
1.10611
1.10611
1.10611
1.10611
1.10611
1.10611
1.10611
1.10611
1.00544
1.00544
1.00264
1.00264
1.00264
0.998214
0.998214
0.998214
0.998214
0.993784
0.993784
0.993784
0.993784
0.993784
0.993784
0.989045
0.989045
0.989045
0.989045
0.989045
0.989045
0.984147
0.984147
0.984147
0.984147
0.984147
0.984147
0.984147
0.984147
0.977627
0.977627
0.977627
0.977627
0.977627
0.977627
0.977627
0.977627
0.977627
0.971856
0.971856
0.971856
0.971856
0.971856
0.971856
0.971856
0.971856
0.971856
0.971856
0.976115
0.976115
0.976115
0.976115
0.976115
0.976115
0.976115
0.976115
0.976115
0.976115
0.976115
1.0087
1.0087
1.0087
1.0087
1.0087
1.0087
1.0087
1.0087
1.0087
1.0087
1.0087
1.10611
1.10611
1.10611
1.10611
1.10611
1.10611
1.10611
1.10611
1.10611
1.00264
1.00264
0.998214
0.998214
0.998214
0.998214
0.993784
0.993784
0.993784
0.993784
0.993784
0.989045
0.989045
0.989045
0.989045
0.989045
0.989045
0.989045
0.984147
0.984147
0.984147
0.984147
0.984147
0.984147
0.984147
0.984147
0.984147
0.977627
0.977627
0.977627
0.977627
0.977627
0.977627
0.977627
0.977627
0.977627
0.971856
0.971856
0.971856
0.971856
0.971856
0.971856
0.971856
0.971856
0.971856
0.971856
0.976115
0.976115
0.976115
0.976115
0.976115
0.976115
0.976115
0.976115
0.976115
0.976115
0.976115
1.0087
1.0087
1.0087
1.0087
1.0087
1.0087
1.0087
1.0087
1.0087
1.0087
1.10611
1.10611
1.10611
1.10611
1.10611
1.10611
1.10611
1.10611
1.10611
