*******************************************************************************************
SetName: DYE605
Author: Juan Rojo juan.rojo@physics.ox.ac.uk
Date: May 2015
CodesUsed: VRAP v0.9 
TheoryInput:  muR and muF equal to M_ll
PDFset: NNPDF3.0 NNLO
Warnings: To validate with DYNNLO/FEWZ/DYRAP
********************************************************************************************
 1.13582
   1.13859
    1.1413
   1.14396
   1.14672
   1.14946
   1.15228
   1.15506
   1.15789
   1.16077
   1.18066
    1.1835
   1.18621
   1.19205
   1.20548
   1.23042
   1.27644
   1.13609
   1.13881
   1.14157
   1.14423
   1.14701
   1.14974
   1.15252
   1.15528
   1.15805
   1.16095
   1.18384
   1.18639
   1.18898
   1.19379
   1.20422
   1.22033
   1.25088
   1.33934
   1.13627
   1.13905
   1.14183
   1.14455
   1.14737
   1.15012
   1.15295
   1.15575
   1.15864
    1.1616
   1.18552
   1.18855
   1.19159
   1.19718
   1.20493
   1.21704
   1.24514
    1.3063
   1.13597
   1.13892
   1.14193
   1.14481
   1.14778
   1.15063
    1.1536
   1.15652
   1.15949
   1.16248
   1.18563
   1.18821
    1.1908
   1.19583
   1.20731
   1.22425
   1.24922
   1.31422
   1.13575
    1.1388
   1.14186
   1.14482
   1.14797
   1.15104
   1.15424
   1.15739
   1.16044
   1.16347
    1.1852
    1.1883
   1.19132
   1.19767
   1.21101
   1.23316
   1.26911
   1.29851
   1.13593
   1.13893
   1.14198
   1.14503
   1.14821
   1.15131
   1.15449
   1.15744
   1.16028
   1.16323
    1.1881
   1.19148
   1.19499
   1.20207
   1.21681
   1.24435
   1.27785
   1.31492
   1.15386
   1.15679
   1.16004
   1.16343
   1.19273
   1.19649
   1.20028
   1.20819
   1.22722
   1.25296
   1.28223
   1.37663
   