*******************************************************************************************
SetName: ATLASZPT7TEV_TOT
Author: Frank Petriello & Raja Boughezai
Date: 2016
CodesUsed: their own code 
TheoryInput: CT14, alphas(MZ)=0.118
PDFset: 
Warnings: 
********************************************************************************************
1.
1.
1.
1.
1.
1.
1.
1.
1.
1.
1.
1.
0.996
0.996
0.996
0.996
0.996
0.996
0.996
0.996
0.996
0.996
0.996
0.996
0.996
0.996
1.
1.
1.
1.
1.
1.
1.
1.
1.
1.
1.
1.
1.005
1.005
1.005
1.005
1.005
1.005
1.005
1.005
1.005
1.005
1.005
1.005
1.005
1.005
1.
1.
1.
1.
1.
1.
1.
1.
1.
1.
1.
1.
1.033
1.033
1.033
1.033
1.033
1.033
1.033
1.033
1.033
1.033
1.033
1.033
1.033
1.033
