*******************************************************************************************
SetName: CMSDY2D11
Author: Maria Ubiali ubiali@hep.phy.cam.ac.uk
Date: 2014
CodesUsed: FEWZ   
TheoryInput: NNPDF2.3 NLO, alphas(MZ)=0.119 -> CONVERTED TO 0.118
PDFset: NNPDF23_nlo_as_0119
Warnings: 
********************************************************************************************
1.07952
1.08735
1.08814
1.08683
1.08573
1.08587
1.08739
1.0898
1.09228
1.09416
1.0952
1.09577
1.09666
1.09854
1.10141
1.10416
1.10463
1.10036
1.08996
1.07466
1.06005
1.0586
1.09295
1.13124
0.934114
0.937734
0.939671
0.940121
0.940225
0.940974
0.942733
0.945209
0.94767
0.94928
0.949447
0.948093
0.94575
0.943494
0.942751
0.945082
0.951997
0.964763
0.984056
1.00915
1.03597
1.05296
1.03132
0.828917
0.944464
0.954996
0.962184
0.966686
0.969192
0.970351
0.970731
0.970807
0.970968
0.971528
0.972743
0.974826
0.977968
0.982346
0.988141
0.995551
1.00481
1.01618
1.03004
1.04686
1.06731
1.09249
1.12476
1.17713
0.978349
0.979038
0.979919
0.980973
0.982183
0.983539
0.985031
0.986656
0.988411
0.990298
0.992321
0.994492
0.996827
0.999351
1.0021
1.00514
1.00857
1.01254
1.01733
1.02351
1.03232
1.04727
1.08343
1.43779
0.994091
0.992121
0.992121
0.994091
0.995076
0.997045
0.999015
1
1.00098
1.00197
1.00197
1.00098
1.00098
1.00098
1.00098
1.00098
1.00295
1.00591
1.01083
1.01773
1.02758
1.0394
1.04727
0.976363
1.01284
1.01581
1.01581
1.01779
1.02075
1.02371
1.02371
1.02174
1.01779
1.01877
1.03952
1.13536