*******************************************************************************************
SetName: ATLASDY2D8TEV_PI
Author: Nathan Hartland
Date: May 2017
CodesUsed: None
TheoryInput:  None
PDFset:  None
Warnings: Dummy C-factors
********************************************************************************************
1.0	0
1.0	0
1.0	0
1.0	0
1.0	0
1.0	0
1.0	0
1.0	0
1.0	0
1.0	0
1.0	0
1.0	0
1.0	0
1.0	0
1.0	0
1.0	0
1.0	0
1.0	0
1.0	0
1.0	0
1.0	0
1.0	0
1.0	0
1.0	0
1.0	0
1.0	0
1.0	0
1.0	0
1.0	0
1.0	0
1.0	0
1.0	0
1.0	0
1.0	0
1.0	0
1.0	0
1.0	0
1.0	0
1.0	0
1.0	0
1.0	0
1.0	0
1.0	0
1.0	0
1.0	0
1.0	0
1.0	0
1.0	0