*******************************************************************************************
SetName: ATLASZPT8TEV_ptZ
Author: Frank Petriello & Raja Boughezai
Date: 2016
CodesUsed: their own code 
TheoryInput: CT14, alphas(MZ)=0.118
PDFset: 
Warnings: 
********************************************************************************************
1.
1.
1.
1.
1.
1.
1.
1.
1.
1.
1.044
1.080
1.056
1.059
1.057
1.054
1.066
1.064
1.076
1.052
1.
1.
1.
1.
1.
1.
1.
1.
1.
1.
1.050
1.050
1.056
1.067
1.063
1.071
1.065
1.070
1.070
1.102
1.
1.
1.
1.
1.
1.
1.
1.
1.
1.
1.050
1.054
1.051
1.067
1.074
1.047
1.063
1.067
1.075
1.071
1.
1.
1.
1.
1.
1.
1.
1.
1.
1.
1.049
1.062
1.050
1.053
1.062
1.061
1.075
1.080
1.086
1.090
1.
1.
1.
1.
1.
1.
1.
1.
1.
1.
1.042
1.064
1.055
1.070
1.067
1.081
1.035
1.077
1.072
1.114
1.
1.
1.
1.
1.
1.
1.
1.
1.
1.
1.045
1.058
1.097
1.082
1.073
1.050
1.081
1.065
1.112
1.097
