114 133 2.950e+03 -0.012 0.012 1.117 1.098 1.136 -0.022 0.022 -0.033 0.033 -0.027 0.026 -0.014 0.015 -0.004 0.004 -0.029 0.028 -0.000 0.000 -0.000 0.000 -0.000 0.000 -0.000 0.000 -0.000 0.000 -0.000 0.000 -0.000 0.000 -0.002 0.002 -0.009 0.008 -0.035 0.035 -0.011 0.013 -0.024 0.024 -0.010 0.010
133 153 1.341e+03 -0.015 0.015 1.098 1.084 1.113 -0.022 0.022 -0.032 0.026 -0.027 0.027 -0.015 0.016 -0.005 0.005 -0.026 0.026 -0.000 0.000 -0.000 0.000 -0.000 0.000 -0.000 0.000 -0.000 0.000 -0.000 0.000 -0.000 0.000 -0.002 0.002 -0.008 0.007 -0.031 0.031 -0.009 0.011 -0.022 0.022 -0.010 0.010
153 174 6.401e+02 -0.016 0.016 1.084 1.072 1.095 -0.022 0.022 -0.027 0.026 -0.028 0.027 -0.016 0.017 -0.006 0.006 -0.024 0.023 -0.000 0.000 -0.000 0.000 -0.000 0.000 -0.000 0.000 -0.000 0.000 -0.000 0.000 -0.000 0.000 -0.002 0.002 -0.007 0.006 -0.028 0.028 -0.009 0.010 -0.021 0.020 -0.010 0.010
174 196 3.114e+02 -0.009 0.009 1.072 1.063 1.081 -0.022 0.022 -0.027 0.026 -0.028 0.028 -0.017 0.018 -0.007 0.007 -0.022 0.022 -0.000 0.000 -0.000 0.000 -0.000 0.000 -0.000 0.000 -0.000 0.000 -0.000 0.000 -0.000 0.000 -0.002 0.002 -0.006 0.006 -0.025 0.025 -0.008 0.009 -0.019 0.019 -0.010 0.010
196 220 1.609e+02 -0.010 0.010 1.063 1.055 1.070 -0.022 0.022 -0.024 0.025 -0.028 0.028 -0.018 0.018 -0.008 0.008 -0.020 0.020 -0.000 0.000 -0.000 0.000 -0.000 0.000 -0.000 0.000 -0.000 0.000 -0.000 0.000 -0.000 0.000 -0.001 0.002 -0.006 0.005 -0.023 0.023 -0.007 0.008 -0.018 0.018 -0.010 0.010
220 245 8.540e+01 -0.011 0.011 1.055 1.049 1.061 -0.022 0.022 -0.024 0.025 -0.028 0.029 -0.019 0.019 -0.009 0.009 -0.019 0.019 -0.000 0.000 -0.000 0.000 -0.000 0.000 -0.000 0.000 -0.000 0.000 -0.000 0.000 -0.000 0.000 -0.001 0.001 -0.005 0.005 -0.021 0.021 -0.006 0.007 -0.017 0.017 -0.010 0.010
245 272 4.594e+01 -0.013 0.013 1.048 1.043 1.053 -0.022 0.022 -0.022 0.024 -0.029 0.029 -0.020 0.020 -0.010 0.010 -0.017 0.018 -0.000 0.000 -0.000 0.000 -0.000 0.000 -0.000 0.000 -0.000 0.000 -0.000 0.000 -0.000 0.000 -0.001 0.001 -0.005 0.004 -0.019 0.019 -0.006 0.006 -0.016 0.016 -0.010 0.010
272 300 2.498e+01 -0.016 0.016 1.043 1.039 1.046 -0.022 0.022 -0.025 0.022 -0.029 0.030 -0.021 0.021 -0.011 0.011 -0.016 0.017 -0.000 0.000 -0.000 0.000 -0.000 0.000 -0.000 0.000 -0.000 0.000 -0.000 0.000 -0.000 0.000 -0.001 0.001 -0.004 0.004 -0.017 0.018 -0.005 0.006 -0.015 0.015 -0.010 0.010
300 330 1.393e+01 -0.007 0.007 1.038 1.035 1.041 -0.022 0.022 -0.022 0.023 -0.030 0.030 -0.022 0.022 -0.012 0.012 -0.015 0.016 -0.000 0.000 -0.000 0.000 -0.000 0.000 -0.000 0.000 -0.000 0.000 -0.000 0.000 -0.000 0.000 -0.001 0.001 -0.004 0.004 -0.016 0.016 -0.005 0.005 -0.014 0.014 -0.010 0.010
330 362 7.820e+00 -0.008 0.008 1.034 1.031 1.036 -0.022 0.022 -0.023 0.023 -0.030 0.031 -0.023 0.023 -0.014 0.014 -0.015 0.015 -0.000 0.000 -0.000 0.000 -0.000 0.000 -0.000 0.000 -0.000 0.000 -0.000 0.000 -0.000 0.000 -0.001 0.001 -0.004 0.004 -0.015 0.015 -0.005 0.005 -0.013 0.014 -0.010 0.010
362 395 4.493e+00 -0.006 0.006 1.030 1.028 1.033 -0.022 0.022 -0.023 0.021 -0.031 0.032 -0.024 0.024 -0.015 0.015 -0.014 0.014 -0.000 0.000 -0.000 0.000 -0.000 0.000 -0.000 0.000 -0.000 0.000 -0.000 0.000 -0.000 0.000 -0.001 0.001 -0.003 0.003 -0.014 0.014 -0.004 0.004 -0.013 0.013 -0.010 0.010
395 430 2.625e+00 -0.006 0.006 1.027 1.026 1.029 -0.022 0.022 -0.023 0.023 -0.031 0.032 -0.025 0.025 -0.017 0.017 -0.013 0.014 -0.000 0.000 -0.000 0.000 -0.000 0.000 -0.000 0.000 -0.000 0.000 -0.000 0.000 -0.000 0.000 -0.001 0.001 -0.003 0.003 -0.013 0.013 -0.004 0.004 -0.012 0.012 -0.010 0.010
430 468 1.520e+00 -0.007 0.007 1.025 1.023 1.026 -0.022 0.022 -0.022 0.023 -0.032 0.033 -0.026 0.027 -0.018 0.019 -0.013 0.014 -0.000 0.000 -0.000 0.000 -0.000 0.000 -0.000 0.000 -0.000 0.000 -0.000 0.000 -0.000 0.000 -0.001 0.001 -0.003 0.003 -0.012 0.012 -0.004 0.004 -0.011 0.012 -0.010 0.010
468 507 8.747e-01 -0.008 0.008 1.022 1.021 1.024 -0.022 0.022 -0.023 0.022 -0.033 0.034 -0.027 0.028 -0.020 0.020 -0.013 0.013 -0.000 0.000 -0.000 0.000 -0.000 0.000 -0.000 0.000 -0.000 0.000 -0.000 0.000 -0.000 0.000 -0.001 0.001 -0.003 0.003 -0.011 0.011 -0.004 0.003 -0.011 0.011 -0.010 0.010
507 548 5.164e-01 -0.004 0.004 1.020 1.019 1.021 -0.022 0.022 -0.023 0.023 -0.034 0.035 -0.029 0.029 -0.022 0.022 -0.013 0.013 -0.000 0.000 -0.000 0.000 -0.000 0.000 -0.000 0.000 -0.000 0.000 -0.000 0.000 -0.000 0.000 -0.001 0.001 -0.002 0.003 -0.010 0.011 -0.003 0.003 -0.010 0.011 -0.010 0.010
548 592 3.078e-01 -0.005 0.005 1.019 1.018 1.019 -0.022 0.022 -0.022 0.023 -0.035 0.036 -0.030 0.031 -0.024 0.024 -0.012 0.013 -0.000 0.000 -0.000 0.000 -0.000 0.000 -0.000 0.000 -0.000 0.000 -0.000 0.000 -0.000 0.000 -0.001 0.001 -0.002 0.002 -0.010 0.010 -0.003 0.003 -0.010 0.010 -0.010 0.010
592 638 1.811e-01 -0.005 0.005 1.017 1.016 1.018 -0.022 0.022 -0.023 0.023 -0.036 0.036 -0.031 0.032 -0.026 0.027 -0.012 0.013 -0.000 0.000 -0.000 0.000 -0.000 0.000 -0.000 0.000 -0.000 0.000 -0.000 0.000 -0.000 0.000 -0.001 0.001 -0.002 0.002 -0.009 0.009 -0.003 0.003 -0.010 0.010 -0.010 0.010
638 686 1.074e-01 -0.007 0.007 1.016 1.015 1.016 -0.022 0.022 -0.023 0.023 -0.037 0.037 -0.032 0.034 -0.028 0.029 -0.012 0.012 -0.000 0.000 -0.000 0.000 -0.000 0.000 -0.000 0.000 -0.000 0.000 -0.000 0.000 -0.000 0.000 -0.001 0.001 -0.002 0.002 -0.008 0.009 -0.003 0.002 -0.009 0.010 -0.010 0.010
686 737 6.392e-02 -0.008 0.008 1.014 1.014 1.015 -0.022 0.022 -0.023 0.022 -0.038 0.038 -0.034 0.035 -0.031 0.031 -0.012 0.012 -0.000 0.000 -0.000 0.000 -0.000 0.000 -0.000 0.000 -0.000 0.000 -0.000 0.000 -0.000 0.000 -0.000 0.000 -0.002 0.002 -0.008 0.008 -0.003 0.002 -0.009 0.009 -0.010 0.010
737 790 3.758e-02 -0.011 0.011 1.013 1.013 1.013 -0.022 0.022 -0.024 0.023 -0.039 0.039 -0.035 0.037 -0.033 0.034 -0.013 0.012 -0.000 0.000 -0.000 0.000 -0.000 0.000 -0.000 0.000 -0.000 0.000 -0.000 0.000 -0.000 0.000 -0.000 0.000 -0.002 0.002 -0.007 0.008 -0.003 0.002 -0.008 0.009 -0.010 0.010
790 846 2.215e-02 -0.013 0.013 1.012 1.012 1.012 -0.022 0.022 -0.025 0.024 -0.041 0.040 -0.036 0.039 -0.036 0.037 -0.013 0.013 -0.000 0.000 -0.000 0.000 -0.000 0.000 -0.000 0.000 -0.000 0.000 -0.000 0.000 -0.000 0.000 -0.000 0.000 -0.002 0.002 -0.007 0.007 -0.002 0.002 -0.008 0.009 -0.010 0.010
846 905 1.309e-02 -0.017 0.017 1.011 1.011 1.011 -0.022 0.022 -0.024 0.024 -0.042 0.041 -0.038 0.040 -0.039 0.040 -0.013 0.013 -0.000 0.000 -0.000 0.000 -0.000 0.000 -0.000 0.000 -0.000 0.000 -0.000 0.000 -0.000 0.000 -0.000 0.000 -0.002 0.002 -0.007 0.007 -0.002 0.002 -0.008 0.008 -0.010 0.010
905 967 7.516e-03 -0.022 0.022 1.010 1.010 1.010 -0.022 0.022 -0.026 0.024 -0.044 0.043 -0.039 0.042 -0.042 0.043 -0.013 0.013 -0.000 0.000 -0.000 0.000 -0.000 0.000 -0.000 0.000 -0.000 0.000 -0.000 0.000 -0.000 0.000 -0.000 0.000 -0.001 0.002 -0.006 0.007 -0.002 0.002 -0.007 0.008 -0.010 0.010
967 1032 4.209e-03 -0.029 0.029 1.009 1.009 1.009 -0.022 0.022 -0.026 0.024 -0.046 0.044 -0.041 0.044 -0.045 0.046 -0.014 0.013 -0.000 0.000 -0.000 0.000 -0.000 0.000 -0.000 0.000 -0.000 0.000 -0.000 0.000 -0.000 0.000 -0.000 0.000 -0.001 0.002 -0.006 0.006 -0.002 0.002 -0.007 0.008 -0.010 0.010
1032 1101 2.324e-03 -0.038 0.038 1.009 1.009 1.009 -0.022 0.022 -0.027 0.026 -0.048 0.045 -0.042 0.047 -0.048 0.050 -0.014 0.013 -0.000 0.000 -0.000 0.000 -0.000 0.000 -0.000 0.000 -0.000 0.000 -0.000 0.000 -0.000 0.000 -0.000 0.000 -0.001 0.002 -0.006 0.006 -0.002 0.002 -0.007 0.007 -0.010 0.010
1101 1172 1.469e-03 -0.047 0.047 1.008 1.008 1.008 -0.022 0.022 -0.027 0.027 -0.050 0.046 -0.044 0.049 -0.052 0.053 -0.015 0.014 -0.000 0.000 -0.000 0.000 -0.000 0.000 -0.000 0.000 -0.000 0.000 -0.000 0.000 -0.000 0.000 -0.000 0.000 -0.001 0.001 -0.005 0.006 -0.002 0.001 -0.007 0.007 -0.010 0.010
1172 1248 8.029e-04 -0.063 0.063 1.007 1.007 1.008 -0.022 0.022 -0.029 0.028 -0.052 0.048 -0.046 0.051 -0.055 0.057 -0.015 0.014 -0.000 0.000 -0.000 0.000 -0.000 0.000 -0.000 0.000 -0.000 0.000 -0.000 0.000 -0.000 0.000 -0.000 0.000 -0.001 0.001 -0.005 0.005 -0.002 0.001 -0.006 0.007 -0.010 0.010
1248 1327 3.381e-04 -0.092 0.092 1.007 1.007 1.007 -0.022 0.022 -0.030 0.030 -0.055 0.049 -0.047 0.053 -0.059 0.061 -0.016 0.014 -0.000 0.000 -0.000 0.000 -0.000 0.000 -0.000 0.000 -0.000 0.000 -0.000 0.000 -0.000 0.000 -0.000 0.000 -0.001 0.001 -0.005 0.005 -0.002 0.001 -0.006 0.007 -0.010 0.010
1327 1410 1.793e-04 -0.126 0.126 1.006 1.006 1.007 -0.022 0.022 -0.033 0.031 -0.058 0.050 -0.049 0.056 -0.063 0.065 -0.016 0.015 -0.000 0.000 -0.000 0.000 -0.000 0.000 -0.000 0.000 -0.000 0.000 -0.000 0.000 -0.000 0.000 -0.000 0.000 -0.001 0.001 -0.005 0.005 -0.002 0.001 -0.006 0.007 -0.010 0.010
1410 1497 9.499e-05 -0.167 0.167 1.006 1.006 1.006 -0.022 0.022 -0.035 0.034 -0.060 0.052 -0.051 0.059 -0.068 0.070 -0.017 0.015 -0.000 0.000 -0.000 0.000 -0.000 0.000 -0.000 0.000 -0.000 0.000 -0.000 0.000 -0.000 0.000 -0.000 0.000 -0.001 0.001 -0.004 0.005 -0.002 0.001 -0.006 0.006 -0.010 0.010
1497 1588 4.333e-05 -0.217 0.217 1.006 1.005 1.006 -0.022 0.022 -0.039 0.037 -0.064 0.053 -0.052 0.061 -0.072 0.075 -0.018 0.015 -0.000 0.000 -0.000 0.000 -0.000 0.000 -0.000 0.000 -0.000 0.000 -0.000 0.000 -0.000 0.000 -0.000 0.000 -0.001 0.001 -0.004 0.004 -0.001 0.001 -0.006 0.006 -0.010 0.010
1588 1784 1.627e-05 -0.283 0.283 1.005 1.005 1.005 -0.022 0.022 -0.045 0.041 -0.069 0.056 -0.055 0.066 -0.080 0.083 -0.019 0.016 -0.000 0.000 -0.000 0.000 -0.000 0.000 -0.000 0.000 -0.000 0.000 -0.000 0.000 -0.000 0.000 -0.000 0.000 -0.001 0.001 -0.004 0.004 -0.001 0.001 -0.005 0.006 -0.010 0.010
1784 2116 2.053e-06 -0.725 0.725 1.004 1.004 1.004 -0.022 0.022 -0.057 0.056 -0.079 0.060 -0.060 0.074 -0.093 0.097 -0.021 0.017 -0.000 0.000 -0.000 0.000 -0.000 0.000 -0.000 0.000 -0.000 0.000 -0.000 0.000 -0.000 0.000 -0.000 0.000 -0.001 0.001 -0.003 0.004 -0.001 0.001 -0.005 0.005 -0.010 0.010
114 133 2.810e+03 -0.012 0.012 1.115 1.096 1.134 -0.022 0.022 -0.033 0.032 -0.027 0.025 -0.013 0.014 -0.004 0.003 -0.029 0.028 -0.000 0.000 -0.000 0.000 -0.000 0.000 -0.000 0.000 -0.000 0.000 -0.000 0.000 -0.001 0.000 -0.001 0.001 -0.008 0.007 -0.033 0.033 -0.015 0.016 -0.024 0.024 -0.010 0.010
133 153 1.234e+03 -0.015 0.015 1.096 1.082 1.110 -0.022 0.022 -0.032 0.031 -0.028 0.026 -0.014 0.015 -0.005 0.004 -0.026 0.026 -0.000 0.000 -0.000 0.000 -0.000 0.000 -0.000 0.000 -0.000 0.000 -0.000 0.000 -0.001 0.000 -0.000 0.000 -0.007 0.006 -0.029 0.030 -0.013 0.014 -0.022 0.022 -0.010 0.010
153 174 5.766e+02 -0.017 0.017 1.082 1.071 1.093 -0.022 0.022 -0.028 0.026 -0.028 0.027 -0.015 0.016 -0.005 0.005 -0.024 0.023 -0.000 0.000 -0.000 0.000 -0.000 0.000 -0.000 0.000 -0.000 0.000 -0.000 0.000 -0.001 0.000 -0.000 0.000 -0.006 0.006 -0.026 0.027 -0.012 0.013 -0.020 0.020 -0.010 0.010
174 196 2.860e+02 -0.009 0.009 1.070 1.062 1.079 -0.022 0.022 -0.029 0.024 -0.028 0.027 -0.017 0.017 -0.006 0.006 -0.022 0.021 -0.000 0.000 -0.000 0.000 -0.000 0.000 -0.000 0.000 -0.000 0.000 -0.000 0.000 -0.001 0.000 -0.000 0.000 -0.006 0.005 -0.024 0.024 -0.011 0.011 -0.019 0.019 -0.010 0.010
196 220 1.460e+02 -0.011 0.011 1.061 1.054 1.068 -0.022 0.022 -0.024 0.027 -0.028 0.028 -0.018 0.018 -0.007 0.007 -0.020 0.020 -0.000 0.000 -0.000 0.000 -0.000 0.000 -0.000 0.000 -0.000 0.000 -0.000 0.000 -0.001 0.000 -0.000 0.000 -0.005 0.005 -0.022 0.022 -0.010 0.010 -0.018 0.018 -0.010 0.010
220 245 7.607e+01 -0.012 0.012 1.053 1.048 1.059 -0.022 0.022 -0.023 0.024 -0.029 0.028 -0.019 0.019 -0.008 0.008 -0.019 0.019 -0.000 0.000 -0.000 0.000 -0.000 0.000 -0.000 0.000 -0.000 0.000 -0.000 0.000 -0.001 0.001 -0.000 0.000 -0.005 0.004 -0.020 0.020 -0.009 0.009 -0.017 0.017 -0.010 0.010
245 272 4.055e+01 -0.014 0.014 1.047 1.042 1.051 -0.022 0.022 -0.025 0.023 -0.029 0.029 -0.020 0.020 -0.010 0.009 -0.017 0.017 -0.000 0.000 -0.000 0.000 -0.000 0.000 -0.000 0.000 -0.000 0.000 -0.000 0.000 -0.001 0.001 -0.000 0.000 -0.004 0.004 -0.018 0.018 -0.008 0.008 -0.016 0.016 -0.010 0.010
272 300 2.222e+01 -0.016 0.016 1.041 1.038 1.045 -0.022 0.022 -0.024 0.022 -0.030 0.030 -0.021 0.021 -0.011 0.011 -0.016 0.016 -0.000 0.000 -0.000 0.000 -0.000 0.000 -0.000 0.000 -0.000 0.000 -0.000 0.000 -0.001 0.001 -0.000 0.000 -0.004 0.004 -0.017 0.017 -0.008 0.008 -0.015 0.015 -0.010 0.010
300 330 1.242e+01 -0.008 0.008 1.037 1.034 1.040 -0.022 0.022 -0.023 0.022 -0.030 0.031 -0.022 0.022 -0.012 0.012 -0.016 0.016 -0.000 0.000 -0.000 0.000 -0.000 0.000 -0.000 0.000 -0.000 0.000 -0.000 0.000 -0.001 0.001 -0.000 0.000 -0.004 0.003 -0.015 0.016 -0.007 0.007 -0.014 0.014 -0.010 0.010
330 362 6.966e+00 -0.009 0.009 1.033 1.031 1.035 -0.022 0.022 -0.024 0.022 -0.031 0.031 -0.024 0.023 -0.014 0.014 -0.015 0.015 -0.000 0.000 -0.000 0.000 -0.000 0.000 -0.000 0.000 -0.000 0.000 -0.000 0.000 -0.001 0.001 -0.000 0.000 -0.003 0.003 -0.014 0.014 -0.006 0.006 -0.014 0.014 -0.010 0.010
362 395 3.942e+00 -0.006 0.006 1.030 1.028 1.031 -0.022 0.022 -0.023 0.023 -0.032 0.032 -0.025 0.025 -0.015 0.015 -0.014 0.014 -0.000 0.000 -0.000 0.000 -0.000 0.000 -0.000 0.000 -0.000 0.000 -0.000 0.000 -0.001 0.001 -0.000 0.000 -0.003 0.003 -0.013 0.013 -0.006 0.006 -0.013 0.013 -0.010 0.010
395 430 2.269e+00 -0.007 0.007 1.027 1.025 1.028 -0.022 0.022 -0.023 0.023 -0.032 0.033 -0.026 0.026 -0.017 0.017 -0.014 0.014 -0.000 0.000 -0.000 0.000 -0.000 0.000 -0.000 0.000 -0.000 0.000 -0.000 0.000 -0.001 0.001 -0.000 0.000 -0.003 0.003 -0.012 0.013 -0.006 0.005 -0.012 0.013 -0.010 0.010
430 468 1.303e+00 -0.008 0.008 1.024 1.023 1.025 -0.022 0.022 -0.023 0.022 -0.033 0.034 -0.028 0.027 -0.019 0.019 -0.014 0.014 -0.000 0.000 -0.000 0.000 -0.000 0.000 -0.000 0.000 -0.000 0.000 -0.000 0.000 -0.001 0.001 -0.000 0.000 -0.003 0.003 -0.012 0.012 -0.005 0.005 -0.012 0.012 -0.010 0.010
468 507 7.474e-01 -0.009 0.009 1.022 1.021 1.023 -0.022 0.022 -0.023 0.023 -0.034 0.035 -0.029 0.029 -0.021 0.021 -0.013 0.013 -0.000 0.000 -0.000 0.000 -0.000 0.000 -0.000 0.000 -0.000 0.000 -0.000 0.000 -0.001 0.001 -0.000 0.000 -0.003 0.003 -0.011 0.011 -0.005 0.005 -0.011 0.011 -0.010 0.010
507 548 4.242e-01 -0.004 0.004 1.020 1.019 1.020 -0.022 0.022 -0.024 0.022 -0.035 0.036 -0.030 0.030 -0.023 0.024 -0.013 0.013 -0.000 0.000 -0.000 0.000 -0.000 0.000 -0.000 0.000 -0.000 0.000 -0.000 0.000 -0.001 0.001 -0.000 0.000 -0.002 0.002 -0.010 0.010 -0.005 0.004 -0.011 0.011 -0.010 0.010
548 592 2.449e-01 -0.005 0.005 1.018 1.017 1.019 -0.022 0.022 -0.024 0.023 -0.036 0.037 -0.031 0.032 -0.025 0.026 -0.013 0.013 -0.000 0.000 -0.000 0.000 -0.000 0.000 -0.000 0.000 -0.000 0.000 -0.000 0.000 -0.001 0.001 -0.000 0.000 -0.002 0.002 -0.010 0.010 -0.004 0.004 -0.011 0.011 -0.010 0.010
592 638 1.428e-01 -0.006 0.006 1.016 1.016 1.017 -0.022 0.022 -0.024 0.023 -0.038 0.038 -0.033 0.034 -0.028 0.028 -0.013 0.013 -0.000 0.000 -0.000 0.000 -0.000 0.000 -0.000 0.000 -0.000 0.000 -0.000 0.000 -0.001 0.001 -0.000 0.000 -0.002 0.002 -0.009 0.009 -0.004 0.004 -0.010 0.010 -0.010 0.010
638 686 8.285e-02 -0.007 0.007 1.015 1.015 1.015 -0.022 0.022 -0.024 0.023 -0.039 0.040 -0.034 0.036 -0.030 0.031 -0.013 0.013 -0.000 0.000 -0.000 0.000 -0.000 0.000 -0.000 0.000 -0.000 0.000 -0.000 0.000 -0.001 0.001 -0.000 0.000 -0.002 0.002 -0.008 0.009 -0.004 0.004 -0.010 0.010 -0.010 0.010
686 737 4.771e-02 -0.010 0.010 1.014 1.014 1.014 -0.022 0.022 -0.024 0.023 -0.040 0.041 -0.036 0.038 -0.033 0.034 -0.013 0.013 -0.000 0.000 -0.000 0.000 -0.000 0.000 -0.000 0.000 -0.000 0.000 -0.000 0.000 -0.001 0.001 -0.000 0.000 -0.002 0.002 -0.008 0.008 -0.004 0.003 -0.009 0.009 -0.010 0.010
737 790 2.762e-02 -0.012 0.012 1.013 1.013 1.013 -0.022 0.022 -0.024 0.025 -0.042 0.042 -0.037 0.040 -0.036 0.037 -0.014 0.014 -0.000 0.000 -0.000 0.000 -0.000 0.000 -0.000 0.000 -0.000 0.000 -0.000 0.000 -0.001 0.001 -0.000 0.000 -0.002 0.002 -0.007 0.008 -0.003 0.003 -0.009 0.009 -0.010 0.010
790 846 1.550e-02 -0.016 0.016 1.012 1.012 1.012 -0.022 0.022 -0.025 0.023 -0.044 0.044 -0.039 0.042 -0.039 0.040 -0.014 0.014 -0.000 0.000 -0.000 0.000 -0.000 0.000 -0.000 0.000 -0.000 0.000 -0.000 0.000 -0.001 0.001 -0.000 0.000 -0.002 0.002 -0.007 0.007 -0.003 0.003 -0.009 0.009 -0.010 0.010
846 905 8.333e-03 -0.021 0.021 1.011 1.011 1.011 -0.022 0.022 -0.025 0.025 -0.046 0.045 -0.040 0.044 -0.042 0.044 -0.014 0.014 -0.000 0.000 -0.000 0.000 -0.000 0.000 -0.000 0.000 -0.000 0.000 -0.000 0.000 -0.001 0.001 -0.000 0.000 -0.002 0.002 -0.007 0.007 -0.003 0.003 -0.008 0.008 -0.010 0.010
905 967 4.376e-03 -0.028 0.028 1.010 1.010 1.010 -0.022 0.022 -0.026 0.026 -0.048 0.046 -0.042 0.046 -0.046 0.048 -0.015 0.015 -0.000 0.000 -0.000 0.000 -0.000 0.000 -0.000 0.000 -0.000 0.000 -0.000 0.000 -0.001 0.001 -0.000 0.000 -0.001 0.002 -0.006 0.006 -0.003 0.003 -0.008 0.008 -0.010 0.010
967 1032 2.396e-03 -0.037 0.037 1.009 1.009 1.009 -0.022 0.022 -0.028 0.026 -0.050 0.048 -0.043 0.049 -0.049 0.052 -0.015 0.015 -0.000 0.000 -0.000 0.000 -0.000 0.000 -0.000 0.000 -0.000 0.000 -0.000 0.000 -0.001 0.001 -0.000 0.000 -0.001 0.001 -0.006 0.006 -0.003 0.002 -0.008 0.008 -0.010 0.010
1032 1101 1.426e-03 -0.047 0.047 1.008 1.008 1.009 -0.022 0.022 -0.029 0.028 -0.053 0.050 -0.045 0.051 -0.053 0.056 -0.016 0.015 -0.000 0.000 -0.000 0.000 -0.000 0.000 -0.000 0.000 -0.000 0.000 -0.000 0.000 -0.001 0.002 -0.000 0.000 -0.001 0.001 -0.006 0.006 -0.003 0.002 -0.008 0.008 -0.010 0.010
1101 1172 7.655e-04 -0.063 0.063 1.008 1.008 1.008 -0.022 0.022 -0.030 0.028 -0.055 0.051 -0.046 0.054 -0.057 0.060 -0.016 0.016 -0.000 0.000 -0.000 0.000 -0.000 0.000 -0.000 0.000 -0.000 0.000 -0.000 0.000 -0.001 0.002 -0.000 0.000 -0.001 0.001 -0.005 0.006 -0.002 0.002 -0.007 0.007 -0.010 0.010
1172 1248 3.218e-04 -0.094 0.094 1.007 1.007 1.008 -0.022 0.022 -0.031 0.032 -0.058 0.053 -0.048 0.057 -0.062 0.065 -0.017 0.016 -0.000 0.000 -0.000 0.000 -0.000 0.000 -0.000 0.000 -0.000 0.000 -0.000 0.000 -0.001 0.002 -0.000 0.000 -0.001 0.001 -0.005 0.005 -0.002 0.002 -0.007 0.007 -0.010 0.010
1248 1327 1.292e-04 -0.140 0.140 1.007 1.007 1.007 -0.022 0.022 -0.034 0.033 -0.061 0.055 -0.050 0.059 -0.066 0.070 -0.017 0.017 -0.000 0.000 -0.000 0.000 -0.000 0.000 -0.000 0.000 -0.000 0.000 -0.000 0.000 -0.001 0.002 -0.000 0.000 -0.001 0.001 -0.005 0.005 -0.002 0.002 -0.007 0.007 -0.010 0.010
1327 1410 7.129e-05 -0.207 0.207 1.006 1.006 1.007 -0.022 0.022 -0.038 0.037 -0.065 0.057 -0.051 0.063 -0.071 0.075 -0.018 0.018 -0.000 0.000 -0.000 0.000 -0.000 0.000 -0.000 0.000 -0.000 0.000 -0.000 0.000 -0.001 0.002 -0.000 0.000 -0.001 0.001 -0.005 0.005 -0.002 0.002 -0.007 0.007 -0.010 0.010
1410 1784 1.531e-05 -0.208 0.208 1.005 1.005 1.006 -0.022 0.022 -0.045 0.044 -0.075 0.063 -0.056 0.071 -0.085 0.091 -0.020 0.019 -0.000 0.000 -0.000 0.000 -0.000 0.000 -0.000 0.000 -0.000 0.000 -0.000 0.000 -0.002 0.002 -0.000 0.000 -0.001 0.001 -0.004 0.004 -0.002 0.002 -0.006 0.006 -0.010 0.010
114 133 2.346e+03 -0.013 0.013 1.111 1.090 1.132 -0.022 0.022 -0.041 0.041 -0.025 0.027 -0.014 0.015 -0.003 0.003 -0.029 0.033 -0.015 0.015 -0.002 0.002 -0.000 0.000 -0.000 0.000 -0.000 0.000 -0.000 0.000 -0.002 0.002 -0.000 0.000 -0.008 0.011 -0.034 0.038 -0.023 0.020 -0.024 0.027 -0.010 0.010
133 153 1.033e+03 -0.016 0.016 1.093 1.077 1.109 -0.022 0.022 -0.038 0.034 -0.026 0.028 -0.015 0.016 -0.004 0.004 -0.026 0.030 -0.015 0.015 -0.002 0.002 -0.000 0.000 -0.000 0.000 -0.000 0.000 -0.000 0.000 -0.002 0.002 -0.000 0.000 -0.008 0.009 -0.030 0.033 -0.020 0.018 -0.023 0.025 -0.010 0.010
153 174 4.757e+02 -0.018 0.018 1.079 1.066 1.091 -0.022 0.022 -0.031 0.031 -0.027 0.028 -0.016 0.017 -0.005 0.005 -0.024 0.027 -0.015 0.015 -0.002 0.002 -0.000 0.000 -0.000 0.000 -0.000 0.000 -0.000 0.000 -0.002 0.002 -0.000 0.000 -0.007 0.008 -0.027 0.030 -0.018 0.016 -0.021 0.023 -0.010 0.010
174 196 2.303e+02 -0.010 0.010 1.068 1.058 1.078 -0.022 0.022 -0.030 0.028 -0.028 0.029 -0.017 0.018 -0.006 0.006 -0.023 0.024 -0.015 0.016 -0.002 0.002 -0.000 0.000 -0.000 0.000 -0.000 0.000 -0.000 0.000 -0.002 0.002 -0.000 0.000 -0.006 0.007 -0.025 0.027 -0.016 0.015 -0.020 0.021 -0.010 0.010
196 220 1.169e+02 -0.012 0.012 1.058 1.050 1.067 -0.022 0.022 -0.028 0.028 -0.028 0.030 -0.018 0.019 -0.007 0.007 -0.021 0.022 -0.015 0.016 -0.002 0.002 -0.000 0.000 -0.000 0.000 -0.000 0.000 -0.000 0.000 -0.002 0.003 -0.000 0.000 -0.006 0.007 -0.023 0.024 -0.014 0.013 -0.019 0.020 -0.010 0.010
220 245 6.107e+01 -0.013 0.013 1.051 1.044 1.057 -0.022 0.022 -0.026 0.027 -0.029 0.031 -0.020 0.020 -0.008 0.008 -0.020 0.020 -0.015 0.016 -0.002 0.002 -0.000 0.000 -0.000 0.000 -0.000 0.000 -0.000 0.000 -0.002 0.003 -0.000 0.000 -0.005 0.006 -0.021 0.022 -0.013 0.012 -0.018 0.019 -0.010 0.010
245 272 3.191e+01 -0.015 0.015 1.045 1.039 1.050 -0.022 0.022 -0.026 0.025 -0.030 0.032 -0.021 0.021 -0.010 0.010 -0.019 0.019 -0.016 0.016 -0.002 0.002 -0.000 0.000 -0.000 0.000 -0.000 0.000 -0.000 0.000 -0.002 0.003 -0.000 0.000 -0.005 0.005 -0.019 0.020 -0.012 0.011 -0.017 0.018 -0.010 0.010
272 300 1.656e+01 -0.018 0.018 1.039 1.035 1.044 -0.022 0.022 -0.025 0.025 -0.031 0.033 -0.022 0.023 -0.011 0.011 -0.018 0.018 -0.016 0.016 -0.002 0.002 -0.000 0.000 -0.000 0.000 -0.000 0.000 -0.000 0.000 -0.002 0.003 -0.000 0.000 -0.005 0.005 -0.018 0.018 -0.011 0.010 -0.016 0.017 -0.010 0.010
300 330 9.079e+00 -0.009 0.009 1.035 1.031 1.039 -0.022 0.022 -0.025 0.024 -0.032 0.034 -0.024 0.024 -0.013 0.013 -0.017 0.017 -0.016 0.016 -0.002 0.002 -0.000 0.000 -0.000 0.000 -0.000 0.000 -0.000 0.000 -0.002 0.003 -0.000 0.000 -0.004 0.004 -0.016 0.017 -0.010 0.010 -0.015 0.016 -0.010 0.010
330 362 4.990e+00 -0.009 0.009 1.031 1.028 1.034 -0.022 0.022 -0.025 0.024 -0.033 0.035 -0.025 0.026 -0.015 0.015 -0.016 0.016 -0.016 0.016 -0.002 0.002 -0.000 0.000 -0.000 0.000 -0.000 0.000 -0.000 0.000 -0.003 0.003 -0.000 0.000 -0.004 0.004 -0.015 0.015 -0.009 0.009 -0.015 0.015 -0.010 0.010
362 395 2.748e+00 -0.007 0.007 1.028 1.025 1.030 -0.022 0.022 -0.024 0.024 -0.035 0.036 -0.027 0.027 -0.017 0.017 -0.016 0.015 -0.016 0.016 -0.002 0.002 -0.000 0.000 -0.000 0.000 -0.000 0.000 -0.000 0.000 -0.003 0.003 -0.000 0.000 -0.004 0.004 -0.014 0.014 -0.008 0.008 -0.014 0.014 -0.010 0.010
395 430 1.524e+00 -0.008 0.008 1.025 1.023 1.027 -0.022 0.022 -0.025 0.025 -0.036 0.037 -0.028 0.029 -0.019 0.019 -0.015 0.015 -0.016 0.016 -0.002 0.002 -0.000 0.000 -0.000 0.000 -0.000 0.000 -0.000 0.000 -0.003 0.003 -0.000 0.000 -0.003 0.004 -0.013 0.013 -0.008 0.008 -0.014 0.013 -0.010 0.010
430 468 8.352e-01 -0.009 0.009 1.023 1.021 1.024 -0.022 0.022 -0.025 0.023 -0.037 0.038 -0.030 0.031 -0.021 0.022 -0.015 0.015 -0.016 0.017 -0.002 0.002 -0.000 0.000 -0.000 0.000 -0.000 0.000 -0.000 0.000 -0.003 0.003 -0.000 0.000 -0.003 0.003 -0.013 0.012 -0.007 0.007 -0.013 0.013 -0.010 0.010
468 507 4.588e-01 -0.010 0.010 1.020 1.019 1.022 -0.022 0.022 -0.025 0.025 -0.038 0.039 -0.032 0.033 -0.024 0.024 -0.015 0.015 -0.016 0.017 -0.002 0.002 -0.000 0.000 -0.000 0.000 -0.000 0.000 -0.000 0.000 -0.003 0.003 -0.000 0.000 -0.003 0.003 -0.012 0.011 -0.006 0.007 -0.013 0.012 -0.010 0.010
507 548 2.547e-01 -0.005 0.005 1.019 1.017 1.020 -0.022 0.022 -0.025 0.024 -0.040 0.041 -0.034 0.035 -0.027 0.027 -0.015 0.015 -0.016 0.017 -0.002 0.002 -0.000 0.000 -0.000 0.000 -0.000 0.000 -0.000 0.000 -0.003 0.003 -0.000 0.000 -0.003 0.003 -0.011 0.011 -0.006 0.006 -0.012 0.012 -0.010 0.010
548 592 1.396e-01 -0.006 0.006 1.017 1.016 1.018 -0.022 0.022 -0.026 0.025 -0.041 0.042 -0.036 0.037 -0.030 0.030 -0.015 0.015 -0.017 0.017 -0.002 0.002 -0.000 0.000 -0.000 0.000 -0.000 0.000 -0.000 0.000 -0.003 0.003 -0.000 0.000 -0.003 0.003 -0.011 0.010 -0.006 0.006 -0.012 0.011 -0.010 0.010
592 638 7.495e-02 -0.008 0.008 1.015 1.015 1.016 -0.022 0.022 -0.026 0.025 -0.043 0.043 -0.038 0.039 -0.033 0.033 -0.014 0.015 -0.017 0.017 -0.002 0.002 -0.000 0.000 -0.000 0.000 -0.000 0.000 -0.000 0.000 -0.003 0.003 -0.000 0.000 -0.003 0.002 -0.010 0.009 -0.005 0.006 -0.011 0.011 -0.010 0.010
638 686 4.001e-02 -0.010 0.010 1.014 1.013 1.015 -0.022 0.022 -0.027 0.026 -0.044 0.045 -0.040 0.041 -0.036 0.037 -0.015 0.015 -0.017 0.017 -0.002 0.002 -0.000 0.000 -0.000 0.000 -0.000 0.000 -0.000 0.000 -0.003 0.003 -0.000 0.000 -0.002 0.002 -0.009 0.009 -0.005 0.005 -0.011 0.010 -0.010 0.010
686 737 2.110e-02 -0.013 0.013 1.013 1.012 1.013 -0.022 0.022 -0.028 0.026 -0.046 0.046 -0.043 0.043 -0.040 0.041 -0.015 0.016 -0.017 0.018 -0.002 0.002 -0.000 0.000 -0.000 0.000 -0.000 0.000 -0.000 0.000 -0.004 0.003 -0.000 0.000 -0.002 0.002 -0.009 0.008 -0.005 0.005 -0.010 0.010 -0.010 0.010
737 790 1.064e-02 -0.018 0.018 1.012 1.011 1.012 -0.022 0.022 -0.030 0.027 -0.048 0.048 -0.045 0.046 -0.044 0.045 -0.015 0.016 -0.017 0.018 -0.002 0.002 -0.000 0.000 -0.000 0.000 -0.000 0.000 -0.000 0.000 -0.004 0.003 -0.000 0.000 -0.002 0.002 -0.008 0.008 -0.004 0.005 -0.010 0.009 -0.010 0.010
790 846 5.301e-03 -0.025 0.025 1.011 1.011 1.011 -0.022 0.022 -0.030 0.031 -0.050 0.050 -0.047 0.048 -0.048 0.049 -0.015 0.017 -0.017 0.018 -0.002 0.002 -0.000 0.000 -0.000 0.000 -0.000 0.000 -0.000 0.000 -0.004 0.003 -0.000 0.000 -0.002 0.002 -0.008 0.007 -0.004 0.004 -0.010 0.009 -0.010 0.010
846 905 2.644e-03 -0.035 0.035 1.010 1.010 1.010 -0.022 0.022 -0.032 0.031 -0.051 0.052 -0.050 0.051 -0.052 0.053 -0.015 0.017 -0.018 0.018 -0.002 0.002 -0.000 0.000 -0.000 0.000 -0.000 0.000 -0.000 0.000 -0.004 0.003 -0.000 0.000 -0.002 0.002 -0.008 0.007 -0.004 0.004 -0.009 0.009 -0.010 0.010
905 967 1.278e-03 -0.049 0.049 1.009 1.009 1.009 -0.022 0.022 -0.034 0.033 -0.054 0.053 -0.053 0.054 -0.057 0.058 -0.016 0.018 -0.018 0.018 -0.002 0.002 -0.000 0.000 -0.000 0.000 -0.000 0.000 -0.000 0.000 -0.004 0.004 -0.000 0.001 -0.002 0.002 -0.007 0.006 -0.004 0.004 -0.009 0.008 -0.010 0.010
967 1032 5.419e-04 -0.073 0.073 1.008 1.008 1.009 -0.022 0.022 -0.038 0.035 -0.056 0.055 -0.056 0.057 -0.062 0.063 -0.016 0.019 -0.018 0.019 -0.002 0.002 -0.000 0.000 -0.000 0.000 -0.000 0.000 -0.000 0.000 -0.004 0.004 -0.000 0.001 -0.002 0.002 -0.007 0.006 -0.003 0.004 -0.009 0.008 -0.010 0.010
1032 1101 2.633e-04 -0.102 0.102 1.008 1.008 1.008 -0.022 0.022 -0.039 0.040 -0.058 0.057 -0.059 0.060 -0.067 0.069 -0.016 0.020 -0.018 0.019 -0.002 0.002 -0.000 0.000 -0.000 0.000 -0.000 0.000 -0.000 0.000 -0.004 0.004 -0.000 0.001 -0.002 0.001 -0.007 0.006 -0.003 0.004 -0.009 0.008 -0.010 0.010
1101 1172 1.416e-04 -0.159 0.159 1.007 1.007 1.007 -0.022 0.022 -0.045 0.043 -0.060 0.060 -0.062 0.063 -0.073 0.075 -0.017 0.020 -0.018 0.019 -0.002 0.002 -0.000 0.000 -0.000 0.000 -0.000 0.000 -0.000 0.000 -0.005 0.004 -0.000 0.001 -0.002 0.001 -0.006 0.005 -0.003 0.003 -0.008 0.007 -0.010 0.010
1172 1684 8.804e-06 -0.241 0.241 1.005 1.005 1.006 -0.022 0.022 -0.056 0.053 -0.070 0.069 -0.075 0.076 -0.097 0.099 -0.019 0.024 -0.019 0.020 -0.002 0.002 -0.000 0.000 -0.000 0.000 -0.000 0.000 -0.000 0.000 -0.005 0.004 -0.000 0.001 -0.001 0.001 -0.005 0.004 -0.002 0.003 -0.007 0.007 -0.010 0.010
114 133 1.813e+03 -0.016 0.016 1.105 1.082 1.128 -0.022 0.022 -0.040 0.036 -0.030 0.029 -0.012 0.013 -0.001 0.001 -0.032 0.031 -0.045 0.044 -0.012 0.013 -0.000 0.000 -0.000 0.000 -0.000 0.000 -0.000 0.000 -0.004 0.005 -0.008 0.009 -0.013 0.013 -0.036 0.036 -0.024 0.024 -0.025 0.025 -0.010 0.010
133 153 7.927e+02 -0.020 0.020 1.088 1.070 1.106 -0.022 0.022 -0.034 0.031 -0.030 0.030 -0.014 0.014 -0.002 0.002 -0.029 0.028 -0.047 0.046 -0.013 0.013 -0.000 0.000 -0.000 0.000 -0.000 0.000 -0.000 0.000 -0.005 0.005 -0.007 0.008 -0.012 0.012 -0.032 0.033 -0.021 0.022 -0.024 0.024 -0.010 0.010
153 174 3.550e+02 -0.023 0.023 1.074 1.060 1.089 -0.022 0.022 -0.028 0.028 -0.031 0.030 -0.016 0.016 -0.003 0.003 -0.026 0.026 -0.049 0.048 -0.013 0.014 -0.000 0.000 -0.000 0.000 -0.000 0.000 -0.000 0.000 -0.005 0.005 -0.007 0.007 -0.011 0.011 -0.029 0.030 -0.020 0.020 -0.023 0.023 -0.010 0.010
174 196 1.675e+02 -0.013 0.013 1.064 1.052 1.076 -0.022 0.022 -0.027 0.026 -0.031 0.031 -0.018 0.018 -0.005 0.005 -0.024 0.024 -0.051 0.050 -0.014 0.014 -0.000 0.000 -0.000 0.000 -0.000 0.000 -0.000 0.000 -0.005 0.005 -0.006 0.007 -0.010 0.010 -0.027 0.027 -0.018 0.018 -0.022 0.022 -0.010 0.010
196 220 8.278e+01 -0.015 0.015 1.055 1.045 1.065 -0.022 0.022 -0.026 0.025 -0.032 0.032 -0.020 0.020 -0.006 0.006 -0.023 0.023 -0.053 0.053 -0.015 0.015 -0.000 0.000 -0.000 0.000 -0.000 0.000 -0.000 0.000 -0.005 0.005 -0.006 0.006 -0.009 0.009 -0.025 0.025 -0.017 0.017 -0.021 0.021 -0.010 0.010
220 245 4.037e+01 -0.017 0.017 1.048 1.040 1.056 -0.022 0.022 -0.025 0.023 -0.033 0.033 -0.022 0.021 -0.008 0.008 -0.021 0.022 -0.055 0.055 -0.015 0.015 -0.000 0.000 -0.000 0.000 -0.000 0.000 -0.000 0.000 -0.006 0.006 -0.006 0.006 -0.009 0.008 -0.023 0.023 -0.015 0.016 -0.020 0.020 -0.010 0.010
245 272 2.118e+01 -0.020 0.020 1.042 1.035 1.049 -0.022 0.022 -0.024 0.023 -0.034 0.034 -0.024 0.023 -0.010 0.010 -0.020 0.021 -0.057 0.058 -0.016 0.016 -0.000 0.000 -0.000 0.000 -0.000 0.000 -0.000 0.000 -0.006 0.006 -0.005 0.005 -0.008 0.008 -0.021 0.021 -0.014 0.015 -0.019 0.019 -0.010 0.010
272 300 1.057e+01 -0.026 0.026 1.037 1.031 1.043 -0.022 0.022 -0.024 0.022 -0.035 0.035 -0.026 0.025 -0.012 0.012 -0.019 0.020 -0.060 0.060 -0.016 0.016 -0.000 0.000 -0.000 0.000 -0.000 0.000 -0.000 0.000 -0.006 0.006 -0.005 0.005 -0.007 0.007 -0.020 0.020 -0.013 0.014 -0.018 0.018 -0.010 0.010
300 330 5.547e+00 -0.012 0.012 1.033 1.028 1.038 -0.022 0.022 -0.023 0.022 -0.037 0.037 -0.028 0.028 -0.015 0.015 -0.019 0.019 -0.062 0.063 -0.017 0.017 -0.000 0.000 -0.000 0.000 -0.000 0.000 -0.000 0.000 -0.006 0.006 -0.005 0.005 -0.007 0.007 -0.019 0.019 -0.013 0.013 -0.017 0.017 -0.010 0.010
330 362 2.806e+00 -0.014 0.014 1.029 1.025 1.034 -0.022 0.022 -0.023 0.022 -0.038 0.038 -0.030 0.030 -0.018 0.017 -0.018 0.019 -0.065 0.066 -0.018 0.018 -0.000 0.000 -0.000 0.000 -0.000 0.000 -0.000 0.000 -0.007 0.006 -0.004 0.004 -0.007 0.006 -0.017 0.017 -0.012 0.012 -0.017 0.017 -0.010 0.010
362 395 1.427e+00 -0.011 0.011 1.026 1.022 1.030 -0.022 0.022 -0.023 0.022 -0.040 0.040 -0.033 0.032 -0.020 0.020 -0.018 0.018 -0.067 0.069 -0.019 0.018 -0.000 0.000 -0.000 0.000 -0.000 0.000 -0.000 0.000 -0.007 0.007 -0.004 0.004 -0.006 0.006 -0.016 0.016 -0.011 0.011 -0.016 0.016 -0.010 0.010
395 430 7.427e-01 -0.013 0.013 1.023 1.020 1.027 -0.022 0.022 -0.023 0.023 -0.042 0.042 -0.035 0.035 -0.024 0.023 -0.018 0.018 -0.070 0.073 -0.019 0.019 -0.000 0.000 -0.000 0.000 -0.000 0.000 -0.000 0.000 -0.007 0.007 -0.004 0.004 -0.006 0.006 -0.015 0.015 -0.010 0.011 -0.016 0.016 -0.010 0.010
430 468 3.663e-01 -0.015 0.015 1.021 1.018 1.024 -0.022 0.022 -0.023 0.022 -0.044 0.045 -0.038 0.037 -0.027 0.027 -0.018 0.018 -0.073 0.076 -0.020 0.020 -0.000 0.000 -0.000 0.000 -0.000 0.000 -0.000 0.000 -0.007 0.007 -0.004 0.004 -0.006 0.005 -0.014 0.014 -0.010 0.010 -0.015 0.015 -0.010 0.010
468 507 1.841e-01 -0.020 0.020 1.019 1.016 1.022 -0.022 0.022 -0.023 0.023 -0.047 0.047 -0.040 0.040 -0.031 0.031 -0.018 0.018 -0.077 0.080 -0.021 0.021 -0.000 0.000 -0.000 0.000 -0.000 0.000 -0.000 0.000 -0.008 0.008 -0.004 0.003 -0.005 0.005 -0.014 0.014 -0.009 0.009 -0.015 0.015 -0.010 0.010
507 548 8.613e-02 -0.009 0.009 1.017 1.015 1.019 -0.022 0.022 -0.024 0.023 -0.049 0.051 -0.043 0.043 -0.035 0.035 -0.018 0.017 -0.080 0.084 -0.022 0.021 -0.000 0.000 -0.000 0.000 -0.000 0.000 -0.000 0.000 -0.008 0.008 -0.003 0.003 -0.005 0.005 -0.013 0.013 -0.009 0.009 -0.014 0.014 -0.010 0.010
548 592 3.938e-02 -0.013 0.013 1.016 1.014 1.018 -0.022 0.022 -0.024 0.023 -0.052 0.054 -0.045 0.046 -0.040 0.039 -0.019 0.017 -0.083 0.088 -0.023 0.022 -0.000 0.000 -0.000 0.000 -0.000 0.000 -0.000 0.000 -0.009 0.008 -0.003 0.003 -0.005 0.005 -0.012 0.012 -0.008 0.008 -0.014 0.014 -0.010 0.010
592 638 1.800e-02 -0.017 0.017 1.014 1.012 1.016 -0.022 0.022 -0.025 0.025 -0.055 0.058 -0.048 0.049 -0.044 0.044 -0.019 0.018 -0.087 0.092 -0.024 0.023 -0.000 0.000 -0.000 0.000 -0.000 0.000 -0.000 0.000 -0.009 0.008 -0.003 0.003 -0.005 0.004 -0.012 0.011 -0.008 0.008 -0.013 0.013 -0.010 0.010
638 686 8.217e-03 -0.025 0.025 1.013 1.011 1.015 -0.022 0.022 -0.026 0.026 -0.059 0.062 -0.051 0.052 -0.050 0.049 -0.020 0.018 -0.091 0.096 -0.025 0.024 -0.000 0.000 -0.000 0.000 -0.000 0.000 -0.000 0.000 -0.009 0.009 -0.003 0.003 -0.004 0.004 -0.011 0.011 -0.008 0.008 -0.013 0.013 -0.010 0.010
686 737 3.605e-03 -0.037 0.037 1.012 1.010 1.013 -0.022 0.022 -0.028 0.026 -0.063 0.067 -0.054 0.056 -0.055 0.055 -0.020 0.018 -0.095 0.101 -0.026 0.025 -0.000 0.000 -0.000 0.000 -0.000 0.000 -0.000 0.000 -0.010 0.009 -0.003 0.002 -0.004 0.004 -0.010 0.010 -0.007 0.007 -0.013 0.013 -0.010 0.010
737 790 1.452e-03 -0.057 0.057 1.011 1.010 1.012 -0.022 0.022 -0.030 0.030 -0.067 0.072 -0.057 0.059 -0.061 0.061 -0.021 0.018 -0.099 0.106 -0.027 0.026 -0.000 0.000 -0.000 0.000 -0.000 0.000 -0.000 0.000 -0.010 0.010 -0.003 0.002 -0.004 0.004 -0.010 0.010 -0.007 0.007 -0.012 0.012 -0.010 0.010
790 846 5.105e-04 -0.093 0.093 1.010 1.009 1.011 -0.022 0.022 -0.033 0.032 -0.072 0.078 -0.060 0.063 -0.068 0.067 -0.022 0.018 -0.103 0.111 -0.028 0.027 -0.000 0.000 -0.000 0.000 -0.000 0.000 -0.000 0.000 -0.011 0.010 -0.003 0.002 -0.004 0.004 -0.010 0.009 -0.007 0.007 -0.012 0.012 -0.010 0.010
846 905 1.820e-04 -0.153 0.153 1.009 1.008 1.010 -0.022 0.022 -0.039 0.037 -0.077 0.084 -0.063 0.067 -0.075 0.074 -0.022 0.019 -0.108 0.116 -0.030 0.029 -0.000 0.000 -0.000 0.000 -0.000 0.000 -0.000 0.000 -0.011 0.010 -0.003 0.002 -0.004 0.003 -0.009 0.009 -0.006 0.006 -0.012 0.012 -0.010 0.010
905 967 7.258e-05 -0.233 0.233 1.008 1.008 1.009 -0.022 0.022 -0.044 0.044 -0.083 0.091 -0.066 0.071 -0.082 0.081 -0.023 0.019 -0.113 0.122 -0.031 0.030 -0.000 0.000 -0.000 0.000 -0.000 0.000 -0.000 0.000 -0.012 0.011 -0.002 0.002 -0.003 0.003 -0.009 0.008 -0.006 0.006 -0.011 0.011 -0.010 0.010
967 1248 1.045e-05 -0.299 0.299 1.007 1.006 1.007 -0.022 0.022 -0.061 0.059 -0.100 0.113 -0.075 0.082 -0.104 0.103 -0.026 0.021 -0.126 0.137 -0.035 0.033 -0.000 0.000 -0.000 0.000 -0.000 0.000 -0.000 0.000 -0.013 0.012 -0.002 0.002 -0.003 0.003 -0.008 0.008 -0.005 0.005 -0.011 0.011 -0.010 0.010
114 133 1.221e+03 -0.020 0.020 1.093 1.072 1.114 -0.022 0.022 -0.035 0.035 -0.030 0.029 -0.014 0.011 -0.001 0.001 -0.031 0.029 -0.099 0.110 -0.014 0.013 -0.007 0.006 -0.000 0.000 -0.007 0.006 -0.000 0.000 -0.009 0.008 -0.002 0.000 -0.022 0.020 -0.042 0.040 -0.039 0.037 -0.026 0.026 -0.010 0.010
133 153 5.078e+02 -0.025 0.025 1.077 1.060 1.094 -0.022 0.022 -0.031 0.030 -0.031 0.030 -0.016 0.014 -0.000 0.000 -0.029 0.028 -0.102 0.115 -0.016 0.015 -0.006 0.006 -0.000 0.000 -0.006 0.006 -0.000 0.000 -0.010 0.009 -0.002 0.000 -0.020 0.018 -0.039 0.037 -0.033 0.032 -0.025 0.025 -0.010 0.010
153 174 2.236e+02 -0.030 0.030 1.065 1.051 1.079 -0.022 0.022 -0.027 0.027 -0.033 0.032 -0.019 0.016 -0.002 0.002 -0.028 0.028 -0.106 0.120 -0.018 0.017 -0.006 0.006 -0.000 0.000 -0.006 0.006 -0.000 0.000 -0.011 0.010 -0.001 0.000 -0.018 0.017 -0.036 0.035 -0.028 0.028 -0.025 0.024 -0.010 0.010
174 196 1.007e+02 -0.018 0.018 1.055 1.044 1.067 -0.022 0.022 -0.026 0.025 -0.035 0.034 -0.021 0.019 -0.004 0.004 -0.027 0.027 -0.111 0.125 -0.019 0.018 -0.006 0.005 -0.000 0.000 -0.006 0.005 -0.000 0.000 -0.011 0.010 -0.001 0.000 -0.017 0.016 -0.034 0.032 -0.024 0.024 -0.024 0.024 -0.010 0.010
196 220 4.405e+01 -0.021 0.021 1.048 1.038 1.057 -0.022 0.022 -0.026 0.024 -0.037 0.036 -0.024 0.022 -0.007 0.007 -0.026 0.027 -0.115 0.131 -0.021 0.020 -0.005 0.005 -0.000 0.000 -0.005 0.005 -0.000 0.000 -0.012 0.011 -0.001 0.000 -0.016 0.015 -0.032 0.030 -0.021 0.022 -0.024 0.023 -0.010 0.010
220 245 2.052e+01 -0.024 0.024 1.041 1.033 1.050 -0.022 0.022 -0.024 0.024 -0.039 0.038 -0.027 0.025 -0.010 0.010 -0.026 0.026 -0.120 0.137 -0.023 0.022 -0.005 0.005 -0.000 0.000 -0.005 0.005 -0.000 0.000 -0.013 0.012 -0.000 0.000 -0.015 0.015 -0.030 0.029 -0.019 0.019 -0.023 0.023 -0.010 0.010
245 272 9.395e+00 -0.031 0.031 1.036 1.029 1.043 -0.022 0.022 -0.025 0.023 -0.042 0.041 -0.031 0.029 -0.013 0.013 -0.025 0.026 -0.124 0.143 -0.025 0.024 -0.005 0.005 -0.000 0.000 -0.005 0.005 -0.000 0.000 -0.014 0.013 -0.000 0.000 -0.014 0.014 -0.028 0.027 -0.016 0.017 -0.023 0.022 -0.010 0.010
272 300 4.053e+00 -0.042 0.042 1.032 1.026 1.038 -0.022 0.022 -0.024 0.023 -0.045 0.044 -0.034 0.033 -0.017 0.017 -0.025 0.025 -0.130 0.150 -0.028 0.026 -0.004 0.005 -0.000 0.000 -0.004 0.005 -0.000 0.000 -0.015 0.014 -0.000 0.000 -0.013 0.013 -0.026 0.026 -0.015 0.015 -0.023 0.022 -0.010 0.010
300 330 1.792e+00 -0.022 0.022 1.028 1.023 1.033 -0.022 0.022 -0.023 0.024 -0.048 0.047 -0.038 0.036 -0.021 0.021 -0.025 0.025 -0.135 0.157 -0.030 0.029 -0.004 0.004 -0.000 0.000 -0.004 0.004 -0.000 0.000 -0.016 0.014 -0.000 0.000 -0.012 0.013 -0.025 0.025 -0.013 0.014 -0.023 0.021 -0.010 0.010
330 362 7.782e-01 -0.026 0.026 1.025 1.020 1.029 -0.022 0.022 -0.024 0.024 -0.051 0.051 -0.041 0.041 -0.025 0.025 -0.025 0.024 -0.141 0.165 -0.032 0.031 -0.004 0.004 -0.000 0.000 -0.004 0.004 -0.000 0.000 -0.017 0.015 -0.000 0.000 -0.012 0.012 -0.024 0.023 -0.012 0.013 -0.022 0.021 -0.010 0.010
362 395 3.184e-01 -0.025 0.025 1.022 1.018 1.026 -0.022 0.022 -0.025 0.024 -0.055 0.055 -0.045 0.045 -0.030 0.030 -0.025 0.024 -0.147 0.172 -0.035 0.034 -0.003 0.004 -0.000 0.000 -0.003 0.004 -0.000 0.000 -0.018 0.016 -0.000 0.000 -0.011 0.012 -0.023 0.022 -0.011 0.012 -0.022 0.021 -0.010 0.010
395 430 1.221e-01 -0.032 0.032 1.020 1.016 1.023 -0.022 0.022 -0.026 0.025 -0.059 0.060 -0.049 0.050 -0.036 0.036 -0.025 0.024 -0.153 0.180 -0.038 0.036 -0.003 0.004 -0.000 0.000 -0.003 0.004 -0.000 0.000 -0.019 0.017 -0.000 0.000 -0.010 0.011 -0.022 0.021 -0.010 0.011 -0.022 0.020 -0.010 0.010
430 468 4.641e-02 -0.043 0.043 1.018 1.015 1.021 -0.022 0.022 -0.028 0.026 -0.064 0.065 -0.054 0.055 -0.042 0.042 -0.026 0.023 -0.159 0.189 -0.040 0.039 -0.003 0.004 -0.000 0.000 -0.003 0.004 -0.000 0.000 -0.020 0.019 -0.000 0.001 -0.010 0.011 -0.021 0.020 -0.009 0.010 -0.021 0.020 -0.010 0.010
468 507 1.616e-02 -0.065 0.065 1.016 1.013 1.019 -0.022 0.022 -0.029 0.029 -0.069 0.071 -0.058 0.060 -0.049 0.049 -0.026 0.023 -0.166 0.198 -0.043 0.042 -0.002 0.004 -0.000 0.000 -0.002 0.004 -0.000 0.000 -0.021 0.020 -0.000 0.001 -0.009 0.011 -0.020 0.019 -0.008 0.009 -0.021 0.019 -0.010 0.010
507 548 5.314e-03 -0.036 0.036 1.014 1.012 1.017 -0.022 0.022 -0.033 0.031 -0.075 0.077 -0.063 0.065 -0.056 0.056 -0.026 0.023 -0.173 0.207 -0.046 0.045 -0.002 0.003 -0.000 0.000 -0.002 0.003 -0.000 0.000 -0.023 0.021 -0.000 0.001 -0.009 0.010 -0.019 0.019 -0.007 0.008 -0.021 0.019 -0.010 0.010
548 592 1.634e-03 -0.063 0.063 1.013 1.011 1.015 -0.022 0.022 -0.037 0.036 -0.081 0.084 -0.068 0.071 -0.064 0.064 -0.027 0.022 -0.181 0.217 -0.050 0.048 -0.002 0.003 -0.000 0.000 -0.002 0.003 -0.000 0.000 -0.024 0.022 -0.000 0.001 -0.008 0.010 -0.018 0.018 -0.007 0.008 -0.021 0.019 -0.010 0.010
592 638 3.233e-04 -0.131 0.131 1.012 1.010 1.014 -0.022 0.022 -0.046 0.044 -0.087 0.092 -0.073 0.077 -0.073 0.073 -0.027 0.022 -0.189 0.228 -0.053 0.051 -0.002 0.003 -0.000 0.000 -0.002 0.003 -0.000 0.000 -0.025 0.023 -0.000 0.002 -0.008 0.010 -0.017 0.017 -0.006 0.007 -0.021 0.019 -0.010 0.010
638 686 9.167e-05 -0.251 0.251 1.011 1.009 1.013 -0.022 0.022 -0.058 0.056 -0.094 0.100 -0.079 0.084 -0.082 0.082 -0.028 0.022 -0.197 0.238 -0.057 0.055 -0.002 0.003 -0.000 0.000 -0.002 0.003 -0.000 0.000 -0.027 0.025 -0.000 0.002 -0.008 0.009 -0.017 0.017 -0.006 0.006 -0.020 0.018 -0.010 0.010
686 905 7.920e-06 -0.435 0.435 1.009 1.007 1.010 -0.022 0.022 -0.084 0.089 -0.116 0.125 -0.094 0.102 -0.109 0.109 -0.030 0.021 -0.220 0.269 -0.067 0.065 -0.001 0.003 -0.000 0.000 -0.001 0.003 -0.000 0.000 -0.031 0.029 -0.000 0.004 -0.007 0.008 -0.015 0.015 -0.004 0.005 -0.020 0.018 -0.010 0.010

