 0.7000000E-01 0.5763000E+00 0.7500000E+01 0.3893400E+00 0.6000000E-02 0.8373000E-02 0.9323800E-02
   3.0  -0.3  -0.1   0.1   1.0
 0.7000000E-01 0.6724001E+00 0.8750000E+01 0.3762400E+00 0.5210000E-02 0.7680800E-02 0.9924100E-02
   3.0  -0.3  -0.1   1.3   1.0
 0.1000000E+00 0.4034000E+00 0.7500000E+01 0.3805500E+00 0.4240000E-02 0.4647400E-02 0.6403400E-02
   3.0  -0.4  -0.3   0.3   1.0
 0.1000000E+00 0.4707000E+00 0.8750000E+01 0.3834700E+00 0.3510000E-02 0.3999500E-02 0.6310200E-02
   3.0  -0.3  -0.2   0.7   1.0
 0.1000000E+00 0.5513000E+00 0.1025000E+02 0.3796000E+00 0.3620000E-02 0.4087400E-02 0.6294300E-02
   3.0  -0.3  -0.1   0.7   1.0
 0.1400000E+00 0.3362000E+00 0.8750000E+01 0.3756000E+00 0.3900000E-02 0.3900000E-02 0.5780000E-02
   3.0  -0.4  -0.3   0.2   1.0
 0.1400000E+00 0.3938000E+00 0.1025000E+02 0.3767600E+00 0.3960000E-02 0.3960000E-02 0.5974600E-02
   3.0  -0.4  -0.3   0.4   1.0
 0.1400000E+00 0.4514000E+00 0.1175000E+02 0.3725900E+00 0.4300000E-02 0.4300000E-02 0.6259000E-02
   3.0  -0.3  -0.2   0.6   1.0
 0.1400000E+00 0.5091000E+00 0.1325000E+02 0.3657500E+00 0.4680000E-02 0.4680000E-02 0.6128100E-02
   3.0  -0.3  -0.2   0.2   1.0
 0.1400000E+00 0.5763000E+00 0.1500000E+02 0.3719600E+00 0.4810000E-02 0.4810000E-02 0.6466400E-02
   3.0  -0.3  -0.1   0.5   1.0
 0.1800000E+00 0.2615000E+00 0.8750000E+01 0.3678600E+00 0.4890000E-02 0.4890000E-02 0.6809900E-02
   3.0  -0.5  -0.4  -0.5   1.0
 0.1800000E+00 0.3063000E+00 0.1025000E+02 0.3645700E+00 0.4740000E-02 0.4740000E-02 0.6262100E-02
   3.0  -0.4  -0.3   0.1   1.0
 0.1800000E+00 0.3511000E+00 0.1175000E+02 0.3649200E+00 0.5010000E-02 0.5010000E-02 0.6502200E-02
   3.0  -0.4  -0.3   0.2   1.0
 0.1800000E+00 0.3959000E+00 0.1325000E+02 0.3627000E+00 0.5340000E-02 0.5340000E-02 0.6898600E-02
   3.0  -0.4  -0.2   0.5   1.0
 0.1800000E+00 0.4482000E+00 0.1500000E+02 0.3622800E+00 0.5210000E-02 0.5210000E-02 0.6569300E-02
   3.0  -0.3  -0.2   0.3   1.0
 0.1800000E+00 0.5080000E+00 0.1700000E+02 0.3535000E+00 0.5710000E-02 0.5710000E-02 0.6844700E-02
   3.0  -0.3  -0.1  -0.2   1.0
 0.2250000E+00 0.2450000E+00 0.1025000E+02 0.3405100E+00 0.4810000E-02 0.4810000E-02 0.6228100E-02
   3.0  -0.5  -0.3  -0.1   1.0
 0.2250000E+00 0.2809000E+00 0.1175000E+02 0.3454500E+00 0.5010000E-02 0.5010000E-02 0.6325900E-02
   3.0  -0.4  -0.3   0.0   1.0
 0.2250000E+00 0.3168000E+00 0.1325000E+02 0.3369300E+00 0.5200000E-02 0.5200000E-02 0.6385600E-02
   3.0  -0.4  -0.2   0.1   1.0
 0.2250000E+00 0.3586000E+00 0.1500000E+02 0.3351700E+00 0.4900000E-02 0.4900000E-02 0.6132100E-02
   3.0  -0.4  -0.2  -0.1   1.0
 0.2250000E+00 0.4064000E+00 0.1700000E+02 0.3196200E+00 0.5220000E-02 0.5220000E-02 0.6236500E-02
   3.0  -0.3  -0.1   0.2   1.0
 0.2250000E+00 0.4542000E+00 0.1900000E+02 0.3217200E+00 0.5780000E-02 0.5780000E-02 0.6815400E-02
   3.0  -0.3  -0.1   0.4   1.0
 0.2250000E+00 0.5140000E+00 0.2150000E+02 0.3115400E+00 0.5520000E-02 0.5520000E-02 0.6482300E-02
   3.0  -0.3  -0.1   0.3   1.0
 0.2250000E+00 0.5857000E+00 0.2450000E+02 0.3211200E+00 0.5220000E-02 0.5220000E-02 0.5317900E-02
   3.0  -0.3   0.0  -0.1   0.0
 0.2250000E+00 0.6694000E+00 0.2800000E+02 0.3141000E+00 0.5290000E-02 0.5290000E-02 0.5455300E-02
   3.0  -0.3   0.0   0.3   0.0
 0.2750000E+00 0.2005000E+00 0.1025000E+02 0.3044000E+00 0.5360000E-02 0.5360000E-02 0.7450400E-02
   3.0  -0.4  -0.2  -1.3   1.0
 0.2750000E+00 0.2298000E+00 0.1175000E+02 0.2992500E+00 0.5450000E-02 0.5450000E-02 0.6608500E-02
   3.0  -0.4  -0.2  -0.6   1.0
 0.2750000E+00 0.2592000E+00 0.1325000E+02 0.3015500E+00 0.5740000E-02 0.5740000E-02 0.6663700E-02
   3.0  -0.4  -0.1  -0.3   1.0
 0.2750000E+00 0.2934000E+00 0.1500000E+02 0.3034100E+00 0.5270000E-02 0.5270000E-02 0.6186100E-02
   3.0  -0.3  -0.1  -0.2   1.0
 0.2750000E+00 0.3325000E+00 0.1700000E+02 0.3037300E+00 0.5640000E-02 0.5640000E-02 0.6484600E-02
   3.0  -0.3  -0.1  -0.1   1.0
 0.2750000E+00 0.3716000E+00 0.1900000E+02 0.2892300E+00 0.5920000E-02 0.5920000E-02 0.6702100E-02
   3.0  -0.3   0.0  -0.3   1.0
 0.2750000E+00 0.4205000E+00 0.2150000E+02 0.2976300E+00 0.5590000E-02 0.5590000E-02 0.6402500E-02
   3.0  -0.3   0.0  -0.1   1.0
 0.2750000E+00 0.4792000E+00 0.2450000E+02 0.2788600E+00 0.4980000E-02 0.4980000E-02 0.5049800E-02
   3.0  -0.3   0.0   0.0   0.0
 0.2750000E+00 0.5477000E+00 0.2800000E+02 0.2897100E+00 0.5070000E-02 0.5070000E-02 0.5272900E-02
   3.0  -0.3   0.0   0.4   0.0
 0.2750000E+00 0.6357000E+00 0.3250000E+02 0.2809000E+00 0.4710000E-02 0.4710000E-02 0.4825800E-02
   3.0  -0.2   0.1   0.3   0.0
 0.2750000E+00 0.7335001E+00 0.3750000E+02 0.2678400E+00 0.5830000E-02 0.5830000E-02 0.5885100E-02
   3.0  -0.2   0.1   0.2   0.0
 0.3500000E+00 0.1806000E+00 0.1175000E+02 0.2400100E+00 0.4270000E-02 0.4270000E-02 0.5722700E-02
   3.0  -0.2   0.2  -1.2   1.0
 0.3500000E+00 0.2036000E+00 0.1325000E+02 0.2334900E+00 0.4340000E-02 0.4340000E-02 0.5398100E-02
   3.0  -0.2   0.2  -0.9   1.0
 0.3500000E+00 0.2305000E+00 0.1500000E+02 0.2309300E+00 0.3830000E-02 0.3830000E-02 0.4800200E-02
   3.0  -0.2   0.2  -0.7   1.0
 0.3500000E+00 0.2613000E+00 0.1700000E+02 0.2368900E+00 0.4100000E-02 0.4100000E-02 0.4926800E-02
   3.0  -0.2   0.2  -0.5   1.0
 0.3500000E+00 0.2920000E+00 0.1900000E+02 0.2225700E+00 0.4160000E-02 0.4160000E-02 0.4842300E-02
   3.0  -0.2   0.2  -0.4   1.0
 0.3500000E+00 0.3304000E+00 0.2150000E+02 0.2321800E+00 0.3880000E-02 0.3880000E-02 0.4592600E-02
   3.0  -0.2   0.2  -0.2   1.0
 0.3500000E+00 0.3765000E+00 0.2450000E+02 0.2231800E+00 0.2830000E-02 0.2830000E-02 0.3106900E-02
   3.0  -0.2   0.2  -0.3   0.4
 0.3500000E+00 0.4303000E+00 0.2800000E+02 0.2245400E+00 0.3530000E-02 0.3530000E-02 0.3697400E-02
   3.0  -0.2   0.2  -0.4   0.0
 0.3500000E+00 0.4995000E+00 0.3250000E+02 0.2191700E+00 0.3200000E-02 0.3200000E-02 0.3288800E-02
   3.0  -0.2   0.2   0.2   0.0
 0.3500000E+00 0.5763000E+00 0.3750000E+02 0.2176100E+00 0.3440000E-02 0.3440000E-02 0.3501400E-02
   3.0  -0.2   0.2  -0.1   0.0
 0.3500000E+00 0.6608000E+00 0.4300000E+02 0.2142200E+00 0.3670000E-02 0.3670000E-02 0.3719700E-02
   3.0  -0.2   0.2   0.0   0.0
 0.4500000E+00 0.1404000E+00 0.1175000E+02 0.1602000E+00 0.4090000E-02 0.4090000E-02 0.4848000E-02
   3.0   0.4   1.2   0.2   1.0
 0.4500000E+00 0.1584000E+00 0.1325000E+02 0.1559800E+00 0.4300000E-02 0.4300000E-02 0.4969300E-02
   3.0   0.3   1.1  -0.5   1.0
 0.4500000E+00 0.1793000E+00 0.1500000E+02 0.1549300E+00 0.3780000E-02 0.3780000E-02 0.4491000E-02
   3.0   0.3   1.0  -0.6   1.0
 0.4500000E+00 0.2032000E+00 0.1700000E+02 0.1532300E+00 0.4030000E-02 0.4030000E-02 0.4539600E-02
   3.0   0.2   0.9  -0.1   1.0
 0.4500000E+00 0.2271000E+00 0.1900000E+02 0.1555800E+00 0.4290000E-02 0.4290000E-02 0.4773400E-02
   3.0   0.1   0.8   0.4   1.0
 0.4500000E+00 0.2570000E+00 0.2150000E+02 0.1447000E+00 0.3620000E-02 0.3620000E-02 0.4110300E-02
   3.0   0.1   0.8  -0.4   1.0
 0.4500000E+00 0.2929000E+00 0.2450000E+02 0.1444300E+00 0.2560000E-02 0.2560000E-02 0.2827200E-02
   3.0   0.0   0.7  -0.2   0.4
 0.4500000E+00 0.3347000E+00 0.2800000E+02 0.1399600E+00 0.3130000E-02 0.3130000E-02 0.3267800E-02
   3.0   0.0   0.6  -0.3   0.0
 0.4500000E+00 0.3885000E+00 0.3250000E+02 0.1433200E+00 0.2820000E-02 0.2820000E-02 0.3006800E-02
   3.0  -0.1   0.6  -0.4   0.0
 0.4500000E+00 0.4482000E+00 0.3750000E+02 0.1450600E+00 0.3100000E-02 0.3100000E-02 0.3200200E-02
   3.0  -0.1   0.5  -0.2   0.0
 0.4500000E+00 0.5140000E+00 0.4300000E+02 0.1406300E+00 0.3110000E-02 0.3110000E-02 0.3240800E-02
   3.0  -0.1   0.5  -0.4   0.0
 0.4500000E+00 0.5917000E+00 0.4950000E+02 0.1337900E+00 0.3100000E-02 0.3100000E-02 0.3185400E-02
   3.0  -0.1   0.5  -0.2   0.0
 0.4500000E+00 0.6813000E+00 0.5700000E+02 0.1360300E+00 0.3540000E-02 0.3540000E-02 0.3602200E-02
   3.0  -0.2   0.4  -0.2   0.0
 0.5500000E+00 0.1149000E+00 0.1175000E+02 0.9286000E-01 0.3160000E-02 0.3160000E-02 0.5014500E-02
   3.0   1.6   3.1   2.1   1.0
 0.5500000E+00 0.1296000E+00 0.1325000E+02 0.8784000E-01 0.3290000E-02 0.3290000E-02 0.4570900E-02
   3.0   1.4   2.8   1.5   1.0
 0.5500000E+00 0.1467000E+00 0.1500000E+02 0.8998000E-01 0.3060000E-02 0.3060000E-02 0.4191100E-02
   3.0   1.2   2.5   1.2   1.0
 0.5500000E+00 0.1663000E+00 0.1700000E+02 0.8469000E-01 0.3080000E-02 0.3080000E-02 0.3895400E-02
   3.0   1.0   2.3   0.8   1.0
 0.5500000E+00 0.1858000E+00 0.1900000E+02 0.8286000E-01 0.3190000E-02 0.3190000E-02 0.3818000E-02
   3.0   0.8   2.1   0.6   1.0
 0.5500000E+00 0.2103000E+00 0.2150000E+02 0.8279000E-01 0.2890000E-02 0.2890000E-02 0.3414100E-02
   3.0   0.7   1.8   0.3   1.0
 0.5500000E+00 0.2396000E+00 0.2450000E+02 0.8513000E-01 0.2060000E-02 0.2060000E-02 0.2626000E-02
   3.0   0.5   1.7   0.6   0.4
 0.5500000E+00 0.2738000E+00 0.2800000E+02 0.8099000E-01 0.1990000E-02 0.1990000E-02 0.2462900E-02
   3.0   0.4   1.5   0.8   0.4
 0.5500000E+00 0.3178000E+00 0.3250000E+02 0.8516000E-01 0.2360000E-02 0.2360000E-02 0.2653600E-02
   3.0   0.3   1.3   0.5   0.0
 0.5500000E+00 0.3667000E+00 0.3750000E+02 0.8100000E-01 0.2470000E-02 0.2470000E-02 0.2664200E-02
   3.0   0.2   1.2   0.2   0.0
 0.5500000E+00 0.4205000E+00 0.4300000E+02 0.8005000E-01 0.2510000E-02 0.2510000E-02 0.2635800E-02
   3.0   0.1   1.0   0.0   0.0
 0.5500000E+00 0.4841000E+00 0.4950000E+02 0.7690000E-01 0.2500000E-02 0.2500000E-02 0.2595200E-02
   3.0   0.0   0.9  -0.1   0.0
 0.5500000E+00 0.5574000E+00 0.5700000E+02 0.7387000E-01 0.2670000E-02 0.2670000E-02 0.2752500E-02
   3.0   0.0   0.9  -0.1   0.0
 0.5500000E+00 0.6406000E+00 0.6550000E+02 0.7196000E-01 0.2870000E-02 0.2870000E-02 0.2931600E-02
   3.0  -0.1   0.8  -0.2   0.0
 0.6500000E+00 0.1096000E+00 0.1325000E+02 0.4389000E-01 0.1870000E-02 0.1870000E-02 0.5142300E-02
   3.0   3.4   6.0   8.4   1.0
 0.6500000E+00 0.1241000E+00 0.1500000E+02 0.4264000E-01 0.1660000E-02 0.1660000E-02 0.4363600E-02
   3.0   3.0   5.4   7.1   1.0
 0.6500000E+00 0.1407000E+00 0.1700000E+02 0.4166000E-01 0.1840000E-02 0.1840000E-02 0.3952200E-02
   3.0   2.6   4.8   6.3   1.0
 0.6500000E+00 0.1572000E+00 0.1900000E+02 0.4150000E-01 0.1980000E-02 0.1980000E-02 0.3594100E-02
   3.0   2.2   4.4   5.2   1.0
 0.6500000E+00 0.1779000E+00 0.2150000E+02 0.4010000E-01 0.1780000E-02 0.1780000E-02 0.3067400E-02
   3.0   1.8   3.9   4.4   1.0
 0.6500000E+00 0.2027000E+00 0.2450000E+02 0.4115000E-01 0.1210000E-02 0.1210000E-02 0.2294000E-02
   3.0   1.5   3.5   2.8   0.3
 0.6500000E+00 0.2317000E+00 0.2800000E+02 0.3869000E-01 0.1210000E-02 0.1210000E-02 0.2044800E-02
   3.0   1.3   3.1   2.6   0.3
 0.6500000E+00 0.2689000E+00 0.3250000E+02 0.3826000E-01 0.1430000E-02 0.1430000E-02 0.1975800E-02
   3.0   1.0   2.7   2.1   0.0
 0.6500000E+00 0.3103000E+00 0.3750000E+02 0.3662000E-01 0.1610000E-02 0.1610000E-02 0.1937000E-02
   3.0   0.8   2.4   1.5   0.0
 0.6500000E+00 0.3558000E+00 0.4300000E+02 0.3524000E-01 0.1660000E-02 0.1660000E-02 0.1870400E-02
   3.0   0.6   2.1   1.1   0.0
 0.6500000E+00 0.4096000E+00 0.4950000E+02 0.3303000E-01 0.1660000E-02 0.1660000E-02 0.1799100E-02
   3.0   0.4   1.9   0.8   0.0
 0.6500000E+00 0.4717000E+00 0.5700000E+02 0.3363000E-01 0.1840000E-02 0.1840000E-02 0.1939900E-02
   3.0   0.3   1.7   0.6   0.0
 0.6500000E+00 0.5420001E+00 0.6550000E+02 0.2980000E-01 0.1860000E-02 0.1860000E-02 0.1919700E-02
   3.0   0.2   1.5   0.5   0.0
 0.6500000E+00 0.6206000E+00 0.7500000E+02 0.3194000E-01 0.2170000E-02 0.2170000E-02 0.2217900E-02
   3.0   0.1   1.4   0.3   0.0
 0.7500000E+00 0.1757000E+00 0.2450000E+02 0.1357000E-01 0.6400000E-03 0.6400000E-03 0.1787100E-02
   3.0   4.0   7.6   8.8   0.0
 0.7500000E+00 0.2008000E+00 0.2800000E+02 0.1365000E-01 0.6800000E-03 0.6800000E-03 0.1570900E-02
   3.0   3.3   6.7   7.2   0.0
 0.7500000E+00 0.2331000E+00 0.3250000E+02 0.1307000E-01 0.6500000E-03 0.6500000E-03 0.1357000E-02
   3.0   2.7   5.9   6.4   0.0
 0.7500000E+00 0.2689000E+00 0.3750000E+02 0.1169000E-01 0.7400000E-03 0.7400000E-03 0.1157000E-02
   3.0   2.2   5.2   5.1   0.0
 0.7500000E+00 0.3084000E+00 0.4300000E+02 0.1105000E-01 0.7900000E-03 0.7900000E-03 0.1086500E-02
   3.0   1.8   4.6   4.6   0.0
 0.7500000E+00 0.3550000E+00 0.4950000E+02 0.1082000E-01 0.8400000E-03 0.8400000E-03 0.1037400E-02
   3.0   1.4   4.0   3.7   0.0
 0.7500000E+00 0.4088000E+00 0.5700000E+02 0.1148000E-01 0.1000000E-02 0.1000000E-02 0.1126600E-02
   3.0   1.1   3.6   2.5   0.0
 0.7500000E+00 0.4698000E+00 0.6550000E+02 0.9660000E-02 0.1020000E-02 0.1020000E-02 0.1087700E-02
   3.0   0.8   3.2   2.1   0.0
 0.7500000E+00 0.5379000E+00 0.7500000E+02 0.1031000E-01 0.1190000E-02 0.1190000E-02 0.1238500E-02
   3.0   0.6   2.8   1.7   0.0
