 0.7000000E-01 0.5651000E+00 0.8750000E+01 0.3782400E+00 0.5830000E-02 0.8135000E-02 0.9121600E-02
   3.0  -0.3  -0.1   0.3   1.0
 0.7000000E-01 0.6620001E+00 0.1025000E+02 0.3738100E+00 0.5960000E-02 0.8183000E-02 0.9553800E-02
   3.0  -0.3  -0.1   0.8   1.0
 0.1000000E+00 0.4634000E+00 0.1025000E+02 0.3870700E+00 0.4560000E-02 0.4953700E-02 0.6724200E-02
   3.0  -0.3  -0.2   0.5   1.0
 0.1000000E+00 0.5312001E+00 0.1175000E+02 0.3834100E+00 0.4760000E-02 0.5131500E-02 0.6945200E-02
   3.0  -0.3  -0.2   0.6   1.0
 0.1000000E+00 0.5991000E+00 0.1325000E+02 0.3829100E+00 0.5160000E-02 0.5503700E-02 0.6983200E-02
   3.0  -0.3  -0.1   0.4   1.0
 0.1400000E+00 0.3795000E+00 0.1175000E+02 0.3824600E+00 0.5710000E-02 0.5710000E-02 0.7174500E-02
   3.0  -0.4  -0.3   0.2   1.0
 0.1400000E+00 0.4279000E+00 0.1325000E+02 0.3760700E+00 0.5830000E-02 0.5830000E-02 0.7295400E-02
   3.0  -0.4  -0.2   0.4   1.0
 0.1400000E+00 0.4844000E+00 0.1500000E+02 0.3755700E+00 0.5640000E-02 0.5640000E-02 0.7071400E-02
   3.0  -0.3  -0.2   0.4   1.0
 0.1400000E+00 0.5490000E+00 0.1700000E+02 0.3719700E+00 0.6270000E-02 0.6270000E-02 0.7422000E-02
   3.0  -0.3  -0.1   0.2   1.0
 0.1400000E+00 0.6136000E+00 0.1900000E+02 0.3623300E+00 0.6840000E-02 0.6840000E-02 0.7824800E-02
   3.0  -0.3  -0.1   0.0   1.0
 0.1800000E+00 0.2951000E+00 0.1175000E+02 0.3600900E+00 0.6860000E-02 0.6860000E-02 0.8059400E-02
   3.0  -0.5  -0.3  -0.2   1.0
 0.1800000E+00 0.3328000E+00 0.1325000E+02 0.3560800E+00 0.6880000E-02 0.6880000E-02 0.7948800E-02
   3.0  -0.4  -0.3   0.0   1.0
 0.1800000E+00 0.3768000E+00 0.1500000E+02 0.3479200E+00 0.6430000E-02 0.6430000E-02 0.7507000E-02
   3.0  -0.4  -0.2   0.2   1.0
 0.1800000E+00 0.4270000E+00 0.1700000E+02 0.3502100E+00 0.6930000E-02 0.6930000E-02 0.7936500E-02
   3.0  -0.3  -0.2   0.3   1.0
 0.1800000E+00 0.4772000E+00 0.1900000E+02 0.3453900E+00 0.7450000E-02 0.7450000E-02 0.8348600E-02
   3.0  -0.3  -0.1   0.3   1.0
 0.1800000E+00 0.5400000E+00 0.2150000E+02 0.3567000E+00 0.6940000E-02 0.6940000E-02 0.7916300E-02
   3.0  -0.3  -0.1   0.2   1.0
 0.1800000E+00 0.6154001E+00 0.2450000E+02 0.3327200E+00 0.7980000E-02 0.7980000E-02 0.8709600E-02
   3.0  -0.3  -0.1   0.0   1.0
 0.2250000E+00 0.2361000E+00 0.1175000E+02 0.3227400E+00 0.6600000E-02 0.6600000E-02 0.7611500E-02
   3.0  -0.5  -0.3   0.2   1.0
 0.2250000E+00 0.2662000E+00 0.1325000E+02 0.3404000E+00 0.7030000E-02 0.7030000E-02 0.8023000E-02
   3.0  -0.4  -0.3   0.2   1.0
 0.2250000E+00 0.3014000E+00 0.1500000E+02 0.3252600E+00 0.6320000E-02 0.6320000E-02 0.7262500E-02
   3.0  -0.4  -0.2   0.1   1.0
 0.2250000E+00 0.3416000E+00 0.1700000E+02 0.3340300E+00 0.6780000E-02 0.6780000E-02 0.7704400E-02
   3.0  -0.4  -0.2   0.0   1.0
 0.2250000E+00 0.3818000E+00 0.1900000E+02 0.3163100E+00 0.7050000E-02 0.7050000E-02 0.7817200E-02
   3.0  -0.3  -0.1   0.2   1.0
 0.2250000E+00 0.4320000E+00 0.2150000E+02 0.3239200E+00 0.6480000E-02 0.6480000E-02 0.7380800E-02
   3.0  -0.3  -0.1   0.3   1.0
 0.2250000E+00 0.4923000E+00 0.2450000E+02 0.3137400E+00 0.7090000E-02 0.7090000E-02 0.7822700E-02
   3.0  -0.3  -0.1   0.1   1.0
 0.2250000E+00 0.5626000E+00 0.2800000E+02 0.3130100E+00 0.5920000E-02 0.5920000E-02 0.6067100E-02
   3.0  -0.3   0.0   0.3   0.0
 0.2250000E+00 0.6531000E+00 0.3250000E+02 0.3189700E+00 0.5820000E-02 0.5820000E-02 0.5932500E-02
   3.0  -0.3   0.0   0.2   0.0
 0.2750000E+00 0.2178000E+00 0.1325000E+02 0.3004100E+00 0.7850000E-02 0.7850000E-02 0.8559500E-02
   3.0  -0.4  -0.2   0.3   1.0
 0.2750000E+00 0.2466000E+00 0.1500000E+02 0.3109400E+00 0.7310000E-02 0.7310000E-02 0.8260100E-02
   3.0  -0.4  -0.1   0.6   1.0
 0.2750000E+00 0.2795000E+00 0.1700000E+02 0.2957400E+00 0.7220000E-02 0.7220000E-02 0.7880300E-02
   3.0  -0.3  -0.1   0.2   1.0
 0.2750000E+00 0.3124000E+00 0.1900000E+02 0.2956000E+00 0.7540000E-02 0.7540000E-02 0.8285400E-02
   3.0  -0.3  -0.1   0.5   1.0
 0.2750000E+00 0.3535000E+00 0.2150000E+02 0.2923500E+00 0.6760000E-02 0.6760000E-02 0.7417100E-02
   3.0  -0.3   0.0   0.0   1.0
 0.2750000E+00 0.4028000E+00 0.2450000E+02 0.2861400E+00 0.4840000E-02 0.4840000E-02 0.5119500E-02
   3.0  -0.3   0.0   0.3   0.4
 0.2750000E+00 0.4603000E+00 0.2800000E+02 0.2838700E+00 0.4630000E-02 0.4630000E-02 0.4875800E-02
   3.0  -0.3   0.0  -0.2   0.4
 0.2750000E+00 0.5343000E+00 0.3250000E+02 0.2825500E+00 0.4720000E-02 0.4720000E-02 0.4837000E-02
   3.0  -0.3   0.0   0.1   0.2
 0.2750000E+00 0.6165000E+00 0.3750000E+02 0.2835900E+00 0.6090000E-02 0.6090000E-02 0.6227100E-02
   3.0  -0.2   0.1   0.4   0.0
 0.2750000E+00 0.7070000E+00 0.4300000E+02 0.2679800E+00 0.6150000E-02 0.6150000E-02 0.6384900E-02
   3.0  -0.2   0.1   0.6   0.0
 0.3500000E+00 0.1712000E+00 0.1325000E+02 0.2369700E+00 0.6040000E-02 0.6040000E-02 0.6675900E-02
   3.0  -0.2   0.2   0.6   1.0
 0.3500000E+00 0.1938000E+00 0.1500000E+02 0.2342600E+00 0.5450000E-02 0.5450000E-02 0.6132300E-02
   3.0  -0.2   0.2   0.6   1.0
 0.3500000E+00 0.2196000E+00 0.1700000E+02 0.2344800E+00 0.5340000E-02 0.5340000E-02 0.5874400E-02
   3.0  -0.2   0.2   0.1   1.0
 0.3500000E+00 0.2454000E+00 0.1900000E+02 0.2290900E+00 0.5490000E-02 0.5490000E-02 0.6053700E-02
   3.0  -0.2   0.2   0.4   1.0
 0.3500000E+00 0.2777000E+00 0.2150000E+02 0.2213600E+00 0.4660000E-02 0.4660000E-02 0.5239100E-02
   3.0  -0.2   0.2  -0.3   1.0
 0.3500000E+00 0.3165000E+00 0.2450000E+02 0.2312700E+00 0.3510000E-02 0.3510000E-02 0.3802600E-02
   3.0  -0.2   0.2   0.4   0.4
 0.3500000E+00 0.3617000E+00 0.2800000E+02 0.2257500E+00 0.3320000E-02 0.3320000E-02 0.3564300E-02
   3.0  -0.2   0.2   0.3   0.4
 0.3500000E+00 0.4198000E+00 0.3250000E+02 0.2203300E+00 0.3190000E-02 0.3190000E-02 0.3316800E-02
   3.0  -0.2   0.2   0.0   0.3
 0.3500000E+00 0.4844000E+00 0.3750000E+02 0.2209800E+00 0.4130000E-02 0.4130000E-02 0.4177000E-02
   3.0  -0.2   0.2   0.0   0.0
 0.3500000E+00 0.5555000E+00 0.4300000E+02 0.2171000E+00 0.4180000E-02 0.4180000E-02 0.4313200E-02
   3.0  -0.2   0.2   0.4   0.0
 0.3500000E+00 0.6394001E+00 0.4950000E+02 0.2073700E+00 0.4220000E-02 0.4220000E-02 0.4265600E-02
   3.0  -0.2   0.2   0.1   0.0
 0.3500000E+00 0.7363001E+00 0.5700000E+02 0.2115200E+00 0.4960000E-02 0.4960000E-02 0.5067100E-02
   3.0  -0.2   0.2   0.4   0.0
 0.4500000E+00 0.1331000E+00 0.1325000E+02 0.1595800E+00 0.5930000E-02 0.5930000E-02 0.6548400E-02
   3.0   0.5   1.3   0.3   1.0
 0.4500000E+00 0.1507000E+00 0.1500000E+02 0.1614500E+00 0.5480000E-02 0.5480000E-02 0.6086200E-02
   3.0   0.4   1.2  -0.3   1.0
 0.4500000E+00 0.1708000E+00 0.1700000E+02 0.1524000E+00 0.5280000E-02 0.5280000E-02 0.5795900E-02
   3.0   0.3   1.1  -0.4   1.0
 0.4500000E+00 0.1909000E+00 0.1900000E+02 0.1537400E+00 0.5540000E-02 0.5540000E-02 0.6055700E-02
   3.0   0.2   1.0   0.7   1.0
 0.4500000E+00 0.2160000E+00 0.2150000E+02 0.1534200E+00 0.4800000E-02 0.4800000E-02 0.5243000E-02
   3.0   0.2   0.9   0.2   1.0
 0.4500000E+00 0.2462000E+00 0.2450000E+02 0.1496800E+00 0.3190000E-02 0.3190000E-02 0.3462800E-02
   3.0   0.1   0.8   0.0   0.4
 0.4500000E+00 0.2813000E+00 0.2800000E+02 0.1458500E+00 0.3030000E-02 0.3030000E-02 0.3279500E-02
   3.0   0.0   0.7   0.3   0.4
 0.4500000E+00 0.3265000E+00 0.3250000E+02 0.1457900E+00 0.2910000E-02 0.2910000E-02 0.3073400E-02
   3.0   0.0   0.6  -0.1   0.3
 0.4500000E+00 0.3768000E+00 0.3750000E+02 0.1429600E+00 0.3160000E-02 0.3160000E-02 0.3293000E-02
   3.0  -0.1   0.6  -0.1   0.2
 0.4500000E+00 0.4320000E+00 0.4300000E+02 0.1418700E+00 0.3650000E-02 0.3650000E-02 0.3764000E-02
   3.0  -0.1   0.5   0.4   0.0
 0.4500000E+00 0.4973000E+00 0.4950000E+02 0.1368800E+00 0.3670000E-02 0.3670000E-02 0.3758300E-02
   3.0  -0.1   0.5   0.3   0.0
 0.4500000E+00 0.5727000E+00 0.5700000E+02 0.1368100E+00 0.3860000E-02 0.3860000E-02 0.4037700E-02
   3.0  -0.1   0.5   0.7   0.0
 0.4500000E+00 0.6581000E+00 0.6550000E+02 0.1338100E+00 0.4210000E-02 0.4210000E-02 0.4260700E-02
   3.0  -0.2   0.4   0.2   0.0
 0.4500000E+00 0.7535000E+00 0.7500000E+02 0.1225300E+00 0.4790000E-02 0.4790000E-02 0.4821200E-02
   3.0  -0.2   0.4   0.0   0.0
 0.5500000E+00 0.1233000E+00 0.1500000E+02 0.8494000E-01 0.3850000E-02 0.3850000E-02 0.5098800E-02
   3.0   1.5   3.0   1.8   1.0
 0.5500000E+00 0.1397000E+00 0.1700000E+02 0.7999000E-01 0.3620000E-02 0.3620000E-02 0.4574900E-02
   3.0   1.3   2.7   1.5   1.0
 0.5500000E+00 0.1562000E+00 0.1900000E+02 0.9073000E-01 0.4510000E-02 0.4510000E-02 0.5215100E-02
   3.0   1.1   2.4   0.6   1.0
 0.5500000E+00 0.1767000E+00 0.2150000E+02 0.8537000E-01 0.3710000E-02 0.3710000E-02 0.4355200E-02
   3.0   0.9   2.2   0.7   1.0
 0.5500000E+00 0.2014000E+00 0.2450000E+02 0.9156000E-01 0.4330000E-02 0.4330000E-02 0.4829700E-02
   3.0   0.7   1.9   0.6   1.0
 0.5500000E+00 0.2302000E+00 0.2800000E+02 0.8154000E-01 0.2290000E-02 0.2290000E-02 0.2784000E-02
   3.0   0.6   1.7   0.6   0.4
 0.5500000E+00 0.2672000E+00 0.3250000E+02 0.7923000E-01 0.2200000E-02 0.2200000E-02 0.2542800E-02
   3.0   0.4   1.5   0.3   0.3
 0.5500000E+00 0.3083000E+00 0.3750000E+02 0.7860000E-01 0.2470000E-02 0.2470000E-02 0.2737000E-02
   3.0   0.3   1.4   0.4   0.2
 0.5500000E+00 0.3535000E+00 0.4300000E+02 0.7617000E-01 0.2850000E-02 0.2850000E-02 0.3012300E-02
   3.0   0.2   1.2   0.4   0.0
 0.5500000E+00 0.4069000E+00 0.4950000E+02 0.7888000E-01 0.3000000E-02 0.3000000E-02 0.3132900E-02
   3.0   0.1   1.1   0.3   0.0
 0.5500000E+00 0.4686000E+00 0.5700000E+02 0.7464000E-01 0.3090000E-02 0.3090000E-02 0.3180600E-02
   3.0   0.1   1.0   0.1   0.0
 0.5500000E+00 0.5384001E+00 0.6550000E+02 0.6671000E-01 0.3200000E-02 0.3200000E-02 0.3255800E-02
   3.0   0.0   0.9   0.0   0.0
 0.5500000E+00 0.6165000E+00 0.7500000E+02 0.7039000E-01 0.3570000E-02 0.3570000E-02 0.3615500E-02
   3.0  -0.1   0.8  -0.1   0.0
 0.5500000E+00 0.7070000E+00 0.8600000E+02 0.7020000E-01 0.3790000E-02 0.3790000E-02 0.3824900E-02
   3.0  -0.1   0.7   0.2   0.0
 0.6500000E+00 0.1182000E+00 0.1700000E+02 0.4111000E-01 0.2140000E-02 0.2140000E-02 0.4474000E-02
   3.0   3.2   5.7   6.9   1.0
 0.6500000E+00 0.1322000E+00 0.1900000E+02 0.4282000E-01 0.2380000E-02 0.2380000E-02 0.4315800E-02
   3.0   2.8   5.2   5.9   1.0
 0.6500000E+00 0.1495000E+00 0.2150000E+02 0.4106000E-01 0.2180000E-02 0.2180000E-02 0.3815700E-02
   3.0   2.4   4.6   5.5   1.0
 0.6500000E+00 0.1704000E+00 0.2450000E+02 0.3654000E-01 0.2300000E-02 0.2300000E-02 0.3320700E-02
   3.0   2.0   4.1   4.6   1.0
 0.6500000E+00 0.1948000E+00 0.2800000E+02 0.3692000E-01 0.2250000E-02 0.2250000E-02 0.3070400E-02
   3.0   1.7   3.7   3.8   1.0
 0.6500000E+00 0.2261000E+00 0.3250000E+02 0.3679000E-01 0.1360000E-02 0.1360000E-02 0.2130200E-02
   3.0   1.3   3.2   2.8   0.3
 0.6500000E+00 0.2608000E+00 0.3750000E+02 0.4065000E-01 0.1700000E-02 0.1700000E-02 0.2278600E-02
   3.0   1.1   2.8   2.2   0.2
 0.6500000E+00 0.2991000E+00 0.4300000E+02 0.3612000E-01 0.1840000E-02 0.1840000E-02 0.2174700E-02
   3.0   0.9   2.5   1.8   0.0
 0.6500000E+00 0.3443000E+00 0.4950000E+02 0.3589000E-01 0.1980000E-02 0.1980000E-02 0.2212900E-02
   3.0   0.7   2.2   1.5   0.0
 0.6500000E+00 0.3965000E+00 0.5700000E+02 0.3042000E-01 0.1930000E-02 0.1930000E-02 0.2056700E-02
   3.0   0.5   2.0   1.1   0.0
 0.6500000E+00 0.4556000E+00 0.6550000E+02 0.3560000E-01 0.2310000E-02 0.2310000E-02 0.2425900E-02
   3.0   0.3   1.8   1.0   0.0
 0.6500000E+00 0.5217000E+00 0.7500000E+02 0.3168000E-01 0.2430000E-02 0.2430000E-02 0.2496000E-02
   3.0   0.2   1.6   0.8   0.0
 0.6500000E+00 0.5982000E+00 0.8600000E+02 0.3041000E-01 0.2510000E-02 0.2510000E-02 0.2560700E-02
   3.0   0.1   1.4   0.9   0.0
 0.6500000E+00 0.6886000E+00 0.9900000E+02 0.3436000E-01 0.2950000E-02 0.2950000E-02 0.2990700E-02
   3.0   0.0   1.3   0.6   0.0
 0.7500000E+00 0.1959000E+00 0.3250000E+02 0.1335000E-01 0.7500000E-03 0.7500000E-03 0.1629900E-02
   3.0   3.5   7.0   7.5   0.0
 0.7500000E+00 0.2261000E+00 0.3750000E+02 0.1194000E-01 0.8400000E-03 0.8400000E-03 0.1419600E-02
   3.0   2.9   6.1   6.8   0.0
 0.7500000E+00 0.2592000E+00 0.4300000E+02 0.1238000E-01 0.9100000E-03 0.9100000E-03 0.1390500E-02
   3.0   2.4   5.4   6.1   0.0
 0.7500000E+00 0.2984000E+00 0.4950000E+02 0.1155000E-01 0.9700000E-03 0.9700000E-03 0.1298200E-02
   3.0   1.9   4.8   5.4   0.0
 0.7500000E+00 0.3436000E+00 0.5700000E+02 0.1169000E-01 0.1050000E-02 0.1050000E-02 0.1289800E-02
   3.0   1.5   4.2   4.6   0.0
 0.7500000E+00 0.3949000E+00 0.6550000E+02 0.1056000E-01 0.1170000E-02 0.1170000E-02 0.1313400E-02
   3.0   1.2   3.7   4.1   0.0
 0.7500000E+00 0.4521000E+00 0.7500000E+02 0.9920000E-02 0.1240000E-02 0.1240000E-02 0.1319600E-02
   3.0   0.9   3.3   3.0   0.0
 0.7500000E+00 0.5184001E+00 0.8600000E+02 0.9610000E-02 0.1340000E-02 0.1340000E-02 0.1392500E-02
   3.0   0.6   2.9   2.6   0.0
 0.7500000E+00 0.5968000E+00 0.9900000E+02 0.8150000E-02 0.1310000E-02 0.1310000E-02 0.1337400E-02
   3.0   0.4   2.6   2.0   0.0
