 0.7000000E-01 0.5666000E+00 0.8750000E+01 0.3657500E+00 0.6430000E-02 0.8452400E-02 0.9346800E-02
   3.0  -0.3  -0.1   0.3   1.0
 0.7000000E-01 0.6637000E+00 0.1025000E+02 0.3609200E+00 0.6060000E-02 0.8126100E-02 0.9418000E-02
   3.0  -0.3  -0.1   0.8   1.0
 0.1000000E+00 0.4646000E+00 0.1025000E+02 0.3536000E+00 0.4370000E-02 0.4714100E-02 0.6352400E-02
   3.0  -0.4  -0.2   0.5   1.0
 0.1000000E+00 0.5326000E+00 0.1175000E+02 0.3570200E+00 0.4630000E-02 0.4962200E-02 0.6642700E-02
   3.0  -0.4  -0.1   0.6   1.0
 0.1000000E+00 0.6006000E+00 0.1325000E+02 0.3483400E+00 0.4890000E-02 0.5190900E-02 0.6498800E-02
   3.0  -0.3  -0.1   0.4   1.0
 0.1400000E+00 0.3804000E+00 0.1175000E+02 0.3301300E+00 0.5040000E-02 0.5040000E-02 0.6316400E-02
   3.0  -0.5  -0.2   0.2   1.0
 0.1400000E+00 0.4290000E+00 0.1325000E+02 0.3401600E+00 0.5440000E-02 0.5440000E-02 0.6732800E-02
   3.0  -0.4  -0.2   0.4   1.0
 0.1400000E+00 0.4856000E+00 0.1500000E+02 0.3347500E+00 0.4980000E-02 0.4980000E-02 0.6301100E-02
   3.0  -0.4  -0.1   0.4   1.0
 0.1400000E+00 0.5504001E+00 0.1700000E+02 0.3312300E+00 0.5540000E-02 0.5540000E-02 0.6630800E-02
   3.0  -0.4  -0.1   0.2   1.0
 0.1400000E+00 0.6152000E+00 0.1900000E+02 0.3378000E+00 0.6320000E-02 0.6320000E-02 0.7245300E-02
   3.0  -0.3  -0.1   0.0   1.0
 0.1800000E+00 0.2959000E+00 0.1175000E+02 0.3145100E+00 0.5990000E-02 0.5990000E-02 0.7037800E-02
   3.0  -0.5  -0.3  -0.2   1.0
 0.1800000E+00 0.3337000E+00 0.1325000E+02 0.3129800E+00 0.6050000E-02 0.6050000E-02 0.7017000E-02
   3.0  -0.5  -0.2   0.0   1.0
 0.1800000E+00 0.3777000E+00 0.1500000E+02 0.3006100E+00 0.5440000E-02 0.5440000E-02 0.6387400E-02
   3.0  -0.4  -0.2   0.2   1.0
 0.1800000E+00 0.4281000E+00 0.1700000E+02 0.3060100E+00 0.6120000E-02 0.6120000E-02 0.7018100E-02
   3.0  -0.4  -0.1   0.3   1.0
 0.1800000E+00 0.4785000E+00 0.1900000E+02 0.3094700E+00 0.6680000E-02 0.6680000E-02 0.7529300E-02
   3.0  -0.4  -0.1   0.3   1.0
 0.1800000E+00 0.5414001E+00 0.2150000E+02 0.2954700E+00 0.5910000E-02 0.5910000E-02 0.6699300E-02
   3.0  -0.3  -0.1   0.2   1.0
 0.1800000E+00 0.6170000E+00 0.2450000E+02 0.2930600E+00 0.7190000E-02 0.7190000E-02 0.7813900E-02
   3.0  -0.3   0.0   0.0   1.0
 0.2250000E+00 0.2367000E+00 0.1175000E+02 0.2776100E+00 0.5620000E-02 0.5620000E-02 0.6467900E-02
   3.0  -0.5  -0.2   0.2   1.0
 0.2250000E+00 0.2669000E+00 0.1325000E+02 0.2867800E+00 0.5940000E-02 0.5940000E-02 0.6798700E-02
   3.0  -0.5  -0.2   0.2   1.0
 0.2250000E+00 0.3022000E+00 0.1500000E+02 0.2783300E+00 0.5350000E-02 0.5350000E-02 0.6164100E-02
   3.0  -0.4  -0.2   0.1   1.0
 0.2250000E+00 0.3425000E+00 0.1700000E+02 0.2709900E+00 0.5600000E-02 0.5600000E-02 0.6320800E-02
   3.0  -0.4  -0.1   0.0   1.0
 0.2250000E+00 0.3828000E+00 0.1900000E+02 0.2719800E+00 0.6150000E-02 0.6150000E-02 0.6839100E-02
   3.0  -0.4  -0.1   0.2   1.0
 0.2250000E+00 0.4331000E+00 0.2150000E+02 0.2695300E+00 0.5560000E-02 0.5560000E-02 0.6329900E-02
   3.0  -0.4  -0.1   0.3   1.0
 0.2250000E+00 0.4936000E+00 0.2450000E+02 0.2659600E+00 0.6210000E-02 0.6210000E-02 0.6807700E-02
   3.0  -0.3   0.0   0.1   1.0
 0.2250000E+00 0.5641000E+00 0.2800000E+02 0.2588600E+00 0.5570000E-02 0.5570000E-02 0.5677200E-02
   3.0  -0.3   0.0   0.3   0.0
 0.2250000E+00 0.6547000E+00 0.3250000E+02 0.2575600E+00 0.5470000E-02 0.5470000E-02 0.5548300E-02
   3.0  -0.3   0.0   0.2   0.0
 0.2750000E+00 0.2184000E+00 0.1325000E+02 0.2585100E+00 0.6310000E-02 0.6310000E-02 0.6945200E-02
   3.0  -0.4  -0.1   0.3   1.0
 0.2750000E+00 0.2472000E+00 0.1500000E+02 0.2479500E+00 0.5430000E-02 0.5430000E-02 0.6295200E-02
   3.0  -0.4   0.0   0.7   1.0
 0.2750000E+00 0.2802000E+00 0.1700000E+02 0.2390900E+00 0.5690000E-02 0.5690000E-02 0.6263800E-02
   3.0  -0.4   0.0   0.2   1.0
 0.2750000E+00 0.3132000E+00 0.1900000E+02 0.2375800E+00 0.6240000E-02 0.6240000E-02 0.6848100E-02
   3.0  -0.4   0.0   0.5   1.0
 0.2750000E+00 0.3544000E+00 0.2150000E+02 0.2327900E+00 0.5510000E-02 0.5510000E-02 0.6022200E-02
   3.0  -0.3   0.0   0.0   1.0
 0.2750000E+00 0.4038000E+00 0.2450000E+02 0.2345000E+00 0.4360000E-02 0.4360000E-02 0.4569400E-02
   3.0  -0.3   0.0   0.3   0.4
 0.2750000E+00 0.4615000E+00 0.2800000E+02 0.2338100E+00 0.4110000E-02 0.4110000E-02 0.4304900E-02
   3.0  -0.3   0.1  -0.2   0.4
 0.2750000E+00 0.5357000E+00 0.3250000E+02 0.2283300E+00 0.4310000E-02 0.4310000E-02 0.4399800E-02
   3.0  -0.3   0.1   0.1   0.2
 0.2750000E+00 0.6181000E+00 0.3750000E+02 0.2196100E+00 0.5660000E-02 0.5660000E-02 0.5769700E-02
   3.0  -0.3   0.1   0.4   0.0
 0.2750000E+00 0.7088000E+00 0.4300000E+02 0.2170500E+00 0.5780000E-02 0.5780000E-02 0.6015600E-02
   3.0  -0.3   0.1   0.7   0.0
 0.3500000E+00 0.1716000E+00 0.1325000E+02 0.1829000E+00 0.4230000E-02 0.4230000E-02 0.4842100E-02
   3.0  -0.1   0.4   0.7   1.0
 0.3500000E+00 0.1943000E+00 0.1500000E+02 0.1887300E+00 0.3870000E-02 0.3870000E-02 0.4554900E-02
   3.0  -0.2   0.3   0.7   1.0
 0.3500000E+00 0.2202000E+00 0.1700000E+02 0.1789300E+00 0.3980000E-02 0.3980000E-02 0.4414800E-02
   3.0  -0.2   0.3   0.1   1.0
 0.3500000E+00 0.2461000E+00 0.1900000E+02 0.1738200E+00 0.4160000E-02 0.4160000E-02 0.4604700E-02
   3.0  -0.2   0.3   0.4   1.0
 0.3500000E+00 0.2784000E+00 0.2150000E+02 0.1853100E+00 0.3930000E-02 0.3930000E-02 0.4431100E-02
   3.0  -0.2   0.3  -0.3   1.0
 0.3500000E+00 0.3173000E+00 0.2450000E+02 0.1783600E+00 0.2880000E-02 0.2880000E-02 0.3164200E-02
   3.0  -0.2   0.3   0.5   0.4
 0.3500000E+00 0.3626000E+00 0.2800000E+02 0.1772900E+00 0.2680000E-02 0.2680000E-02 0.2894300E-02
   3.0  -0.2   0.3   0.3   0.4
 0.3500000E+00 0.4209000E+00 0.3250000E+02 0.1766100E+00 0.2750000E-02 0.2750000E-02 0.2872100E-02
   3.0  -0.2   0.3   0.0   0.3
 0.3500000E+00 0.4856000E+00 0.3750000E+02 0.1723400E+00 0.3720000E-02 0.3720000E-02 0.3751800E-02
   3.0  -0.2   0.2   0.0   0.0
 0.3500000E+00 0.5569000E+00 0.4300000E+02 0.1692800E+00 0.3640000E-02 0.3640000E-02 0.3767700E-02
   3.0  -0.2   0.2   0.5   0.0
 0.3500000E+00 0.6411000E+00 0.4950000E+02 0.1654500E+00 0.3770000E-02 0.3770000E-02 0.3802500E-02
   3.0  -0.2   0.2   0.1   0.0
 0.3500000E+00 0.7382001E+00 0.5700000E+02 0.1620500E+00 0.4310000E-02 0.4310000E-02 0.4409400E-02
   3.0  -0.2   0.2   0.5   0.0
 0.4500000E+00 0.1335000E+00 0.1325000E+02 0.1206800E+00 0.4030000E-02 0.4030000E-02 0.4671100E-02
   3.0   0.7   1.5   0.3   1.0
 0.4500000E+00 0.1511000E+00 0.1500000E+02 0.1185300E+00 0.3640000E-02 0.3640000E-02 0.4247400E-02
   3.0   0.6   1.4  -0.3   1.0
 0.4500000E+00 0.1712000E+00 0.1700000E+02 0.1210800E+00 0.3880000E-02 0.3880000E-02 0.4385500E-02
   3.0   0.4   1.2  -0.5   1.0
 0.4500000E+00 0.1914000E+00 0.1900000E+02 0.1128300E+00 0.4020000E-02 0.4020000E-02 0.4461300E-02
   3.0   0.3   1.1   0.8   1.0
 0.4500000E+00 0.2166000E+00 0.2150000E+02 0.1175900E+00 0.3670000E-02 0.3670000E-02 0.4051400E-02
   3.0   0.3   1.0   0.2   1.0
 0.4500000E+00 0.2468000E+00 0.2450000E+02 0.1094900E+00 0.2460000E-02 0.2460000E-02 0.2694900E-02
   3.0   0.2   0.9   0.0   0.4
 0.4500000E+00 0.2820000E+00 0.2800000E+02 0.1091500E+00 0.2310000E-02 0.2310000E-02 0.2531500E-02
   3.0   0.1   0.8   0.3   0.4
 0.4500000E+00 0.3274000E+00 0.3250000E+02 0.1090400E+00 0.2300000E-02 0.2300000E-02 0.2447800E-02
   3.0   0.0   0.7  -0.1   0.3
 0.4500000E+00 0.3777000E+00 0.3750000E+02 0.1084200E+00 0.2660000E-02 0.2660000E-02 0.2776800E-02
   3.0   0.0   0.7  -0.1   0.2
 0.4500000E+00 0.4331000E+00 0.4300000E+02 0.1051800E+00 0.3030000E-02 0.3030000E-02 0.3141100E-02
   3.0  -0.1   0.6   0.5   0.0
 0.4500000E+00 0.4986000E+00 0.4950000E+02 0.9777000E-01 0.3030000E-02 0.3030000E-02 0.3095500E-02
   3.0  -0.1   0.5   0.4   0.0
 0.4500000E+00 0.5741000E+00 0.5700000E+02 0.1029500E+00 0.3330000E-02 0.3330000E-02 0.3474800E-02
   3.0  -0.2   0.5   0.8   0.0
 0.4500000E+00 0.6598000E+00 0.6550000E+02 0.9701000E-01 0.3500000E-02 0.3500000E-02 0.3544100E-02
   3.0  -0.2   0.5   0.2   0.0
 0.4500000E+00 0.7555000E+00 0.7500000E+02 0.9586000E-01 0.4140000E-02 0.4140000E-02 0.4162100E-02
   3.0  -0.2   0.4   0.0   0.0
 0.5500000E+00 0.1236000E+00 0.1500000E+02 0.5869000E-01 0.2410000E-02 0.2410000E-02 0.3609900E-02
   3.0   2.0   3.4   2.1   1.0
 0.5500000E+00 0.1401000E+00 0.1700000E+02 0.5714000E-01 0.2560000E-02 0.2560000E-02 0.3438000E-02
   3.0   1.7   3.0   1.8   1.0
 0.5500000E+00 0.1566000E+00 0.1900000E+02 0.6287000E-01 0.3030000E-02 0.3030000E-02 0.3664200E-02
   3.0   1.4   2.7   0.7   1.0
 0.5500000E+00 0.1772000E+00 0.2150000E+02 0.5920000E-01 0.2640000E-02 0.2640000E-02 0.3173000E-02
   3.0   1.2   2.4   0.8   1.0
 0.5500000E+00 0.2019000E+00 0.2450000E+02 0.5595000E-01 0.2800000E-02 0.2800000E-02 0.3162300E-02
   3.0   1.0   2.1   0.7   1.0
 0.5500000E+00 0.2308000E+00 0.2800000E+02 0.5904000E-01 0.1720000E-02 0.1720000E-02 0.2160200E-02
   3.0   0.8   1.9   0.7   0.4
 0.5500000E+00 0.2678000E+00 0.3250000E+02 0.5668000E-01 0.1710000E-02 0.1710000E-02 0.1985600E-02
   3.0   0.6   1.6   0.4   0.3
 0.5500000E+00 0.3090000E+00 0.3750000E+02 0.5511000E-01 0.1940000E-02 0.1940000E-02 0.2120300E-02
   3.0   0.4   1.4   0.5   0.2
 0.5500000E+00 0.3544000E+00 0.4300000E+02 0.5589000E-01 0.2340000E-02 0.2340000E-02 0.2471800E-02
   3.0   0.3   1.3   0.5   0.0
 0.5500000E+00 0.4079000E+00 0.4950000E+02 0.5493000E-01 0.2410000E-02 0.2410000E-02 0.2496700E-02
   3.0   0.2   1.1   0.4   0.0
 0.5500000E+00 0.4698000E+00 0.5700000E+02 0.4965000E-01 0.2400000E-02 0.2400000E-02 0.2451800E-02
   3.0   0.1   1.0   0.1   0.0
 0.5500000E+00 0.5398000E+00 0.6550000E+02 0.5175000E-01 0.2700000E-02 0.2700000E-02 0.2739900E-02
   3.0   0.0   0.9   0.0   0.0
 0.5500000E+00 0.6181000E+00 0.7500000E+02 0.4983000E-01 0.2860000E-02 0.2860000E-02 0.2888500E-02
   3.0  -0.1   0.8  -0.1   0.0
 0.5500000E+00 0.7088000E+00 0.8600000E+02 0.4681000E-01 0.2980000E-02 0.2980000E-02 0.3005300E-02
   3.0  -0.1   0.8   0.2   0.0
 0.6500000E+00 0.1185000E+00 0.1700000E+02 0.2807000E-01 0.1520000E-02 0.1520000E-02 0.3550300E-02
   3.0   4.0   6.3   8.6   1.0
 0.6500000E+00 0.1325000E+00 0.1900000E+02 0.2869000E-01 0.1760000E-02 0.1760000E-02 0.3340000E-02
   3.0   3.5   5.6   7.3   1.0
 0.6500000E+00 0.1499000E+00 0.2150000E+02 0.2673000E-01 0.1510000E-02 0.1510000E-02 0.2843300E-02
   3.0   3.0   5.0   6.8   1.0
 0.6500000E+00 0.1708000E+00 0.2450000E+02 0.2861000E-01 0.1830000E-02 0.1830000E-02 0.2861200E-02
   3.0   2.5   4.4   5.7   1.0
 0.6500000E+00 0.1953000E+00 0.2800000E+02 0.2370000E-01 0.1590000E-02 0.1590000E-02 0.2219700E-02
   3.0   2.1   3.9   4.7   1.0
 0.6500000E+00 0.2266000E+00 0.3250000E+02 0.2460000E-01 0.1000000E-02 0.1000000E-02 0.1606100E-02
   3.0   1.7   3.4   3.4   0.3
 0.6500000E+00 0.2615000E+00 0.3750000E+02 0.2521000E-01 0.1190000E-02 0.1190000E-02 0.1594100E-02
   3.0   1.4   2.9   2.7   0.2
 0.6500000E+00 0.2999000E+00 0.4300000E+02 0.2659000E-01 0.1520000E-02 0.1520000E-02 0.1793300E-02
   3.0   1.1   2.6   2.2   0.0
 0.6500000E+00 0.3452000E+00 0.4950000E+02 0.2449000E-01 0.1570000E-02 0.1570000E-02 0.1736300E-02
   3.0   0.8   2.3   1.8   0.0
 0.6500000E+00 0.3975000E+00 0.5700000E+02 0.2296000E-01 0.1630000E-02 0.1630000E-02 0.1725100E-02
   3.0   0.6   2.0   1.3   0.0
 0.6500000E+00 0.4568000E+00 0.6550000E+02 0.2062000E-01 0.1680000E-02 0.1680000E-02 0.1740200E-02
   3.0   0.4   1.8   1.2   0.0
 0.6500000E+00 0.5230000E+00 0.7500000E+02 0.2491000E-01 0.2110000E-02 0.2110000E-02 0.2163000E-02
   3.0   0.3   1.6   1.0   0.0
 0.6500000E+00 0.5997000E+00 0.8600000E+02 0.1926000E-01 0.1940000E-02 0.1940000E-02 0.1970200E-02
   3.0   0.1   1.4   1.1   0.0
 0.6500000E+00 0.6904001E+00 0.9900000E+02 0.2329000E-01 0.2340000E-02 0.2340000E-02 0.2365100E-02
   3.0   0.0   1.3   0.7   0.0
 0.7500000E+00 0.1964000E+00 0.3250000E+02 0.8670000E-02 0.5400000E-03 0.5400000E-03 0.1197500E-02
   3.0   4.0   6.9   9.4   0.0
 0.7500000E+00 0.2266000E+00 0.3750000E+02 0.9840000E-02 0.7300000E-03 0.7300000E-03 0.1292300E-02
   3.0   3.3   6.0   8.4   0.0
 0.7500000E+00 0.2599000E+00 0.4300000E+02 0.8000000E-02 0.7000000E-03 0.7000000E-03 0.1034300E-02
   3.0   2.7   5.2   7.5   0.0
 0.7500000E+00 0.2992000E+00 0.4950000E+02 0.8610000E-02 0.8200000E-03 0.8200000E-03 0.1090000E-02
   3.0   2.2   4.6   6.6   0.0
 0.7500000E+00 0.3445000E+00 0.5700000E+02 0.8760000E-02 0.9200000E-03 0.9200000E-03 0.1106100E-02
   3.0   1.7   4.0   5.5   0.0
 0.7500000E+00 0.3959000E+00 0.6550000E+02 0.7850000E-02 0.9800000E-03 0.9800000E-03 0.1092800E-02
   3.0   1.3   3.5   4.9   0.0
 0.7500000E+00 0.4533000E+00 0.7500000E+02 0.7750000E-02 0.1100000E-02 0.1100000E-02 0.1160700E-02
   3.0   1.0   3.1   3.5   0.0
 0.7500000E+00 0.5198000E+00 0.8600000E+02 0.7070000E-02 0.1150000E-02 0.1150000E-02 0.1185900E-02
   3.0   0.7   2.7   3.0   0.0
 0.7500000E+00 0.5983000E+00 0.9900000E+02 0.6510000E-02 0.1230000E-02 0.1230000E-02 0.1249200E-02
   3.0   0.4   2.4   2.3   0.0
