
&DATA
  Name = 'ATLAS 7 TeV Incjet data y_25_30 R=0.6'
  NDATA = 18
  NColumn = 76
  ColumnType = 'Flag', 2*'Bin',2*'Dummy','Sigma',70*'Error'
  ColumnName = 'binFlag','pt1','pt2','Extra','NPCorr','Sigma','stat','stat', 'ATL_CloseBy', 'ATL_EtaIntercalibration_Modelling', 'ATL_EtaIntercalibration_TotalStat', 'ATL_Flavor_Comp','ATL_Flavor_Response','ATL_Insitu_LArEMscale','ATL_InSitu_Stat1','ATL_InSitu_Stat2','ATL_InSitu_Stat3','ATL_InSitu_Stat4','ATL_InSitu_Stat5','ATL_InSitu_Stat6','ATL_InSitu_Stat7','ATL_InSitu_Stat8','ATL_InSitu_Stat9','ATL_InSitu_Stat10','ATL_InSitu_Stat11','ATL_InSitu_Stat12','ATL_InSitu_Stat13','ATL_InSitu_Stat14','ATL_InSitu_Stat15','ATL_InSitu_Stat16','ATL_InSitu_Stat17','ATL_InSitu_Stat18','ATL_InSitu_Stat19','ATL_InSitu_Stat20','ATL_InSitu_Stat21','ATL_InSitu_Stat22','ATL_InSitu_Stat23','ATL_InSitu_Stat24','ATL_InSitu_Stat25','ATL_InSitu_Stat26','ATL_InSitu_Stat27','ATL_InSitu_Stat28','ATL_InSitu_Stat29','ATL_InSitu_Stat30','ATL_InSitu_Stat31','ATL_InSitu_Stat32','ATL_InSitu_Stat33','ATL_MJB_Alpha','ATL_MJB_Asym','ATL_MJB_Beta','ATL_MJB_CBJR','ATL_MJB_Fragmentation','ATL_MJB_Intercalibration','ATL_MJB_ISRFSR','ATL_MJB_Threshold','ATL_MPF_Generator','ATL_MPF_J2','ATL_MPF_JER','ATL_MPF_OOC','ATL_MPF_Pileup','ATL_MPF_Purity','ATL_Pileup_OffsetMu','ATL_Pileup_OffsetNPV','ATL_RelativeNonClosure_MCTYPE','ATL_SingleParticle_HighPt','ATL_Zjet_Extrapolation','ATL_Zjet_JVF','ATL_Zjet_KTerm','ATL_Zjet_MC','ATL_Zjet_Veto','ATL_Zjet_Width','ATL_jer', 'ATL_jar', 'ATL_unfold', 'ATL_qual', 'ATL_lumi_2011_7TeV'
  NInfo   = 1
  DataInfo = 7000.
  CInfo    = 'sqrt(S)'
  IndexDataset = 515 
  Reaction  = 'pp jets APPLGRID'
  TheoryType = 'expression'
  TermName = 'A1', 'K'
  TermType = 'applgrid','kfactor'
  TermSource = 'theoryfiles/atlas/Jets2011/incljets_rapidity_25_30_R06_P2.root', 'theoryfiles/atlas/Jets2011/incjetsKF_7000_R06_rapidity_y_25_30.dat'
  TheorExpr= 'K*A1/1.0' 
  Percent   = 500*True
&END
&PlotDesc
PlotN = 1
PlotDefColumn = 'pt2'
PlotDefValue = 300., 5700.
PlotOptions(1)  = 'Experiment:ATLAS@ExtraLabel:pp #rightarrow j; #sqrt{s} = 7 TeV; R=0.6 2.5 #leq Y* < 3.0 @Title:2011 @XTitle: #p_{T}[GeV] @YTitle: d#sigma/dY*d#p_{T} [pb/GeV] @Xlog@Ylog'
&End
0 10 28 1 0.0000 0.0000 0.0000 0.0000 0.0000 0.0000 0.0000 0.0000 0.0000 0.0000 0.0000 0.0000 0.0000 0.0000 0.0000 0.0000 0.0000 0.0000 0.0000 0.0000 0.0000 0.0000 0.0000 0.0000 0.0000 0.0000 0.0000 0.0000 0.0000 0.0000 0.0000 0.0000 0.0000 0.0000 0.0000 0.0000 0.0000 0.0000 0.0000 0.0000 0.0000 0.0000 0.0000 0.0000 0.0000 0.0000 0.0000 0.0000 0.0000 0.0000 0.0000 0.0000 0.0000 0.0000 0.0000 0.0000 0.0000 0.0000 0.0000 0.0000 0.0000 0.0000 0.0000 0.0000 0.0000 0.0000 0.0000 0.0000 0.0000 0.0000 0.0000 0.0000 
0 28 40 1 0.0000 0.0000 0.0000 0.0000 0.0000 0.0000 0.0000 0.0000 0.0000 0.0000 0.0000 0.0000 0.0000 0.0000 0.0000 0.0000 0.0000 0.0000 0.0000 0.0000 0.0000 0.0000 0.0000 0.0000 0.0000 0.0000 0.0000 0.0000 0.0000 0.0000 0.0000 0.0000 0.0000 0.0000 0.0000 0.0000 0.0000 0.0000 0.0000 0.0000 0.0000 0.0000 0.0000 0.0000 0.0000 0.0000 0.0000 0.0000 0.0000 0.0000 0.0000 0.0000 0.0000 0.0000 0.0000 0.0000 0.0000 0.0000 0.0000 0.0000 0.0000 0.0000 0.0000 0.0000 0.0000 0.0000 0.0000 0.0000 0.0000 0.0000 0.0000 0.0000 
0 40 54 1 0.0000 0.0000 0.0000 0.0000 0.0000 0.0000 0.0000 0.0000 0.0000 0.0000 0.0000 0.0000 0.0000 0.0000 0.0000 0.0000 0.0000 0.0000 0.0000 0.0000 0.0000 0.0000 0.0000 0.0000 0.0000 0.0000 0.0000 0.0000 0.0000 0.0000 0.0000 0.0000 0.0000 0.0000 0.0000 0.0000 0.0000 0.0000 0.0000 0.0000 0.0000 0.0000 0.0000 0.0000 0.0000 0.0000 0.0000 0.0000 0.0000 0.0000 0.0000 0.0000 0.0000 0.0000 0.0000 0.0000 0.0000 0.0000 0.0000 0.0000 0.0000 0.0000 0.0000 0.0000 0.0000 0.0000 0.0000 0.0000 0.0000 0.0000 0.0000 0.0000 
0 54 68 1 0.0000 0.0000 0.0000 0.0000 0.0000 0.0000 0.0000 0.0000 0.0000 0.0000 0.0000 0.0000 0.0000 0.0000 0.0000 0.0000 0.0000 0.0000 0.0000 0.0000 0.0000 0.0000 0.0000 0.0000 0.0000 0.0000 0.0000 0.0000 0.0000 0.0000 0.0000 0.0000 0.0000 0.0000 0.0000 0.0000 0.0000 0.0000 0.0000 0.0000 0.0000 0.0000 0.0000 0.0000 0.0000 0.0000 0.0000 0.0000 0.0000 0.0000 0.0000 0.0000 0.0000 0.0000 0.0000 0.0000 0.0000 0.0000 0.0000 0.0000 0.0000 0.0000 0.0000 0.0000 0.0000 0.0000 0.0000 0.0000 0.0000 0.0000 0.0000 0.0000 
0 68 84 1 0.0000 0.0000 0.0000 0.0000 0.0000 0.0000 0.0000 0.0000 0.0000 0.0000 0.0000 0.0000 0.0000 0.0000 0.0000 0.0000 0.0000 0.0000 0.0000 0.0000 0.0000 0.0000 0.0000 0.0000 0.0000 0.0000 0.0000 0.0000 0.0000 0.0000 0.0000 0.0000 0.0000 0.0000 0.0000 0.0000 0.0000 0.0000 0.0000 0.0000 0.0000 0.0000 0.0000 0.0000 0.0000 0.0000 0.0000 0.0000 0.0000 0.0000 0.0000 0.0000 0.0000 0.0000 0.0000 0.0000 0.0000 0.0000 0.0000 0.0000 0.0000 0.0000 0.0000 0.0000 0.0000 0.0000 0.0000 0.0000 0.0000 0.0000 0.0000 0.0000 
0 84 100 1 0.0000 0.0000 0.0000 0.0000 0.0000 0.0000 0.0000 0.0000 0.0000 0.0000 0.0000 0.0000 0.0000 0.0000 0.0000 0.0000 0.0000 0.0000 0.0000 0.0000 0.0000 0.0000 0.0000 0.0000 0.0000 0.0000 0.0000 0.0000 0.0000 0.0000 0.0000 0.0000 0.0000 0.0000 0.0000 0.0000 0.0000 0.0000 0.0000 0.0000 0.0000 0.0000 0.0000 0.0000 0.0000 0.0000 0.0000 0.0000 0.0000 0.0000 0.0000 0.0000 0.0000 0.0000 0.0000 0.0000 0.0000 0.0000 0.0000 0.0000 0.0000 0.0000 0.0000 0.0000 0.0000 0.0000 0.0000 0.0000 0.0000 0.0000 0.0000 0.0000 
1 100 116 1 0.9703 1.3588e+03 1.0318 1.1299 1.3924 18.1268 1.1703 0.3538 3.2460 3.8070 0.0199 0.0197 0.0394 0.0654 0.1463 0.3133 0.4572 0.5525 0.3295 0.0274 -0.0186 0.0116 0.0129 0.0511 0.0517 0.0602 0.0114 -0.0092 -0.0035 -0.0000 0.0003 0.0003 -0.0000 0.0031 0.0020 0.0007 0.0002 -0.0000 0.0000 0.0000 0.0000 0.0000 0.0000 -0.0025 -0.0024 -0.0020 -0.0016 -0.0075 0.0021 -0.0021 -0.0039 0.7747 0.3864 0.0727 0.5049 0.7786 1.1947 -2.2123 -0.5338 -6.1957 0.0000 1.0135 0.0328 0.4435 2.0749 0.0172 0.0477 12.5578 2.6449 0.0800 0.5000 1.8000 
1 116 134 1 0.9717 5.2023e+02 1.4627 1.0480 1.2165 18.6136 1.1533 0.3881 2.8455 3.9543 0.0136 0.0134 0.0317 0.0540 0.0977 0.1926 0.3386 0.4952 0.4694 0.0933 -0.0304 0.0090 0.0092 0.0471 0.0589 0.0760 0.0284 0.0044 -0.0112 -0.0001 0.0003 0.0003 -0.0000 0.0044 0.0046 0.0011 0.0002 -0.0000 0.0000 0.0000 0.0000 0.0000 0.0000 0.0180 0.0221 -0.0019 -0.0015 -0.0134 0.0085 0.0166 0.0252 0.6782 0.3935 0.1029 0.5300 0.7013 1.1337 -2.0714 -0.3807 -6.1688 0.0000 0.8732 0.0378 0.4309 1.8333 -0.0415 0.0440 10.4469 2.3127 0.0643 0.5000 1.8000 
1 134 152 1 0.9729 2.0351e+02 2.0446 0.8339 1.0399 19.2846 1.2068 0.4641 2.6707 4.2817 0.0064 0.0064 0.0279 0.0480 0.0718 0.1214 0.2403 0.4430 0.5973 0.2420 -0.0178 0.0048 0.0058 0.0439 0.0545 0.1060 0.0454 0.0353 -0.0150 -0.0010 0.0002 0.0003 -0.0000 0.0047 0.0063 0.0012 0.0002 -0.0000 0.0000 0.0000 0.0000 0.0000 0.0000 0.0732 0.1004 0.0034 0.0023 -0.0150 0.0309 0.0671 0.1130 0.6825 0.4648 0.1169 0.6051 0.7503 1.1848 -2.2200 -0.4523 -6.2182 0.0000 0.8587 0.0459 0.4729 1.7388 0.0227 0.0406 9.0131 2.0675 0.0213 0.5000 1.8000 
1 152 172 1 0.9740 8.1965e+01 1.7222 0.8548 0.9975 20.4740 1.3532 0.5032 2.6562 4.8050 0.0025 0.0025 0.0293 0.0450 0.0497 0.0808 0.1721 0.3638 0.6055 0.4009 0.0303 0.0022 0.0040 0.0355 0.0401 0.1257 0.0530 0.0632 0.0156 -0.0026 -0.0003 0.0003 -0.0000 0.0048 0.0079 0.0012 0.0002 -0.0000 0.0000 0.0000 0.0000 0.0000 0.0000 0.1320 0.1927 0.0323 0.0256 0.0125 0.0689 0.1282 0.2081 0.7001 0.5048 0.1157 0.6206 0.8244 1.2872 -2.3138 -0.5515 -5.9190 0.0000 0.8615 0.0460 0.4786 1.7080 0.0970 0.0300 8.3953 1.8861 0.0126 0.5000 1.8000 
1 172 194 1 0.9750 3.1033e+01 1.5750 0.8795 1.0300 22.2001 1.4188 0.4688 2.5793 5.2826 0.0012 0.0013 0.0372 0.0401 0.0394 0.0587 0.1390 0.2470 0.4829 0.5344 0.1118 0.0014 0.0030 0.0261 0.0272 0.1172 0.0531 0.1075 0.0469 0.0046 -0.0016 0.0004 -0.0000 0.0048 0.0104 0.0012 0.0003 -0.0000 0.0000 0.0000 0.0000 0.0000 0.0000 0.1554 0.2566 0.0778 0.0768 0.0169 0.1229 0.1844 0.2563 0.6467 0.4552 0.1165 0.5284 0.8233 1.2961 -2.2382 -0.5224 -5.2394 0.0000 0.7492 0.0422 0.3957 1.5522 0.2309 0.0215 8.3549 1.9605 0.0029 0.5000 1.8000 
1 194 216 1 0.9759 1.1369e+01 2.5479 1.1204 1.0713 24.1089 1.5057 0.4666 2.5594 5.8052 0.0010 0.0010 0.0482 0.0326 0.0394 0.0452 0.1228 0.1652 0.3609 0.5718 0.2121 0.0013 0.0012 0.0175 0.0178 0.0880 0.0664 0.1700 0.1087 0.0354 -0.0019 0.0004 -0.0000 0.0041 0.0090 0.0012 0.0004 -0.0000 0.0000 0.0000 0.0000 0.0000 0.0000 0.1526 0.3411 0.1150 0.1480 0.0527 0.2001 0.2530 0.2993 0.6090 0.4211 0.1261 0.4337 0.9142 1.3330 -2.1659 -0.4883 -4.9375 0.0000 0.6394 0.0372 0.3190 1.3990 0.3682 0.0176 8.8965 2.3262 0.0523 0.5000 1.8000 
1 216 240 1 0.9767 4.3029e+00 2.1256 1.5354 1.1629 26.1686 1.7657 0.5143 2.6868 6.7366 0.0010 0.0010 0.0575 0.0247 0.0328 0.0298 0.0938 0.1231 0.2872 0.5248 0.3000 0.0013 -0.0012 0.0106 0.0107 0.0547 0.0793 0.2062 0.1910 0.0846 0.0041 -0.0029 -0.0000 0.0016 0.0070 0.0012 0.0004 -0.0000 0.0000 0.0000 0.0000 0.0000 0.0000 0.1425 0.4497 0.1338 0.2274 0.1339 0.2887 0.3214 0.3528 0.6176 0.4298 0.1384 0.3673 1.1205 1.4741 -2.2282 -0.4992 -5.5506 0.0000 0.5688 0.0282 0.2745 1.3040 0.4773 0.0144 9.6862 2.6961 0.0038 0.5000 1.8000 
1 240 264 1 0.9775 1.5012e+00 3.5114 1.6208 1.3242 28.0660 1.9631 0.5052 2.7117 7.7449 0.0010 0.0010 0.0608 0.0180 0.0177 0.0136 0.0562 0.0955 0.2202 0.4161 0.3257 0.0013 -0.0020 0.0057 0.0056 0.0264 0.0800 0.1929 0.2452 0.1282 0.0087 -0.0052 -0.0000 0.0023 0.0061 0.0012 0.0004 -0.0000 0.0000 0.0000 0.0000 0.0000 0.0000 0.1305 0.5379 0.1321 0.2890 0.2155 0.3638 0.3583 0.3817 0.5757 0.4102 0.1348 0.2844 1.2313 1.5082 -2.2962 -0.4879 -7.0175 0.0000 0.4750 0.0176 0.2208 1.1113 0.4977 0.0110 10.4663 2.8744 0.0068 0.5000 1.8000 
1 264 290 1 0.9781 4.8573e-01 5.9549 2.2259 1.4592 29.4221 1.8169 0.4479 2.5597 8.1193 0.0010 0.0010 0.0559 0.0141 0.0059 0.0034 0.0311 0.0773 0.1559 0.2913 0.2925 0.0013 -0.0021 0.0029 0.0025 0.0099 0.0745 0.1585 0.2501 0.1694 0.0216 0.0076 -0.0002 0.0045 0.0059 0.0012 0.0012 -0.0001 0.0000 0.0000 0.0000 0.0000 0.0000 0.1237 0.6280 0.1300 0.3364 0.3015 0.4499 0.3849 0.3948 0.5024 0.3699 0.1209 0.1982 1.2664 1.4645 -2.3276 -0.4375 -8.7574 0.0000 0.3750 0.0109 0.1624 0.8814 0.4561 0.0091 11.7260 2.9274 0.0786 0.5000 1.8000 
1 290 318 1 0.9786 1.7735e-01 9.1020 2.0647 1.4845 30.6584 1.6843 0.4614 2.4722 8.7509 0.0010 0.0010 0.0463 0.0125 0.0019 0.0023 0.0197 0.0610 0.1150 0.1871 0.2377 0.0013 -0.0020 0.0015 0.0010 0.0028 0.0628 0.1254 0.2488 0.2257 0.0706 0.0228 -0.0004 0.0055 0.0058 0.0012 0.0059 -0.0002 0.0000 0.0000 0.0000 0.0000 0.0000 0.1179 0.7826 0.1378 0.3967 0.4551 0.6011 0.4281 0.4217 0.5307 0.3856 0.1057 0.1449 1.4041 1.5372 -2.3810 -0.3882 -9.7719 0.0000 0.3134 0.0117 0.1234 0.7797 0.4077 0.0103 13.4671 2.9874 0.0299 0.5000 1.8000 
1 318 376 1 0.9790 2.8928e-02 13.9749 2.3453 1.3467 33.2630 2.2515 0.6027 2.6816 10.9691 0.0010 0.0010 0.0350 0.0123 0.0023 -0.0030 0.0150 0.0336 0.0937 0.0968 0.1601 0.0013 -0.0019 -0.0007 -0.0011 0.0001 0.0365 0.0864 0.2791 0.3147 0.1981 0.0399 -0.0009 0.0060 0.0058 0.0012 0.0186 -0.0003 0.0000 0.0000 0.0000 0.0000 0.0000 0.1023 1.1393 0.1573 0.4997 0.7741 0.9073 0.5005 0.4807 0.7162 0.4992 0.0841 0.1222 1.8665 1.8741 -2.6934 -0.3761 -8.4698 0.0000 0.2932 0.0112 0.1003 0.8118 0.3649 0.0100 16.2120 3.6220 0.0971 0.5000 1.8000 
1 376 478 1 0.9794 8.9171e-04 9.9982 6.6786 0.8505 43.2131 2.5721 0.2918 3.2022 16.4503 0.0010 0.0010 0.0293 0.0078 -0.0026 -0.0034 0.0141 0.0100 0.0190 0.0503 0.0666 0.0013 -0.0019 -0.0010 -0.0015 -0.0005 0.0129 0.0541 0.2679 0.3192 0.3392 0.0483 -0.0013 0.0060 0.0058 0.0012 0.0326 -0.0004 0.0000 0.0000 0.0000 0.0000 0.0000 0.0823 2.2132 0.1753 0.5937 1.1127 1.3902 0.5596 0.5376 0.3240 0.3082 0.0639 0.0158 3.7356 2.8866 -5.8669 0.9089 3.6588 0.0000 0.2725 -0.0056 0.0175 0.3069 0.3432 -0.0044 29.4038 10.5117 0.2570 0.5000 1.8000 
