 0.7000000E-01 0.6598000E+00 0.1700000E+02 0.3742000E+00 0.6860000E-02 0.8863700E-02 0.9257800E-02
   3.0  -0.3  -0.1  -0.4   0.5
 0.7000000E-01 0.7374001E+00 0.1900000E+02 0.3604000E+00 0.5970000E-02 0.8053900E-02 0.8516400E-02
   3.0  -0.3   0.0   0.5   0.5
 0.1000000E+00 0.5162001E+00 0.1900000E+02 0.3562700E+00 0.4660000E-02 0.4988900E-02 0.5679000E-02
   3.0  -0.4  -0.1   0.4   0.5
 0.1000000E+00 0.5841000E+00 0.2150000E+02 0.3611900E+00 0.3920000E-02 0.4316000E-02 0.5281100E-02
   3.0  -0.3  -0.1   0.6   0.5
 0.1000000E+00 0.6656000E+00 0.2450000E+02 0.3501000E+00 0.4160000E-02 0.4513300E-02 0.5075700E-02
   3.0  -0.3  -0.1   0.3   0.5
 0.1400000E+00 0.4172000E+00 0.2150000E+02 0.3349300E+00 0.4340000E-02 0.4340000E-02 0.5166000E-02
   3.0  -0.4  -0.2   0.5   0.5
 0.1400000E+00 0.4755000E+00 0.2450000E+02 0.3401300E+00 0.4570000E-02 0.4570000E-02 0.5604700E-02
   3.0  -0.4  -0.1   0.7   0.5
 0.1400000E+00 0.5434000E+00 0.2800000E+02 0.3272000E+00 0.4190000E-02 0.4190000E-02 0.4797500E-02
   3.0  -0.4  -0.1   0.3   0.5
 0.1400000E+00 0.6307001E+00 0.3250000E+02 0.3201500E+00 0.4210000E-02 0.4210000E-02 0.4780000E-02
   3.0  -0.3   0.0   0.4   0.5
 0.1800000E+00 0.3245000E+00 0.2150000E+02 0.3017700E+00 0.4850000E-02 0.4850000E-02 0.5542300E-02
   3.0  -0.5  -0.2   0.5   0.5
 0.1800000E+00 0.3698000E+00 0.2450000E+02 0.3015400E+00 0.4930000E-02 0.4930000E-02 0.5362900E-02
   3.0  -0.4  -0.2   0.2   0.5
 0.1800000E+00 0.4226000E+00 0.2800000E+02 0.3054100E+00 0.4650000E-02 0.4650000E-02 0.5136100E-02
   3.0  -0.4  -0.1   0.3   0.5
 0.1800000E+00 0.4905000E+00 0.3250000E+02 0.3044500E+00 0.3690000E-02 0.3690000E-02 0.4184400E-02
   3.0  -0.4  -0.1   0.4   0.3
 0.1800000E+00 0.5660000E+00 0.3750000E+02 0.2947000E+00 0.3760000E-02 0.3760000E-02 0.3951500E-02
   3.0  -0.3   0.0  -0.2   0.2
 0.1800000E+00 0.6490000E+00 0.4300000E+02 0.2939800E+00 0.3730000E-02 0.3730000E-02 0.3888800E-02
   3.0  -0.3   0.0   0.1   0.2
 0.2250000E+00 0.3381000E+00 0.2800000E+02 0.2755200E+00 0.4430000E-02 0.4430000E-02 0.4847300E-02
   3.0  -0.4  -0.1  -0.3   0.5
 0.2250000E+00 0.3924000E+00 0.3250000E+02 0.2645700E+00 0.4210000E-02 0.4210000E-02 0.4576500E-02
   3.0  -0.4  -0.1   0.2   0.5
 0.2250000E+00 0.4528000E+00 0.3750000E+02 0.2663200E+00 0.3390000E-02 0.3390000E-02 0.3603000E-02
   3.0  -0.4   0.0  -0.1   0.2
 0.2250000E+00 0.5192000E+00 0.4300000E+02 0.2645200E+00 0.3310000E-02 0.3310000E-02 0.3534900E-02
   3.0  -0.3   0.0   0.3   0.2
 0.2250000E+00 0.5977001E+00 0.4950000E+02 0.2562300E+00 0.3340000E-02 0.3340000E-02 0.3694700E-02
   3.0  -0.3   0.0   0.5   0.2
 0.2250000E+00 0.6883000E+00 0.5700000E+02 0.2453800E+00 0.4360000E-02 0.4360000E-02 0.4489300E-02
   3.0  -0.3   0.1   0.3   0.0
 0.2750000E+00 0.2766000E+00 0.2800000E+02 0.2451000E+00 0.4570000E-02 0.4570000E-02 0.4887600E-02
   3.0  -0.4   0.0   0.3   0.5
 0.2750000E+00 0.3211000E+00 0.3250000E+02 0.2368700E+00 0.4330000E-02 0.4330000E-02 0.4642700E-02
   3.0  -0.3   0.0  -0.4   0.5
 0.2750000E+00 0.3705000E+00 0.3750000E+02 0.2224400E+00 0.3250000E-02 0.3250000E-02 0.3391600E-02
   3.0  -0.3   0.1   0.0   0.3
 0.2750000E+00 0.4248000E+00 0.4300000E+02 0.2232000E+00 0.3210000E-02 0.3210000E-02 0.3346800E-02
   3.0  -0.3   0.1  -0.2   0.2
 0.2750000E+00 0.4890000E+00 0.4950000E+02 0.2221500E+00 0.3270000E-02 0.3270000E-02 0.3489000E-02
   3.0  -0.3   0.1   0.4   0.2
 0.2750000E+00 0.5631000E+00 0.5700000E+02 0.2176700E+00 0.3440000E-02 0.3440000E-02 0.3541800E-02
   3.0  -0.3   0.1   0.1   0.2
 0.2750000E+00 0.6471000E+00 0.6550000E+02 0.2232200E+00 0.4580000E-02 0.4580000E-02 0.4719300E-02
   3.0  -0.3   0.1   0.4   0.0
 0.2750000E+00 0.7410001E+00 0.7500000E+02 0.2081500E+00 0.4580000E-02 0.4580000E-02 0.4917600E-02
   3.0  -0.3   0.1   0.8   0.0
 0.3500000E+00 0.2523000E+00 0.3250000E+02 0.1797500E+00 0.3020000E-02 0.3020000E-02 0.3236900E-02
   3.0  -0.2   0.3  -0.2   0.5
 0.3500000E+00 0.2911000E+00 0.3750000E+02 0.1702800E+00 0.2200000E-02 0.2200000E-02 0.2365100E-02
   3.0  -0.2   0.3   0.2   0.3
 0.3500000E+00 0.3338000E+00 0.4300000E+02 0.1708600E+00 0.2160000E-02 0.2160000E-02 0.2427300E-02
   3.0  -0.2   0.3   0.5   0.2
 0.3500000E+00 0.3842000E+00 0.4950000E+02 0.1673000E+00 0.2150000E-02 0.2150000E-02 0.2313100E-02
   3.0  -0.2   0.3   0.3   0.2
 0.3500000E+00 0.4425000E+00 0.5700000E+02 0.1660600E+00 0.2260000E-02 0.2260000E-02 0.2563000E-02
   3.0  -0.2   0.3   0.6   0.2
 0.3500000E+00 0.5084000E+00 0.6550000E+02 0.1604500E+00 0.2400000E-02 0.2400000E-02 0.2494700E-02
   3.0  -0.2   0.3  -0.2   0.1
 0.3500000E+00 0.5822001E+00 0.7500000E+02 0.1597800E+00 0.3010000E-02 0.3010000E-02 0.3068800E-02
   3.0  -0.2   0.3   0.1   0.0
 0.3500000E+00 0.6676000E+00 0.8600000E+02 0.1601800E+00 0.3140000E-02 0.3140000E-02 0.3383800E-02
   3.0  -0.2   0.3   0.7   0.0
 0.3500000E+00 0.7685000E+00 0.9900000E+02 0.1493500E+00 0.3370000E-02 0.3370000E-02 0.3442000E-02
   3.0  -0.2   0.3   0.3   0.0
 0.4500000E+00 0.1962000E+00 0.3250000E+02 0.1061800E+00 0.2730000E-02 0.2730000E-02 0.3123000E-02
   3.0   0.3   1.1   0.7   0.5
 0.4500000E+00 0.2264000E+00 0.3750000E+02 0.1039200E+00 0.2920000E-02 0.2920000E-02 0.3164900E-02
   3.0   0.2   1.0   0.3   0.5
 0.4500000E+00 0.2596000E+00 0.4300000E+02 0.1056700E+00 0.1900000E-02 0.1900000E-02 0.2209700E-02
   3.0   0.2   0.9   0.5   0.2
 0.4500000E+00 0.2989000E+00 0.4950000E+02 0.1034000E+00 0.1890000E-02 0.1890000E-02 0.2078600E-02
   3.0   0.1   0.8   0.1   0.2
 0.4500000E+00 0.3441000E+00 0.5700000E+02 0.1032100E+00 0.1950000E-02 0.1950000E-02 0.2130100E-02
   3.0   0.0   0.7  -0.4   0.2
 0.4500000E+00 0.3955000E+00 0.6550000E+02 0.1003800E+00 0.2050000E-02 0.2050000E-02 0.2183300E-02
   3.0   0.0   0.6   0.4   0.2
 0.4500000E+00 0.4528000E+00 0.7500000E+02 0.9919000E-01 0.2580000E-02 0.2580000E-02 0.2657000E-02
   3.0  -0.1   0.6   0.2   0.0
 0.4500000E+00 0.5192000E+00 0.8600000E+02 0.9492000E-01 0.2610000E-02 0.2610000E-02 0.2714900E-02
   3.0  -0.1   0.5   0.6   0.0
 0.4500000E+00 0.5977001E+00 0.9900000E+02 0.9065000E-01 0.2700000E-02 0.2700000E-02 0.2743800E-02
   3.0  -0.2   0.5   0.0   0.0
 0.4500000E+00 0.6973000E+00 0.1155000E+03 0.9187000E-01 0.2720000E-02 0.2720000E-02 0.2788900E-02
   3.0  -0.2   0.5   0.4   0.0
 0.5500000E+00 0.1605000E+00 0.3250000E+02 0.5383000E-01 0.1920000E-02 0.1920000E-02 0.2872300E-02
   3.0   1.4   2.7   2.5   0.5
 0.5500000E+00 0.1852000E+00 0.3750000E+02 0.5319000E-01 0.2140000E-02 0.2140000E-02 0.2760600E-02
   3.0   1.1   2.3   2.0   0.5
 0.5500000E+00 0.2124000E+00 0.4300000E+02 0.5346000E-01 0.1320000E-02 0.1320000E-02 0.1950900E-02
   3.0   0.9   2.1   1.4   0.2
 0.5500000E+00 0.2445000E+00 0.4950000E+02 0.5282000E-01 0.1350000E-02 0.1350000E-02 0.1829200E-02
   3.0   0.7   1.8   1.3   0.2
 0.5500000E+00 0.2816000E+00 0.5700000E+02 0.5373000E-01 0.1470000E-02 0.1470000E-02 0.1767800E-02
   3.0   0.5   1.6   0.7   0.2
 0.5500000E+00 0.3236000E+00 0.6550000E+02 0.5221000E-01 0.1540000E-02 0.1540000E-02 0.1721400E-02
   3.0   0.4   1.4   0.2   0.1
 0.5500000E+00 0.3705000E+00 0.7500000E+02 0.5218000E-01 0.1690000E-02 0.1690000E-02 0.1831500E-02
   3.0   0.3   1.3   0.2   0.1
 0.5500000E+00 0.4248000E+00 0.8600000E+02 0.4913000E-01 0.1980000E-02 0.1980000E-02 0.2069400E-02
   3.0   0.2   1.1   0.5   0.0
 0.5500000E+00 0.4890000E+00 0.9900000E+02 0.5086000E-01 0.2130000E-02 0.2130000E-02 0.2191100E-02
   3.0   0.1   1.0   0.1   0.0
 0.5500000E+00 0.5705000E+00 0.1155000E+03 0.4983000E-01 0.2140000E-02 0.2140000E-02 0.2186500E-02
   3.0   0.0   0.9   0.0   0.0
 0.5500000E+00 0.6792001E+00 0.1375000E+03 0.4556000E-01 0.2130000E-02 0.2130000E-02 0.2169100E-02
   3.0  -0.1   0.8   0.4   0.0
 0.6500000E+00 0.1358000E+00 0.3250000E+02 0.2538000E-01 0.1150000E-02 0.1150000E-02 0.2596500E-02
   3.0   3.4   5.6   6.4   0.5
 0.6500000E+00 0.1567000E+00 0.3750000E+02 0.2531000E-01 0.1280000E-02 0.1280000E-02 0.2444400E-02
   3.0   2.9   4.8   6.0   0.5
 0.6500000E+00 0.1797000E+00 0.4300000E+02 0.2316000E-01 0.7400000E-03 0.7400000E-03 0.1773200E-02
   3.0   2.4   4.2   5.0   0.1
 0.6500000E+00 0.2069000E+00 0.4950000E+02 0.2468000E-01 0.8200000E-03 0.8200000E-03 0.1711600E-02
   3.0   2.0   3.7   4.4   0.1
 0.6500000E+00 0.2382000E+00 0.5700000E+02 0.2318000E-01 0.8500000E-03 0.8500000E-03 0.1412800E-02
   3.0   1.6   3.2   3.3   0.1
 0.6500000E+00 0.2738000E+00 0.6550000E+02 0.2269000E-01 0.9400000E-03 0.9400000E-03 0.1283400E-02
   3.0   1.3   2.8   2.3   0.1
 0.6500000E+00 0.3135000E+00 0.7500000E+02 0.2195000E-01 0.1030000E-02 0.1030000E-02 0.1226800E-02
   3.0   1.0   2.5   1.4   0.1
 0.6500000E+00 0.3595000E+00 0.8600000E+02 0.2052000E-01 0.1230000E-02 0.1230000E-02 0.1339600E-02
   3.0   0.8   2.2   1.1   0.0
 0.6500000E+00 0.4138000E+00 0.9900000E+02 0.2144000E-01 0.1380000E-02 0.1380000E-02 0.1465600E-02
   3.0   0.5   1.9   1.2   0.0
 0.6500000E+00 0.4828000E+00 0.1155000E+03 0.1997000E-01 0.1350000E-02 0.1350000E-02 0.1402400E-02
   3.0   0.3   1.7   0.8   0.0
 0.6500000E+00 0.5747001E+00 0.1375000E+03 0.1944000E-01 0.1460000E-02 0.1460000E-02 0.1492500E-02
   3.0   0.2   1.5   0.5   0.0
 0.7500000E+00 0.1558000E+00 0.4300000E+02 0.9340000E-02 0.4600000E-03 0.4600000E-03 0.1648100E-02
   3.0   5.4   8.7  13.5   0.0
 0.7500000E+00 0.1793000E+00 0.4950000E+02 0.9350000E-02 0.4900000E-03 0.4900000E-03 0.1476800E-02
   3.0   4.5   7.6  12.0   0.0
 0.7500000E+00 0.2065000E+00 0.5700000E+02 0.8300000E-02 0.5300000E-03 0.5300000E-03 0.1236600E-02
   3.0   3.8   6.6  11.1   0.0
 0.7500000E+00 0.2373000E+00 0.6550000E+02 0.7640000E-02 0.5500000E-03 0.5500000E-03 0.1067100E-02
   3.0   3.1   5.8  10.0   0.0
 0.7500000E+00 0.2717000E+00 0.7500000E+02 0.8030000E-02 0.6300000E-03 0.6300000E-03 0.1069700E-02
   3.0   2.5   5.0   9.2   0.0
 0.7500000E+00 0.3115000E+00 0.8600000E+02 0.7200000E-02 0.6400000E-03 0.6400000E-03 0.9154500E-03
   3.0   2.0   4.4   7.7   0.0
 0.7500000E+00 0.3586000E+00 0.9900000E+02 0.8570000E-02 0.8100000E-03 0.8100000E-03 0.1061200E-02
   3.0   1.6   3.9   6.8   0.0
 0.7500000E+00 0.4184000E+00 0.1155000E+03 0.6730000E-02 0.7400000E-03 0.7400000E-03 0.8605000E-03
   3.0   1.2   3.3   5.5   0.0
 0.7500000E+00 0.4981000E+00 0.1375000E+03 0.6610000E-02 0.8100000E-03 0.8100000E-03 0.8790400E-03
   3.0   0.8   2.9   4.2   0.0
