*  Total number of systematic sources *
   99
   20 99 99     1     0.000   1  2  3  4  5  6  7  8  9 10 11 12 13 14 15 16 17 18 19 20 21 22 23 24 25 26 27 28 29 30 31 32 33 34 35 36 37 38 39 40 41 42 43 44 45 46 47 48 49 50 51 52 53 54 55 56 57 58 59 60 61 62 63 64 65 66 67 68 69 70 71 72 73 74 75 76 77 78 79 80 81 82 83 84 85 86 87 88 89 90 91 92 93 94 95 96 97 98 99
 0.1000000E+01 0.2857143E+01 0.2000000E+02 0.2702178E-01 0.9042962E-04 0.4096625E-04 0.2186532E-03
 0.3480  0.0336 -0.0959 -0.0226  0.0471 -0.0212 -0.0003 -0.0071  0.0146 -0.0262 -0.0197  0.0059  0.0047  0.0003  0.0000 -0.0000 -0.0000 -0.0000 -0.0000  0.0000 -0.0000  0.0000 -0.0000 -0.0000  0.0000 -0.0000 -0.0000 -0.0000  0.0000 -0.0000  0.0000 -0.0000 -0.0000 -0.0000 -0.0000 -0.0000 -0.0000 -0.0000 -0.0000 -0.0000 -0.0000 -0.0000 -0.0000 -0.0000 -0.0000 -0.0000 -0.0000 -0.0000 -0.0000 -0.0000 -0.0000 -0.0000 -0.0000 -0.0000 -0.0000 -0.0000  0.0000 -0.0000  0.0000  0.0000  0.0000 -0.0000  0.0000  0.0000  0.0000  0.0000 -0.0049 -0.0016  0.0156  0.0121  0.0067  0.0018 -0.0220 -0.0523  0.0006  0.0319  0.0368  0.1522 -0.1246  0.0111 -0.0868  0.0191 -0.0694  0.0231 -0.0307  0.0834 -0.0444 -0.1208  0.1211  0.0203  0.0483  0.0668 -0.1704  0.0818 -0.4591 -0.1370  0.0715  0.0792 -0.0519
 0.3000000E+01 0.9523810E+00 0.2000000E+02 0.5564968E-01 0.1288824E-03 0.5367417E-04 0.2152217E-03
 -0.0303  0.0196 -0.0500  0.0083  0.0135  0.0075 -0.0027  0.0054  0.0027 -0.0036 -0.0094 -0.0006  0.0001 -0.0010  0.0000 -0.0000 -0.0000 -0.0000  0.0000 -0.0000  0.0000  0.0000 -0.0000  0.0000  0.0000 -0.0000 -0.0000  0.0000  0.0000 -0.0000  0.0000 -0.0000 -0.0000 -0.0000 -0.0000 -0.0000 -0.0000 -0.0000 -0.0000 -0.0000 -0.0000 -0.0000 -0.0000 -0.0000 -0.0000 -0.0000 -0.0000 -0.0000 -0.0000 -0.0000 -0.0000 -0.0000 -0.0000 -0.0000 -0.0000 -0.0000  0.0000 -0.0000 -0.0000 -0.0000 -0.0000 -0.0000 -0.0000  0.0000  0.0000  0.0000 -0.0032 -0.0014  0.0001 -0.0038 -0.0022  0.0051 -0.0119 -0.0113  0.0027 -0.0072  0.0154 -0.0102 -0.0312 -0.0119  0.0582 -0.0207  0.0210 -0.0042  0.0007 -0.0636  0.0045 -0.0360  0.0213  0.0034  0.0822  0.0014 -0.1395 -0.0085 -0.0234 -0.0598  0.1246  0.1370 -0.0755
 0.5000000E+01 0.5714286E+00 0.2000000E+02 0.5567201E-01 0.1289077E-03 0.6010800E-04 0.2368428E-03
 -0.1373  0.0129 -0.0281  0.0075  0.0077  0.0079 -0.0069 -0.0038  0.0046  0.0038  0.0020  0.0005 -0.0020  0.0005 -0.0000  0.0000 -0.0000 -0.0000 -0.0000  0.0000 -0.0000  0.0000 -0.0000 -0.0000  0.0000 -0.0000 -0.0000 -0.0000 -0.0000 -0.0000  0.0000 -0.0000 -0.0000 -0.0000 -0.0000 -0.0000 -0.0000 -0.0000 -0.0000 -0.0000 -0.0000 -0.0000 -0.0000 -0.0000 -0.0000 -0.0000 -0.0000 -0.0000 -0.0000 -0.0000 -0.0000 -0.0000 -0.0000 -0.0000 -0.0000 -0.0000  0.0000  0.0000  0.0000  0.0000  0.0000  0.0000  0.0000  0.0000  0.0000  0.0000 -0.0000 -0.0007 -0.0010 -0.0094 -0.0031 -0.0027 -0.0020 -0.0005  0.0011 -0.0135  0.0174 -0.0076 -0.0023 -0.0171  0.0802 -0.0186  0.0363 -0.0050  0.0056 -0.0799  0.0233  0.0188 -0.0050 -0.0261  0.0301  0.0053  0.0219  0.0047  0.2335  0.0209  0.1041  0.0974 -0.0431
 0.7000000E+01 0.4081633E+00 0.2000000E+02 0.4879989E-01 0.1190296E-03 0.6084910E-04 0.1849389E-03
  0.0130 -0.0084 -0.0049  0.0026 -0.0041  0.0127 -0.0108 -0.0018  0.0131  0.0050  0.0031 -0.0005  0.0004  0.0004 -0.0000 -0.0000  0.0000 -0.0000 -0.0000  0.0000 -0.0000  0.0000 -0.0000 -0.0000  0.0000 -0.0000  0.0000 -0.0000  0.0000  0.0000 -0.0000 -0.0000 -0.0000 -0.0000 -0.0000 -0.0000 -0.0000 -0.0000 -0.0000 -0.0000 -0.0000 -0.0000 -0.0000 -0.0000 -0.0000 -0.0000 -0.0000 -0.0000 -0.0000 -0.0000 -0.0000 -0.0000 -0.0000 -0.0000 -0.0000 -0.0000  0.0000 -0.0000  0.0000 -0.0000  0.0000 -0.0000  0.0000  0.0000  0.0000  0.0000  0.0001 -0.0020 -0.0018 -0.0138 -0.0118 -0.0055  0.0032  0.0034 -0.0107 -0.0112  0.0079 -0.0156 -0.0177 -0.0143  0.0172  0.0043  0.0099 -0.0316 -0.0223 -0.0252 -0.0208 -0.0237  0.0213  0.0066  0.0401 -0.0218  0.0349  0.0317  0.0667 -0.0138  0.1747  0.1290 -0.0788
 0.9000000E+01 0.3174603E+00 0.2000000E+02 0.4083625E-01 0.1105400E-03 0.5320355E-04 0.1997226E-03
  0.0604 -0.0093  0.0109  0.0040 -0.0168  0.0069 -0.0095 -0.0004  0.0141  0.0018 -0.0022 -0.0007  0.0004  0.0005 -0.0000 -0.0000  0.0000 -0.0000  0.0000  0.0000 -0.0000  0.0000 -0.0000 -0.0000  0.0000 -0.0000 -0.0000 -0.0000  0.0000 -0.0000  0.0000 -0.0000 -0.0000 -0.0000 -0.0000 -0.0000 -0.0000 -0.0000 -0.0000 -0.0000 -0.0000 -0.0000 -0.0000 -0.0000 -0.0000 -0.0000 -0.0000 -0.0000 -0.0000 -0.0000 -0.0000 -0.0000 -0.0000 -0.0000 -0.0000 -0.0000  0.0000 -0.0000  0.0000  0.0000  0.0000 -0.0000  0.0000  0.0000  0.0000  0.0000 -0.0007  0.0015 -0.0021 -0.0154 -0.0135 -0.0028 -0.0008  0.0074 -0.0038  0.0005 -0.0024 -0.0235 -0.0323 -0.0096 -0.0080 -0.0010  0.0058 -0.0460 -0.0301  0.0071 -0.0159 -0.0524  0.0200 -0.0269 -0.0607 -0.0507  0.0415  0.0878 -0.1281 -0.0678  0.2491  0.1493 -0.1180
 0.1150000E+02 0.2484472E+00 0.2000000E+02 0.3248985E-01 0.7348671E-04 0.3408771E-04 0.1031016E-03
 -0.0109 -0.0132  0.0112  0.0024 -0.0155  0.0127 -0.0068  0.0025  0.0092  0.0032  0.0025 -0.0009  0.0021  0.0003 -0.0000 -0.0000  0.0000 -0.0000  0.0000 -0.0000  0.0000 -0.0000 -0.0000 -0.0000 -0.0000 -0.0000  0.0000 -0.0000  0.0000  0.0000 -0.0000 -0.0000 -0.0000 -0.0000 -0.0000 -0.0000 -0.0000 -0.0000 -0.0000 -0.0000 -0.0000 -0.0000 -0.0000 -0.0000 -0.0000 -0.0000 -0.0000 -0.0000 -0.0000 -0.0000 -0.0000 -0.0000 -0.0000 -0.0000 -0.0000 -0.0000 -0.0000  0.0000  0.0000 -0.0000 -0.0000 -0.0000  0.0000 -0.0000 -0.0000 -0.0000  0.0014 -0.0003 -0.0007 -0.0113 -0.0107 -0.0049  0.0040  0.0086 -0.0115 -0.0106  0.0019 -0.0172  0.0010 -0.0055 -0.0028  0.0060  0.0159 -0.0236 -0.0280 -0.0306 -0.0136 -0.0097  0.0001  0.0195 -0.0023  0.0053  0.0099  0.0341  0.0089 -0.0324  0.1390  0.0893 -0.0606
 0.1450000E+02 0.1970443E+00 0.2000000E+02 0.2503592E-01 0.6435387E-04 0.2970661E-04 0.8525691E-04
 -0.0336 -0.0065  0.0184  0.0010 -0.0121  0.0061 -0.0032 -0.0017  0.0040  0.0085  0.0014  0.0001 -0.0015  0.0011 -0.0000  0.0000 -0.0000 -0.0000 -0.0000  0.0000 -0.0000  0.0000 -0.0000 -0.0000  0.0000 -0.0000 -0.0000 -0.0000 -0.0000 -0.0000  0.0000 -0.0000 -0.0000 -0.0000 -0.0000 -0.0000 -0.0000 -0.0000 -0.0000 -0.0000 -0.0000 -0.0000 -0.0000 -0.0000 -0.0000 -0.0000 -0.0000 -0.0000 -0.0000 -0.0000 -0.0000 -0.0000 -0.0000 -0.0000 -0.0000 -0.0000  0.0000  0.0000  0.0000  0.0000  0.0000  0.0000  0.0000  0.0000  0.0000  0.0000  0.0012  0.0011 -0.0039 -0.0068 -0.0072 -0.0003  0.0074  0.0100  0.0082 -0.0029 -0.0018 -0.0130  0.0115 -0.0039  0.0051 -0.0087  0.0150 -0.0233 -0.0116 -0.0230  0.0058  0.0008 -0.0221 -0.0044 -0.0262 -0.0383  0.0494  0.0492  0.0671  0.0041  0.1012  0.0892 -0.0392
 0.1800000E+02 0.1587302E+00 0.2000000E+02 0.1890591E-01 0.4668782E-04 0.1985183E-04 0.5885128E-04
 -0.0033 -0.0142  0.0213  0.0026 -0.0163  0.0094 -0.0025 -0.0005  0.0080  0.0068  0.0026 -0.0004  0.0006  0.0010 -0.0000 -0.0000  0.0000 -0.0000 -0.0000  0.0000 -0.0000  0.0000 -0.0000 -0.0000  0.0000 -0.0000  0.0000 -0.0000  0.0000  0.0000 -0.0000 -0.0000 -0.0000 -0.0000 -0.0000 -0.0000 -0.0000 -0.0000 -0.0000 -0.0000 -0.0000 -0.0000 -0.0000 -0.0000 -0.0000 -0.0000 -0.0000 -0.0000 -0.0000 -0.0000 -0.0000 -0.0000 -0.0000 -0.0000 -0.0000 -0.0000  0.0000  0.0000  0.0000  0.0000  0.0000 -0.0000  0.0000  0.0000  0.0000  0.0000  0.0015  0.0014 -0.0014 -0.0082 -0.0082 -0.0033  0.0095  0.0125  0.0002 -0.0029 -0.0011 -0.0158  0.0128  0.0001 -0.0183  0.0081  0.0075 -0.0268 -0.0206 -0.0090 -0.0102 -0.0035 -0.0166  0.0096 -0.0305 -0.0345  0.0106  0.0278  0.0058 -0.0182  0.1003  0.0715 -0.0469
 0.2250000E+02 0.1269841E+00 0.2000000E+02 0.1364146E-01 0.3302427E-04 0.1158847E-04 0.4133247E-04
 -0.0171 -0.0205  0.0222 -0.0032 -0.0156  0.0134  0.0034  0.0014  0.0053  0.0097  0.0031  0.0002 -0.0000  0.0005 -0.0000 -0.0000  0.0000  0.0000 -0.0000  0.0000 -0.0000 -0.0000 -0.0000 -0.0000  0.0000 -0.0000  0.0000 -0.0000 -0.0000  0.0000 -0.0000 -0.0000 -0.0000 -0.0000 -0.0000 -0.0000 -0.0000 -0.0000 -0.0000 -0.0000 -0.0000 -0.0000 -0.0000 -0.0000 -0.0000 -0.0000 -0.0000 -0.0000 -0.0000 -0.0000 -0.0000 -0.0000 -0.0000 -0.0000 -0.0000 -0.0000 -0.0000  0.0000  0.0000 -0.0000  0.0000 -0.0000  0.0000 -0.0000 -0.0000 -0.0000  0.0019  0.0002 -0.0012 -0.0024 -0.0087 -0.0009  0.0128  0.0108  0.0092 -0.0046  0.0004 -0.0103  0.0346  0.0051 -0.0166  0.0064  0.0136 -0.0184 -0.0235 -0.0204  0.0080  0.0120 -0.0169  0.0234 -0.0240 -0.0086  0.0196  0.0236  0.0285 -0.0038  0.0880  0.0831 -0.0498
 0.2750000E+02 0.1038961E+00 0.2000000E+02 0.9721835E-02 0.2786654E-04 0.1063677E-04 0.3331069E-04
 -0.0330 -0.0291  0.0208 -0.0006 -0.0085  0.0027  0.0127  0.0020  0.0072  0.0079 -0.0017  0.0006  0.0014  0.0004  0.0000 -0.0000  0.0000  0.0000 -0.0000 -0.0000  0.0000 -0.0000 -0.0000  0.0000 -0.0000 -0.0000  0.0000  0.0000 -0.0000  0.0000  0.0000 -0.0000 -0.0000 -0.0000 -0.0000 -0.0000 -0.0000 -0.0000 -0.0000 -0.0000 -0.0000 -0.0000 -0.0000 -0.0000 -0.0000 -0.0000 -0.0000 -0.0000 -0.0000 -0.0000 -0.0000 -0.0000 -0.0000 -0.0000 -0.0000 -0.0000  0.0000  0.0000 -0.0000 -0.0000 -0.0000 -0.0000 -0.0000 -0.0000 -0.0000 -0.0000  0.0021  0.0053  0.0023  0.0018 -0.0068 -0.0007  0.0154  0.0159  0.0039 -0.0000  0.0015 -0.0117  0.0486  0.0077 -0.0193  0.0113  0.0065 -0.0265 -0.0192 -0.0119 -0.0003  0.0392 -0.0244  0.0207 -0.0335 -0.0157  0.0408  0.0107  0.0480  0.0099  0.0574  0.0479 -0.0439
 0.3350000E+02 0.8528785E-01 0.2000000E+02 0.6835811E-02 0.1928846E-04 0.7392872E-05 0.2351442E-04
 -0.0288 -0.0356  0.0197 -0.0006 -0.0057 -0.0003  0.0200  0.0031 -0.0004  0.0089 -0.0022  0.0001  0.0000  0.0006  0.0000 -0.0000  0.0000  0.0000  0.0000  0.0000  0.0000 -0.0000 -0.0000  0.0000 -0.0000 -0.0000 -0.0000  0.0000 -0.0000 -0.0000  0.0000 -0.0000 -0.0000 -0.0000 -0.0000 -0.0000 -0.0000 -0.0000 -0.0000 -0.0000 -0.0000 -0.0000 -0.0000 -0.0000 -0.0000 -0.0000 -0.0000 -0.0000 -0.0000 -0.0000 -0.0000 -0.0000 -0.0000 -0.0000 -0.0000 -0.0000  0.0000  0.0000 -0.0000  0.0000 -0.0000  0.0000 -0.0000 -0.0000  0.0000 -0.0000  0.0017  0.0040  0.0012  0.0096 -0.0014  0.0027  0.0110  0.0090  0.0082  0.0038  0.0000 -0.0102  0.0670  0.0104 -0.0196  0.0221  0.0097 -0.0142 -0.0156  0.0085  0.0088  0.0241 -0.0301  0.0274 -0.0450 -0.0332  0.0380 -0.0102  0.0371  0.0237  0.0387  0.0621 -0.0560
 0.4100000E+02 0.6968641E-01 0.2000000E+02 0.4605511E-02 0.1465309E-04 0.4958503E-05 0.1815320E-04
 -0.0109 -0.0524  0.0111  0.0051  0.0050 -0.0024  0.0263  0.0048 -0.0009  0.0085 -0.0063 -0.0022  0.0016 -0.0003  0.0000 -0.0000  0.0000  0.0000  0.0000 -0.0000  0.0000 -0.0000  0.0000  0.0000 -0.0000  0.0000  0.0000  0.0000  0.0000  0.0000 -0.0000 -0.0000 -0.0000 -0.0000 -0.0000 -0.0000 -0.0000 -0.0000 -0.0000 -0.0000 -0.0000 -0.0000 -0.0000 -0.0000 -0.0000 -0.0000 -0.0000 -0.0000 -0.0000 -0.0000 -0.0000 -0.0000 -0.0000 -0.0000 -0.0000 -0.0000  0.0000  0.0000 -0.0000 -0.0000 -0.0000 -0.0000 -0.0000 -0.0000 -0.0000 -0.0000  0.0001  0.0042  0.0009  0.0120 -0.0014  0.0050  0.0087  0.0049 -0.0068  0.0045  0.0018 -0.0111  0.0925  0.0144 -0.0219  0.0285 -0.0145 -0.0285 -0.0264  0.0201 -0.0118  0.0242 -0.0238  0.0471 -0.0415 -0.0349  0.0234 -0.0480 -0.0169  0.0396  0.0381  0.0701 -0.0921
 0.5000000E+02 0.5714286E-01 0.2000000E+02 0.3031292E-02 0.1033200E-04 0.3989899E-05 0.1397888E-04
 -0.0255 -0.0648  0.0084  0.0104 -0.0051 -0.0057  0.0315 -0.0034 -0.0121  0.0148  0.0042  0.0028 -0.0020 -0.0015  0.0000  0.0000  0.0000  0.0000 -0.0000 -0.0000  0.0000 -0.0000  0.0000  0.0000 -0.0000  0.0000  0.0000  0.0000 -0.0000  0.0000  0.0000 -0.0000 -0.0000 -0.0000 -0.0000 -0.0000 -0.0000 -0.0000 -0.0000 -0.0000 -0.0000 -0.0000 -0.0000 -0.0000 -0.0000 -0.0000 -0.0000 -0.0000 -0.0000 -0.0000 -0.0000 -0.0000 -0.0000 -0.0000 -0.0000 -0.0000 -0.0000  0.0000 -0.0000 -0.0000 -0.0000 -0.0000 -0.0000 -0.0000 -0.0000 -0.0000 -0.0010  0.0022 -0.0026  0.0128  0.0026  0.0015  0.0020 -0.0004  0.0014  0.0148 -0.0011 -0.0122  0.1148  0.0152 -0.0325  0.0449 -0.0093 -0.0335 -0.0099  0.0238  0.0055  0.0299 -0.0339  0.0629 -0.0580 -0.0781  0.0830 -0.0515  0.0040  0.0329  0.0535  0.0984 -0.1227
 0.6000000E+02 0.4761905E-01 0.2000000E+02 0.1930760E-02 0.8580523E-05 0.3403085E-05 0.1112897E-04
 -0.0011 -0.0789  0.0035  0.0270 -0.0038 -0.0022  0.0204  0.0009 -0.0052  0.0032  0.0054 -0.0023  0.0032 -0.0011  0.0000 -0.0000  0.0000  0.0000  0.0000 -0.0000  0.0000 -0.0000  0.0000  0.0000 -0.0000  0.0000  0.0000  0.0000 -0.0000  0.0000 -0.0000 -0.0000 -0.0000 -0.0000 -0.0000 -0.0000 -0.0000 -0.0000 -0.0000 -0.0000 -0.0000 -0.0000 -0.0000 -0.0000 -0.0000 -0.0000 -0.0000 -0.0000 -0.0000 -0.0000 -0.0000 -0.0000 -0.0000 -0.0000 -0.0000 -0.0000 -0.0000 -0.0000 -0.0000 -0.0000 -0.0000 -0.0000 -0.0000 -0.0000 -0.0000 -0.0000 -0.0002  0.0013  0.0064  0.0132  0.0143  0.0005 -0.0015 -0.0051 -0.0076  0.0139 -0.0134 -0.0093  0.1249  0.0282 -0.0508  0.0453 -0.0139 -0.0296 -0.0065  0.0328  0.0113  0.0224 -0.0329  0.0750 -0.0719 -0.0240  0.0548 -0.0498 -0.0472  0.0004  0.0793  0.1355 -0.1629
 0.7000000E+02 0.4081633E-01 0.2000000E+02 0.1286365E-02 0.6969091E-05 0.2599983E-05 0.8781861E-05
 -0.0133 -0.0825 -0.0013  0.0380  0.0004 -0.0072  0.0174 -0.0141 -0.0102  0.0039  0.0097  0.0025  0.0023 -0.0010  0.0000  0.0000  0.0000  0.0000 -0.0000 -0.0000  0.0000 -0.0000  0.0000  0.0000 -0.0000  0.0000  0.0000  0.0000 -0.0000  0.0000  0.0000 -0.0000 -0.0000 -0.0000 -0.0000 -0.0000 -0.0000 -0.0000 -0.0000 -0.0000 -0.0000 -0.0000 -0.0000 -0.0000 -0.0000 -0.0000 -0.0000 -0.0000 -0.0000 -0.0000 -0.0000 -0.0000 -0.0000 -0.0000 -0.0000 -0.0000 -0.0000  0.0000 -0.0000 -0.0000 -0.0000 -0.0000 -0.0000 -0.0000 -0.0000 -0.0000  0.0002  0.0006  0.0070  0.0153  0.0257 -0.0011 -0.0038 -0.0122  0.0120  0.0329 -0.0255 -0.0065  0.1309  0.0290 -0.0231  0.0544 -0.0051 -0.0422 -0.0207  0.0300  0.0510  0.0425  0.0189  0.0529 -0.0522 -0.0489  0.0331 -0.0200 -0.0311 -0.0079  0.0529  0.2266 -0.1597
 0.8000000E+02 0.3571429E-01 0.2000000E+02 0.8563570E-03 0.5801008E-05 0.2250943E-05 0.6998637E-05
  0.0063 -0.1075 -0.0047  0.0477 -0.0089 -0.0236  0.0183 -0.0080 -0.0184 -0.0083  0.0030  0.0085  0.0014 -0.0028  0.0000  0.0000 -0.0000 -0.0000 -0.0000 -0.0000  0.0000 -0.0000  0.0000  0.0000 -0.0000  0.0000  0.0000  0.0000  0.0000  0.0000  0.0000 -0.0000 -0.0000 -0.0000 -0.0000 -0.0000 -0.0000 -0.0000 -0.0000 -0.0000 -0.0000 -0.0000 -0.0000 -0.0000 -0.0000 -0.0000 -0.0000 -0.0000 -0.0000 -0.0000 -0.0000 -0.0000 -0.0000 -0.0000 -0.0000 -0.0000  0.0000  0.0000 -0.0000 -0.0000 -0.0000 -0.0000 -0.0000 -0.0000 -0.0000 -0.0000 -0.0048  0.0010  0.0045  0.0168  0.0269  0.0079 -0.0117 -0.0182  0.0171  0.0433 -0.0375  0.0030  0.1166  0.0299 -0.0288  0.0478 -0.0138 -0.0521 -0.0017  0.0472  0.0653 -0.0004 -0.0820 -0.0456 -0.0494 -0.0340  0.0211 -0.0836 -0.0115 -0.0202  0.1361  0.1646 -0.1623
 0.9500000E+02 0.3007519E-01 0.2000000E+02 0.4923880E-03 0.2877589E-05 0.9873653E-06 0.3529648E-05
 -0.0033 -0.1231 -0.0054  0.0496  0.0106 -0.0121  0.0151 -0.0346 -0.0210 -0.0126  0.0109  0.0129  0.0054 -0.0038  0.0000 -0.0000  0.0000 -0.0000 -0.0000 -0.0000  0.0000 -0.0000  0.0000  0.0000 -0.0000  0.0000  0.0000  0.0000  0.0000  0.0000  0.0000 -0.0000 -0.0000 -0.0000 -0.0000 -0.0000 -0.0000 -0.0000 -0.0000 -0.0000 -0.0000 -0.0000 -0.0000 -0.0000 -0.0000 -0.0000 -0.0000 -0.0000 -0.0000 -0.0000 -0.0000 -0.0000 -0.0000 -0.0000 -0.0000 -0.0000 -0.0000  0.0000 -0.0000 -0.0000 -0.0000 -0.0000 -0.0000 -0.0000 -0.0000 -0.0000 -0.0051 -0.0038  0.0087  0.0154  0.0377 -0.0055 -0.0070 -0.0323  0.0042  0.0607 -0.0527  0.0104  0.1364  0.0191 -0.0181  0.0757  0.0305 -0.0428 -0.0103 -0.0293  0.0741  0.0381 -0.0286  0.0833 -0.0274 -0.0073  0.0089  0.0023  0.0100 -0.0651  0.0732  0.1730 -0.1357
 0.1275000E+03 0.2240896E-01 0.2000000E+02 0.1882643E-03 0.1163955E-05 0.4049249E-06 0.1407685E-05
  0.0377 -0.1006  0.0006  0.0575  0.0137 -0.0159  0.0122 -0.0369 -0.0402 -0.0181  0.0068  0.0092  0.0057 -0.0057  0.0000 -0.0000  0.0000 -0.0000 -0.0000 -0.0000  0.0000 -0.0000  0.0000  0.0000 -0.0000  0.0000  0.0000  0.0000  0.0000  0.0000  0.0000 -0.0000 -0.0000 -0.0000 -0.0000 -0.0000 -0.0000 -0.0000 -0.0000 -0.0000 -0.0000 -0.0000 -0.0000 -0.0000 -0.0000 -0.0000 -0.0000 -0.0000 -0.0000 -0.0000 -0.0000 -0.0000 -0.0000 -0.0000 -0.0000 -0.0000 -0.0000  0.0000 -0.0000 -0.0000 -0.0000 -0.0000 -0.0000 -0.0000 -0.0000 -0.0000 -0.0083 -0.0016  0.0056  0.0080  0.0501 -0.0175 -0.0128 -0.0515 -0.0258  0.0746 -0.0599 -0.0039  0.0630  0.0275  0.0012  0.0710  0.0323 -0.0664  0.0370  0.0280  0.0752  0.0375  0.0012  0.0224 -0.0570 -0.0522  0.0157  0.0030 -0.0448 -0.1317  0.0846  0.1562 -0.1180
 0.1750000E+03 0.1632653E-01 0.2000000E+02 0.5395164E-04 0.5775215E-06 0.1947405E-06 0.6477420E-06
  0.0166 -0.0653  0.0195  0.0167  0.0415  0.0177  0.0489 -0.0333 -0.0665 -0.0090 -0.0037  0.0021  0.0100 -0.0071  0.0000 -0.0000  0.0000  0.0000  0.0000 -0.0000  0.0000 -0.0000  0.0000  0.0000 -0.0000  0.0000  0.0000  0.0000  0.0000  0.0000 -0.0000 -0.0000 -0.0000 -0.0000 -0.0000 -0.0000 -0.0000 -0.0000 -0.0000 -0.0000 -0.0000 -0.0000 -0.0000 -0.0000 -0.0000 -0.0000 -0.0000 -0.0000 -0.0000 -0.0000 -0.0000 -0.0000 -0.0000 -0.0000 -0.0000 -0.0000 -0.0000 -0.0000 -0.0000 -0.0000 -0.0000 -0.0000 -0.0000 -0.0000 -0.0000 -0.0000 -0.0064  0.0022 -0.0071  0.0178  0.0499 -0.0243  0.0163 -0.0712 -0.0356  0.0790 -0.0403  0.0038  0.0749  0.0131  0.0139  0.1186  0.0478 -0.0910  0.0423 -0.0400  0.1022  0.0520 -0.0355  0.0947 -0.0143 -0.0340 -0.0079 -0.0364  0.0331 -0.1918  0.0736  0.1169 -0.1218
 0.5500000E+03 0.5194805E-02 0.2000000E+02 0.2282577E-05 0.3152215E-07 0.9611080E-08 0.3698502E-07
  0.0708 -0.0442  0.0242  0.0206  0.0849 -0.0136  0.0648 -0.0340 -0.0736  0.0003 -0.0085  0.0059  0.0032 -0.0064  0.0000 -0.0000  0.0000  0.0000 -0.0000 -0.0000  0.0000  0.0000  0.0000  0.0000 -0.0000  0.0000  0.0000  0.0000  0.0000  0.0000  0.0000 -0.0000 -0.0000 -0.0000 -0.0000 -0.0000 -0.0000 -0.0000 -0.0000 -0.0000 -0.0000 -0.0000 -0.0000 -0.0000 -0.0000 -0.0000 -0.0000 -0.0000 -0.0000 -0.0000 -0.0000 -0.0000 -0.0000 -0.0000 -0.0000 -0.0000 -0.0000  0.0000 -0.0000 -0.0000 -0.0000 -0.0000 -0.0000 -0.0000 -0.0000 -0.0000 -0.0107  0.0043 -0.0001  0.0262  0.0731 -0.0447  0.0464 -0.0707 -0.0965  0.0782 -0.0567 -0.0310 -0.0244  0.0518  0.0569  0.1136  0.0282 -0.1499  0.0703  0.1024  0.1854 -0.0335 -0.0247  0.1506 -0.1698 -0.1966  0.2314  0.1500 -0.0756 -0.4119  0.0629  0.1156 -0.1633
