8.228393000000000079e-04 9.076880000000000503e-01 4.832468999999999681e+00 1.898268048365261507e+02 5.033748617777129084e+02 4.573468286733000099e+00
1.103384999999999913e-03 8.373857000000000106e-01 5.112779999999999880e+00 7.543984932064086024e+01 1.380358701453263279e+02 9.050876412779998992e-01
1.547350999999999978e-03 7.817724000000000339e-01 5.345869000000000426e+00 6.331387858422267811e+00 4.542441234012019891e+01 9.265326299899999674e-01
1.606809999999999966e-03 7.942293999999999743e-01 1.039231000000000016e+01 9.718364417724262694e+02 5.360897551195955657e+02 5.678832469549998763e+00
2.073465999999999938e-03 7.207905999999999480e-01 5.403634000000000270e+00 2.172331469591372155e+01 2.061000670388613898e+01 4.125661344230000527e-01
2.191723999999999929e-03 9.071384000000000114e-01 1.198652000000000051e+01 6.920356198082583887e+01 1.113986723892144823e+02 1.684591398013999930e+00
2.914018999999999898e-03 6.836387999999999909e-01 5.701776999999999873e+00 7.539714597708344179e+00 8.389163770718411683e+00 3.297185389680000189e-01
2.961505000000000127e-03 8.188919999999999533e-01 1.250478000000000023e+01 4.708983900053520699e+01 3.159853050029009225e+01 7.012341876540001406e-01
3.946973000000000321e-03 6.557581000000000104e-01 5.955206999999999695e+00 3.106962327035444282e+00 3.778884419187164223e+00 1.953788994479999652e-01
4.000474000000000391e-03 7.637692000000000370e-01 1.336111000000000004e+01 1.092546917691488950e+01 1.058852532207541408e+01 1.983962811760000000e-01
5.341847000000000262e-03 5.893606999999999596e-01 6.132393000000000427e+00 2.022254158070596830e+00 2.144310252058359900e+00 1.478147938839000086e-01
5.435963000000000253e-03 7.431569000000000091e-01 1.491398000000000046e+01 6.195791349632473910e+00 4.504941276330376887e+00 9.129689437600001234e-02
7.453259000000000273e-03 5.219310000000000338e-01 6.245258999999999894e+00 2.147692619336005304e+00 1.172645329687274307e+00 6.914732006250000340e-02
7.535110000000000245e-03 7.007185000000000219e-01 1.586425000000000018e+01 1.793711008219571301e+00 1.869432623094120283e+00 5.431219410064999642e-02
1.017312000000000077e-02 4.596814000000000178e-01 6.403253999999999557e+00 4.974305831975503467e-01 6.388545640143985516e-01 5.572415118599999273e-02
1.027343000000000006e-02 6.610458999999999641e-01 1.771545000000000059e+01 3.147546497476728655e-01 8.160302266269957583e-01 9.465047038440001920e-03
1.383413999999999998e-02 4.071106999999999920e-01 6.466582999999999970e+00 6.265220030171311238e-01 3.870745881224681995e-01 4.084713482849999799e-02
1.394597000000000024e-02 6.271948000000000523e-01 1.964489000000000019e+01 2.842568487278302469e-01 4.147907664907077852e-01 1.185123040288000272e-02
1.507257000000000041e-02 9.373892000000000335e-01 1.062584999999999980e+02 2.687105880396151036e+01 2.029758547245145905e+01 3.324029587559999555e-01
1.920211000000000140e-02 3.508186999999999833e-01 6.544540999999999720e+00 2.564853305469083633e-01 2.553661012929895890e-01 6.433449714239999548e-03
1.935372999999999954e-02 5.872908999999999491e-01 2.248636000000000124e+01 2.922394623192819951e-01 2.291986757737329850e-01 7.342506235249999548e-03
2.001787000000000011e-02 8.558080000000000132e-01 1.170955000000000013e+02 1.216102603319342057e+00 4.120509491186176376e+00 2.879358134919999812e-01
2.625492999999999924e-02 3.007385000000000197e-01 6.610382999999999676e+00 3.325845193767944519e-01 1.475535552149024321e-01 1.558933393840000042e-02
2.646696999999999939e-02 5.523841000000000445e-01 2.522205999999999904e+01 2.489185622989598667e-01 1.079568733360442706e-01 3.736364850120000268e-03
2.716661000000000076e-02 8.291503000000000068e-01 1.213499000000000052e+02 3.464856941068998886e-01 9.373235871788122564e-01 6.083632813679999696e-02
3.584376000000000229e-02 2.572804000000000202e-01 6.676606999999999736e+00 7.906289800726232220e-02 9.275949869475048903e-02 1.243533665625999943e-02
3.603216000000000058e-02 5.122143999999999586e-01 2.807666000000000039e+01 1.332744871510179174e-01 5.933374924083108931e-02 7.599797683520000298e-03
3.681177000000000060e-02 7.857473999999999847e-01 1.290755000000000052e+02 5.289669084481361111e-02 2.913594351791739534e-01 1.895242688800999678e-02
4.939128999999999742e-02 2.109138999999999875e-01 6.695579000000000391e+00 1.278353174108349255e-01 6.741635625428354928e-02 2.546913483367999748e-03
4.961197999999999997e-02 4.605064999999999853e-01 3.063049000000000177e+01 6.945913732426445275e-02 3.735915894497984086e-02 2.399467273512999755e-03
5.048960999999999727e-02 7.357390000000000319e-01 1.383583999999999889e+02 1.220344663878725616e-01 1.219380323162039675e-01 8.379656174800000079e-03
6.807072999999999596e-02 1.737666999999999962e-01 6.716169999999999973e+00 7.459296162207890157e-02 4.090624081091683711e-02 3.517445977435999880e-03
6.840419000000000360e-02 4.155881000000000158e-01 3.332159999999999656e+01 5.422605958122395098e-02 1.917696239335600628e-02 1.601567167760000040e-03
6.947857999999999812e-02 6.965662999999999716e-01 1.506083000000000141e+02 3.791783660269460593e-02 4.142735093458752016e-02 3.032399003697000030e-03
9.288211999999999857e-02 1.411737999999999882e-01 6.764471000000000345e+00 8.870983526443450284e-03 2.633139396975789706e-02 5.349381933329999499e-03
9.324013999999999913e-02 3.674625999999999726e-01 3.549958999999999776e+01 4.296159532858076502e-02 1.072730709481106888e-02 2.608951538015000151e-03
9.426513999999999727e-02 6.521303999999999990e-01 1.628890000000000100e+02 4.099188116637678125e-02 1.662788242745548775e-02 1.914596471014000040e-06
1.257125000000000048e-01 1.185083999999999999e-01 7.187219999999999942e+00 3.974528527206824813e-02 2.120312461869903325e-02 2.860143683975999856e-03
1.270234000000000085e-01 3.108812000000000242e-01 3.669429000000000229e+01 2.695727893848089834e-02 7.713166553807779616e-03 7.060679963099999968e-04
1.278776000000000079e-01 5.912140999999999647e-01 1.768200999999999965e+02 1.493976643435524637e-03 9.608453503574820170e-03 3.468560201899999955e-04
1.408230000000000037e-01 8.605802999999999647e-01 1.116794000000000096e+03 6.325895763755428058e-01 3.831704016246504363e-01 6.878771390039999968e-03
1.731579000000000035e-01 1.022030000000000022e-01 8.185409999999999187e+00 1.393853691204382031e-02 1.718337708204788900e-02 5.630265201930000248e-03
1.768650999999999973e-01 2.622580999999999940e-01 3.816076999999999941e+01 1.883653299142611440e-02 4.433493447025742100e-03 3.364487668619999959e-04
1.786236999999999964e-01 5.405423000000000311e-01 1.957758000000000038e+02 9.486568346955295133e-03 4.031898285415787264e-03 1.433766431999999793e-04
1.876185999999999965e-01 8.516639999999999766e-01 1.123707000000000107e+03 6.301446208702743412e-02 4.299790408286500304e-02 3.429191118600000317e-03
2.240888000000000047e-01 9.281169000000000224e-02 9.187124999999999986e+00 4.355871478525245866e-02 2.125099285619869854e-02 6.895672516800000623e-03
2.413089999999999957e-01 2.263060000000000072e-01 3.996184999999999832e+01 7.049970319746459366e-03 2.417599787813641023e-03 1.052561549995999950e-03
2.429870000000000085e-01 4.985762000000000249e-01 2.174876999999999896e+02 8.323418692774083721e-03 1.704813804902074580e-03 2.655294530340000423e-04
2.506768999999999803e-01 8.190243999999999858e-01 1.182420000000000073e+03 8.718297475942169208e-03 6.840032011572097677e-03 5.788961955882000092e-04
3.231507000000000129e-01 1.907764000000000126e-01 4.242132000000000147e+01 7.913499231381161680e-03 1.665550876834077584e-03 1.533471838672999872e-04
3.233805000000000152e-01 4.339875000000000260e-01 2.301015999999999906e+02 2.295382165458429834e-03 1.076681891166192178e-03 6.617001102119999644e-05
3.253117999999999843e-01 7.596057000000000503e-01 1.227315000000000055e+03 1.897983024609400026e-03 2.560430877263337752e-03 8.741634825039999832e-05
4.555933999999999817e-01 1.582396000000000080e-01 4.727873000000000303e+01 1.575523837215269448e-03 7.801726128197193242e-04 5.345889465539999742e-06
4.609745000000000092e-01 3.558091999999999921e-01 2.446337000000000046e+02 1.120679207214576086e-04 4.493587713209379092e-04 4.533051792800000228e-05
4.728630999999999807e-01 6.445214000000000221e-01 1.295019999999999982e+03 4.113115375963852477e-04 8.539152160109433030e-04 8.677436666140000596e-05
6.209527000000000241e-01 1.393310000000000104e-01 5.337973999999999819e+01 3.797992322871515908e-04 1.785059790545010991e-04 8.589214724999999126e-05
6.276348999999999956e-01 3.216036999999999924e-01 2.670056999999999903e+02 2.638266549715726286e-04 7.973061079334973307e-05 2.495372802520000053e-05
6.390093999999999497e-01 5.975781000000000009e-01 1.360278000000000020e+03 3.031219002569541214e-05 1.068021692975417228e-04 4.998781888409999361e-06
8.177484999999999893e-01 1.239250999999999964e-01 5.954731000000000307e+01 2.247371973693931474e-05 1.631955326609237835e-05 4.422806701710000685e-06
8.252698000000000533e-01 2.912018000000000106e-01 2.887386000000000195e+02 1.357124534282761315e-05 4.765980908323062148e-06 2.072927019029999743e-06
8.349974999999999481e-01 5.520625999999999589e-01 1.431112000000000080e+03 4.061216329512786563e-06 5.189000604622003257e-06 5.843833983149999993e-07
