8.228393000000000079e-04 9.076880000000000503e-01 4.832468999999999681e+00 4.494854812120207157e+02 5.033748617777129084e+02 0.000000000000000000e+00
1.103384999999999913e-03 8.373857000000000106e-01 5.112779999999999880e+00 5.406309432231965673e+01 1.380358701453263279e+02 4.022603760851999888e-01
1.547350999999999978e-03 7.817724000000000339e-01 5.345869000000000426e+00 1.528809697714829419e+01 4.542441234012019891e+01 1.149367729067000132e+00
1.606809999999999966e-03 7.942293999999999743e-01 1.039231000000000016e+01 1.606554258628040941e+02 5.360897551195955657e+02 2.839424753044999861e+00
2.073465999999999938e-03 7.207905999999999480e-01 5.403634000000000270e+00 1.937518863136055458e+01 2.061000670388613898e+01 1.225444381011999914e-02
2.191723999999999929e-03 9.071384000000000114e-01 1.198652000000000051e+01 2.646898424265940619e+01 1.113986723892144823e+02 5.896060164540000148e-01
2.914018999999999898e-03 6.836387999999999909e-01 5.701776999999999873e+00 8.324334164256217861e+00 8.389163770718411683e+00 2.693721750720000085e-01
2.961505000000000127e-03 8.188919999999999533e-01 1.250478000000000023e+01 1.837474343873847715e+01 3.159853050029009225e+01 2.474944191720000186e-01
3.946973000000000321e-03 6.557581000000000104e-01 5.955206999999999695e+00 8.077254382023037138e+00 3.778884419187164223e+00 2.689884343119999799e-01
4.000474000000000391e-03 7.637692000000000370e-01 1.336111000000000004e+01 5.272832824300686561e+00 1.058852532207541408e+01 2.001353292779999848e-01
5.341847000000000262e-03 5.893606999999999596e-01 6.132393000000000427e+00 1.785707319740540422e-01 2.144310252058359900e+00 1.412406622184999849e-01
5.435963000000000253e-03 7.431569000000000091e-01 1.491398000000000046e+01 8.598886632754410897e+00 4.504941276330376887e+00 3.013246484150000279e-02
7.453259000000000273e-03 5.219310000000000338e-01 6.245258999999999894e+00 9.543213781723742795e-01 1.172645329687274307e+00 5.790897157725000827e-02
7.535110000000000245e-03 7.007185000000000219e-01 1.586425000000000018e+01 1.658986509484252414e+00 1.869432623094120283e+00 2.250246563145000267e-02
1.017312000000000077e-02 4.596814000000000178e-01 6.403253999999999557e+00 1.655887240169336527e+00 6.388545640143985516e-01 8.368688528310000430e-02
1.027343000000000006e-02 6.610458999999999641e-01 1.771545000000000059e+01 9.452759564474659815e-01 8.160302266269957583e-01 3.770503338384000036e-02
1.383413999999999998e-02 4.071106999999999920e-01 6.466582999999999970e+00 5.598327911470128981e-01 3.870745881224681995e-01 5.120890284509999751e-02
1.394597000000000024e-02 6.271948000000000523e-01 1.964489000000000019e+01 4.201736594959984972e-01 4.147907664907077852e-01 1.944588197288000045e-02
1.507257000000000041e-02 9.373892000000000335e-01 1.062584999999999980e+02 6.789300521519977316e+00 2.029758547245145905e+01 4.155013612439999865e-02
1.920211000000000140e-02 3.508186999999999833e-01 6.544540999999999720e+00 1.475065537960086326e-01 2.553661012929895890e-01 7.838389690119998768e-03
1.935372999999999954e-02 5.872908999999999491e-01 2.248636000000000124e+01 1.828560449961906254e-01 2.291986757737329850e-01 1.695931558574999623e-02
2.001787000000000011e-02 8.558080000000000132e-01 1.170955000000000013e+02 9.087562137305706944e-01 4.120509491186176376e+00 4.474684894679999830e-02
2.625492999999999924e-02 3.007385000000000197e-01 6.610382999999999676e+00 2.725311175741130243e-01 1.475535552149024321e-01 2.073867705900000330e-02
2.646696999999999939e-02 5.523841000000000445e-01 2.522205999999999904e+01 1.381365910774038919e-01 1.079568733360442706e-01 7.013662223400000256e-03
2.716661000000000076e-02 8.291503000000000068e-01 1.213499000000000052e+02 1.085899297127637997e+00 9.373235871788122564e-01 1.370566511183999789e-02
3.584376000000000229e-02 2.572804000000000202e-01 6.676606999999999736e+00 6.038399179876378919e-02 9.275949869475048903e-02 1.619430812579999990e-02
3.603216000000000058e-02 5.122143999999999586e-01 2.807666000000000039e+01 6.133088067086984313e-02 5.933374924083108931e-02 6.718904653440000395e-03
3.681177000000000060e-02 7.857473999999999847e-01 1.290755000000000052e+02 6.437392742285033553e-02 2.913594351791739534e-01 4.329469834249999663e-03
4.939128999999999742e-02 2.109138999999999875e-01 6.695579000000000391e+00 8.153111108836971765e-02 6.741635625428354928e-02 2.723871752647999585e-03
4.961197999999999997e-02 4.605064999999999853e-01 3.063049000000000177e+01 1.014814891289545495e-01 3.735915894497984086e-02 4.819593016162000178e-03
5.048960999999999727e-02 7.357390000000000319e-01 1.383583999999999889e+02 9.989206785010001921e-02 1.219380323162039675e-01 4.192931951669999317e-03
6.807072999999999596e-02 1.737666999999999962e-01 6.716169999999999973e+00 4.670597123925908367e-02 4.090624081091683711e-02 5.115121973056000609e-03
6.840419000000000360e-02 4.155881000000000158e-01 3.332159999999999656e+01 6.671215773533394067e-02 1.917696239335600628e-02 8.163277989999999981e-04
6.947857999999999812e-02 6.965662999999999716e-01 1.506083000000000141e+02 7.793387997604245276e-02 4.142735093458752016e-02 5.723311225589998745e-04
9.288211999999999857e-02 1.411737999999999882e-01 6.764471000000000345e+00 9.311638373606545560e-03 2.633139396975789706e-02 4.646855967498000201e-03
9.324013999999999913e-02 3.674625999999999726e-01 3.549958999999999776e+01 4.438023718442812154e-02 1.072730709481106888e-02 1.525122310690000052e-03
9.426513999999999727e-02 6.521303999999999990e-01 1.628890000000000100e+02 1.764203410688678156e-02 1.662788242745548775e-02 8.188099363100000052e-04
1.257125000000000048e-01 1.185083999999999999e-01 7.187219999999999942e+00 4.530641002874906398e-02 2.120312461869903325e-02 3.840741914240000058e-04
1.270234000000000085e-01 3.108812000000000242e-01 3.669429000000000229e+01 1.514566413304250549e-02 7.713166553807779616e-03 8.062272836699998883e-04
1.278776000000000079e-01 5.912140999999999647e-01 1.768200999999999965e+02 8.593859667855512779e-03 9.608453503574820170e-03 5.633233505550000811e-04
1.408230000000000037e-01 8.605802999999999647e-01 1.116794000000000096e+03 1.830965361271018887e-01 3.831704016246504363e-01 1.058274719502000187e-03
1.731579000000000035e-01 1.022030000000000022e-01 8.185409999999999187e+00 1.713690210385736962e-02 1.718337708204788900e-02 5.981022417449999816e-04
1.768650999999999973e-01 2.622580999999999940e-01 3.816076999999999941e+01 1.567081064424199685e-02 4.433493447025742100e-03 1.051382836295999991e-04
1.786236999999999964e-01 5.405423000000000311e-01 1.957758000000000038e+02 9.618413487030946091e-03 4.031898285415787264e-03 5.928750240000000011e-07
1.876185999999999965e-01 8.516639999999999766e-01 1.123707000000000107e+03 5.224048566864462895e-02 4.299790408286500304e-02 1.867384253046000097e-04
2.240888000000000047e-01 9.281169000000000224e-02 9.187124999999999986e+00 2.653641763633808950e-02 2.125099285619869854e-02 4.782758178600000584e-04
2.413089999999999957e-01 2.263060000000000072e-01 3.996184999999999832e+01 1.318095037470923270e-02 2.417599787813641023e-03 3.206765308627999985e-04
2.429870000000000085e-01 4.985762000000000249e-01 2.174876999999999896e+02 4.676913079370570436e-03 1.704813804902074580e-03 1.102101569159999998e-04
2.506768999999999803e-01 8.190243999999999858e-01 1.182420000000000073e+03 6.817495011214562070e-03 6.840032011572097677e-03 7.689319477941001556e-06
3.231507000000000129e-01 1.907764000000000126e-01 4.242132000000000147e+01 6.863138139519182196e-03 1.665550876834077584e-03 6.367518164979999514e-05
3.233805000000000152e-01 4.339875000000000260e-01 2.301015999999999906e+02 3.387684641223518475e-03 1.076681891166192178e-03 6.558271154119999381e-05
3.253117999999999843e-01 7.596057000000000503e-01 1.227315000000000055e+03 5.583643967805022217e-04 2.560430877263337752e-03 5.532649538520000407e-07
4.555933999999999817e-01 1.582396000000000080e-01 4.727873000000000303e+01 2.594353072565084347e-03 7.801726128197193242e-04 2.779973064420000119e-05
4.609745000000000092e-01 3.558091999999999921e-01 2.446337000000000046e+02 1.367596969493751341e-03 4.493587713209379092e-04 1.499231973280000104e-05
4.728630999999999807e-01 6.445214000000000221e-01 1.295019999999999982e+03 1.440461319628101632e-03 8.539152160109433030e-04 1.124019424703999897e-06
6.209527000000000241e-01 1.393310000000000104e-01 5.337973999999999819e+01 3.107237567778577190e-04 1.785059790545010991e-04 1.315110379199999868e-05
6.276348999999999956e-01 3.216036999999999924e-01 2.670056999999999903e+02 3.157411955964304620e-04 7.973061079334973307e-05 4.513035759570000279e-06
6.390093999999999497e-01 5.975781000000000009e-01 1.360278000000000020e+03 1.391082791181502611e-04 1.068021692975417228e-04 6.085935726599998794e-07
8.177484999999999893e-01 1.239250999999999964e-01 5.954731000000000307e+01 4.850858473303915286e-05 1.631955326609237835e-05 5.802643886580000404e-07
8.252698000000000533e-01 2.912018000000000106e-01 2.887386000000000195e+02 4.935875371692325934e-06 4.765980908323062148e-06 9.018531205319999877e-08
8.349974999999999481e-01 5.520625999999999589e-01 1.431112000000000080e+03 1.188888510277552829e-05 5.189000604622003257e-06 4.655574470220000410e-09
