0    0                   0
1    0                   0
2    0                   0
3    0                   0
4    0                   0
5    0                   0
6    0                   0
7    0                   0
8    0                   0
9    2.00773             0.682693
10   1.8535              0.414623
11   1.50689             0.171934
12   1.24307             0.0605872
13   1.12741             0.0279976
14   0.959163            0.0105496
15   0.80226             0.00954016
16   0.72424             0.00877383
17   0.613239            0.00675016
18   2.35257             0.418019
19   2.10517             0.225661
20   1.71289             0.0934509
21   1.52838             0.0460625
22   1.27255             0.0153905
23   1.04213             0.00866357
24   0.927815            0.00750465
25   0.766196            0.00658071
26   0.622819            0.00610525
27   2.71685             0.262455
28   2.29815             0.120992
29   2.03004             0.0615789
30   1.6558              0.0219852
31   1.32402             0.0112299
32   1.16079             0.00876586
33   0.933541            0.00721065
34   0.735629            0.00575346
35   0.64205             0.00588191
36   3.05866             0.140961
37   2.78894             0.0766549
38   2.24556             0.0300421
39   1.74442             0.0161852
40   1.50047             0.0119041
41   1.16744             0.00843021
42   0.885263            0.00577774
43   0.753668            0.00548116
44   0.585498            0.00458582
45   3.17297             0.0796106
46   2.70501             0.0350485
47   2.07764             0.01977
48   1.76653             0.0142509
49   1.34616             0.00934672
50   0.995522            0.00597137
51   0.833935            0.00539339
52   0.629244            0.00428443
53   0.476252            0.00377425
54   3.05046             0.0377464
55   2.40824             0.022838
56   2.03259             0.0162928
57   1.52205             0.0101758
58   1.10095             0.00624966
59   0.909165            0.0054266
60   0.669046            0.00409259
61   0.490772            0.00358019
62   0.414483            0.00315211
63   2.73378             0.0250209
64   2.3606              0.0183304
65   1.74835             0.0111165
66   1.23446             0.00668603
67   1.00301             0.00558853
68   0.716651            0.00396169
69   0.50738             0.00337985
70   0.419404            0.00302036
71   0.295834            0.00235035
72   2.48565             0.0185964
73   1.91214             0.0116668
74   1.33488             0.00702392
75   1.0734              0.00575629
76   0.752264            0.0039303
77   0.520201            0.00327135
78   0.423864            0.00295389
79   0.290714            0.00225962
80   0.202692            0.00199544
81   0.127459            0.00138409
82   0.0692509           0.00120781
83   2.0442              0.0118745
84   1.44801             0.00735385
85   1.15533             0.00596037
86   0.795829            0.00395785
87   0.538328            0.00320905
88   0.432695            0.00293606
89   0.288749            0.00221139
90   0.197631            0.00190365
91   0.122072            0.00131144
92   0.0651468           0.00113366
93   0.0289906           0.000722814
94   0.00988015          0.000432024
95   1.63985             0.00810244
96   1.32045             0.00662691
97   0.893942            0.00422614
98   0.587336            0.00326244
99   0.463077            0.00307457
100  0.296915            0.00227727
101  0.19798             0.00186817
102  0.11937             0.00124431
103  0.0622527           0.00104919
104  0.0270477           0.000656457
105  0.00903334          0.000404161
106  0.00208532          0.000400954
107  1.49375             0.0090396
108  1.02317             0.00517919
109  0.657297            0.00354994
110  0.509555            0.00342588
111  0.315122            0.00250161
112  0.205449            0.00193977
113  0.121476            0.00123109
114  0.0622381           0.00100379
115  0.026581            0.000638465
116  0.00878492          0.000409021
117  0.00202204          0.000380862
118  1.19659             0.00848528
119  0.758438            0.00441522
120  0.576423            0.00416042
121  0.341833            0.00291654
122  0.21743             0.00211158
123  0.125932            0.00127161
124  0.0633749           0.000986964
125  0.0266215           0.000652923
126  0.00872692          0.00043594
127  0.00201065          0.000372694
128  0.942042            0.00811249
129  0.697682            0.00642428
130  0.385396            0.0038435
131  0.235914            0.00251989
132  0.13258             0.00143203
133  0.0650884           0.0010211
134  0.0267446           0.000717619
135  0.00867142          0.00050188
136  0.0019993           0.000380539
137  0.834133            0.0103156
138  0.434126            0.00523745
139  0.255122            0.00314793
140  0.139186            0.0017198
141  0.0668269           0.00113056
142  0.0269398           0.00083606
143  0.00865343          0.000613092
144  0.00199856          0.000419286
145  0.521336            0.00811797
146  0.291301            0.00455456
147  0.152375            0.00241872
148  0.0709563           0.00145826
149  0.0279047           0.00114352
150  0.00887497          0.000893289
151  0.00206588          0.000547148
152  0.192587            0.00470203
153  0.0865925           0.00279422
154  0.0327052           0.00233974
155  0.01028             0.00193676
156  0.00246481          0.00107904
157  0.0124635           0.00340446
158  0.00317813          0.00194334