7.396202999999999632e-03 5.075089000000000405e-01 6.484233999999999831e+00 1.223985295557159514e+00 8.345248408667384210e-02 1.366721421059100550e-01
7.470870000000000115e-03 6.830905000000000449e-01 1.735039000000000087e+01 1.712666043826808426e+00 1.229060996644275316e-01 2.558049094144110858e-01
1.010793999999999929e-02 4.468019999999999770e-01 6.586960999999999622e+00 4.704105415517270128e-01 4.849716285227916729e-02 1.331924388422468519e-01
1.020397999999999965e-02 6.499546999999999963e-01 1.933211000000000013e+01 1.040904664153541326e+00 5.942227244706350942e-02 2.156287949183015862e-01
1.385582999999999954e-02 3.855388000000000148e-01 6.671217999999999648e+00 3.364901705370750840e-01 2.885645720036384212e-02 1.206869413622691650e-01
1.397668000000000001e-02 6.158841000000000454e-01 2.219999999999999929e+01 3.798072318857339535e-01 3.044555694888402900e-02 1.686587134767540408e-01
1.897280000000000147e-02 3.306450000000000222e-01 6.781075000000000408e+00 2.179901091511785294e-01 1.754719638497798107e-02 9.461978101537747710e-02
1.913855999999999891e-02 5.752106999999999637e-01 2.529493000000000080e+01 4.199354388228103696e-01 1.699694788043464369e-02 1.334579874808383693e-01
2.604957999999999926e-02 2.686145999999999812e-01 6.830246999999999957e+00 1.090043488859238074e-02 1.081990420047162713e-02 7.053727643570111006e-02
2.625424999999999981e-02 5.342675999999999537e-01 2.873238999999999876e+01 2.587430888010955887e-01 9.018806944917851301e-03 9.347633451264980575e-02
3.579340000000000299e-02 2.206291999999999975e-01 6.887679999999999580e+00 1.342810744759532771e-01 6.694036727176577196e-03 4.833656658721546817e-02
3.602924999999999878e-02 4.844200000000000172e-01 3.229361999999999711e+01 9.173306955178625599e-02 4.933409741444144507e-03 6.094208966860849286e-02
4.899706000000000200e-02 1.745787000000000033e-01 6.922527999999999793e+00 8.361110134856922227e-02 4.189031260054065266e-03 3.137209304398225901e-02
4.930608000000000213e-02 4.311795999999999962e-01 3.557856000000000307e+01 7.174309658245846266e-02 2.754812137345029159e-03 3.785398661080683486e-02
5.003222999999999698e-02 6.922821999999999587e-01 1.483729999999999905e+02 5.477665066092053670e-02 7.578348582596228580e-03 3.170898352110636947e-02
6.698247000000000229e-02 1.374456000000000011e-01 6.951988000000000056e+00 2.119564078964427528e-02 2.601727862855593692e-03 2.025956830419705160e-02
6.734133999999999953e-02 3.729216000000000197e-01 3.860175999999999874e+01 6.113666218674872199e-02 1.564934111022366894e-03 2.273078586626089276e-02
6.827729000000000437e-02 6.353739999999999943e-01 1.620689000000000135e+02 5.619034215359680617e-02 3.286040787846110454e-03 1.777369605172045633e-02
9.165592999999999657e-02 1.040327999999999947e-01 7.014059999999999739e+00 1.586141960924342120e-02 1.622450687156054170e-03 1.314997725926282668e-02
9.205845000000000000e-02 3.128952999999999873e-01 4.105418000000000234e+01 4.765800853594961972e-02 8.989882627305035645e-04 1.339377732832830806e-02
9.301434000000000091e-02 5.788237999999999994e-01 1.795105000000000075e+02 3.319503880706318327e-02 1.485494219947487921e-03 1.003564179213897213e-02
1.258789999999999909e-01 7.882429999999999992e-02 7.025018000000000207e+00 3.335001874020682849e-04 1.028268867016603845e-03 8.600899692685803205e-03
1.262370999999999910e-01 2.536954000000000153e-01 4.280028999999999684e+01 1.380259546849328667e-02 5.188038367489553613e-04 7.928478062053273198e-03
1.272888000000000075e-01 5.195564000000000293e-01 2.001584000000000003e+02 3.038891740616042614e-02 7.045682527320360714e-04 5.412350070535890297e-03
1.740458000000000005e-01 5.776383000000000212e-02 7.043317000000000050e+00 1.911626268432428666e-03 6.436534841132645571e-04 5.411847158157572120e-03
1.738144000000000078e-01 1.991874999999999896e-01 4.413161000000000200e+01 4.735446176400611926e-03 3.013087393743400962e-04 4.517696159508494819e-03
1.749152999999999958e-01 4.502021999999999968e-01 2.222192000000000007e+02 1.057253129400920200e-02 3.436184990467141794e-04 2.825293069016214607e-03
2.402837999999999918e-01 4.311547000000000296e-02 6.940176000000000123e+00 5.931979754716360138e-03 3.800654364757071000e-04 2.903502923828608744e-03
2.390308999999999906e-01 1.516139999999999988e-01 4.442159999999999798e+01 5.500917539969613426e-03 1.736230284181449542e-04 2.350439076309470635e-03
2.398957999999999924e-01 3.841574999999999851e-01 2.466003000000000043e+02 6.595246822152494443e-03 1.676019725288807475e-04 1.199008362863176677e-03
3.275151000000000034e-01 1.133997999999999950e-01 4.383982000000000312e+01 4.601316178273038085e-03 9.700610654012622135e-05 1.016385736849552152e-03
3.282109999999999750e-01 3.149070999999999954e-01 2.627031999999999812e+02 1.344936913609462740e-03 8.334283227615404391e-05 3.784343943649537000e-04
4.484740999999999866e-01 8.453536000000000383e-02 4.291666000000000025e+01 7.131283988307379057e-04 5.612139765285029125e-05 4.102975681556467755e-04
4.475547999999999749e-01 2.564652000000000043e-01 2.797665999999999826e+02 6.691600680383006034e-04 4.342862706647217100e-05 1.193582924470996498e-04
6.024699000000000026e-01 6.430131999999999515e-02 4.253287000000000262e+01 4.468066411843187513e-04 3.145104053296395583e-05 1.336217855842351690e-04
