7.396202999999999632e-03 5.075089000000000405e-01 6.484233999999999831e+00 9.659390269188409262e-01 8.345248408667384210e-02 5.776038516203998996e-02
7.470870000000000115e-03 6.830905000000000449e-01 1.735039000000000087e+01 1.364968347292678574e+00 1.229060996644275316e-01 4.286341521759000350e-02
1.010793999999999929e-02 4.468019999999999770e-01 6.586960999999999622e+00 6.115032656339124406e-01 4.849716285227916729e-02 3.328611937650999275e-02
1.020397999999999965e-02 6.499546999999999963e-01 1.933211000000000013e+01 8.874326033312264217e-01 5.942227244706350942e-02 2.068557966121999797e-02
1.385582999999999954e-02 3.855388000000000148e-01 6.671217999999999648e+00 3.765588181718398930e-01 2.885645720036384212e-02 2.019750582779999970e-02
1.397668000000000001e-02 6.158841000000000454e-01 2.219999999999999929e+01 5.452196925617611711e-01 3.044555694888402900e-02 1.213686312601999946e-02
1.897280000000000147e-02 3.306450000000000222e-01 6.781075000000000408e+00 2.874097248843441865e-01 1.754719638497798107e-02 1.078039737675000158e-02
1.913855999999999891e-02 5.752106999999999637e-01 2.529493000000000080e+01 3.653535289575991496e-01 1.699694788043464369e-02 7.495406798879999076e-03
2.604957999999999926e-02 2.686145999999999812e-01 6.830246999999999957e+00 1.720130696222515465e-01 1.081990420047162713e-02 9.305726572595001203e-03
2.625424999999999981e-02 5.342675999999999537e-01 2.873238999999999876e+01 2.568025367733470787e-01 9.018806944917851301e-03 7.400822314080001199e-03
3.579340000000000299e-02 2.206291999999999975e-01 6.887679999999999580e+00 1.272365980123782436e-01 6.694036727176577196e-03 6.760786991316000173e-03
3.602924999999999878e-02 4.844200000000000172e-01 3.229361999999999711e+01 1.504389573459775642e-01 4.933409741444144507e-03 5.619218566804000045e-03
4.899706000000000200e-02 1.745787000000000033e-01 6.922527999999999793e+00 7.155036792483665531e-02 4.189031260054065266e-03 4.556970575247999873e-03
4.930608000000000213e-02 4.311795999999999962e-01 3.557856000000000307e+01 9.425693143802385543e-02 2.754812137345029159e-03 3.647382549930000637e-03
5.003222999999999698e-02 6.922821999999999587e-01 1.483729999999999905e+02 9.180012261536635298e-02 7.578348582596228580e-03 3.240094057282000110e-03
6.698247000000000229e-02 1.374456000000000011e-01 6.951988000000000056e+00 4.239061373310769321e-02 2.601727862855593692e-03 2.963125721438000099e-03
6.734133999999999953e-02 3.729216000000000197e-01 3.860175999999999874e+01 5.993923648716829866e-02 1.564934111022366894e-03 2.273547786024999757e-03
6.827729000000000437e-02 6.353739999999999943e-01 1.620689000000000135e+02 6.155068848329060816e-02 3.286040787846110454e-03 1.390785765083000060e-03
9.165592999999999657e-02 1.040327999999999947e-01 7.014059999999999739e+00 2.437404780106566457e-02 1.622450687156054170e-03 1.574732433920100066e-03
9.205845000000000000e-02 3.128952999999999873e-01 4.105418000000000234e+01 3.372686781831525649e-02 8.989882627305035645e-04 1.234788317684999736e-03
9.301434000000000091e-02 5.788237999999999994e-01 1.795105000000000075e+02 3.053348162553827516e-02 1.485494219947487921e-03 8.712725879200000937e-04
1.258789999999999909e-01 7.882429999999999992e-02 7.025018000000000207e+00 1.193753545834626631e-02 1.028268867016603845e-03 7.846038339329999486e-04
1.262370999999999910e-01 2.536954000000000153e-01 4.280028999999999684e+01 1.738915369771471334e-02 5.188038367489553613e-04 6.735204583250000657e-04
1.272888000000000075e-01 5.195564000000000293e-01 2.001584000000000003e+02 1.402844482126274113e-02 7.045682527320360714e-04 5.350559805885000400e-04
1.740458000000000005e-01 5.776383000000000212e-02 7.043317000000000050e+00 9.123099804625504211e-03 6.436534841132645571e-04 3.592599967143999900e-04
1.738144000000000078e-01 1.991874999999999896e-01 4.413161000000000200e+01 9.994025070508869707e-03 3.013087393743400962e-04 2.406655289201999699e-04
1.749152999999999958e-01 4.502021999999999968e-01 2.222192000000000007e+02 8.446445710057681397e-03 3.436184990467141794e-04 3.937160511110000447e-04
2.402837999999999918e-01 4.311547000000000296e-02 6.940176000000000123e+00 4.070186572989169076e-03 3.800654364757071000e-04 2.781821696034000369e-04
2.390308999999999906e-01 1.516139999999999988e-01 4.442159999999999798e+01 5.085376998596735643e-03 1.736230284181449542e-04 2.642213836534999908e-05
2.398957999999999924e-01 3.841574999999999851e-01 2.466003000000000043e+02 3.824522269415691483e-03 1.676019725288807475e-04 1.800182590631700013e-04
3.275151000000000034e-01 1.133997999999999950e-01 4.383982000000000312e+01 2.283138412155755800e-03 9.700610654012622135e-05 8.905340567706000840e-05
3.282109999999999750e-01 3.149070999999999954e-01 2.627031999999999812e+02 1.562410679125808294e-03 8.334283227615404391e-05 7.004253716444999679e-05
4.484740999999999866e-01 8.453536000000000383e-02 4.291666000000000025e+01 1.061450037879880896e-03 5.612139765285029125e-05 6.546543468580000693e-05
4.475547999999999749e-01 2.564652000000000043e-01 2.797665999999999826e+02 8.709907640190548165e-04 4.342862706647217100e-05 3.421815412949999886e-05
6.024699000000000026e-01 6.430131999999999515e-02 4.253287000000000262e+01 5.158885916033632401e-04 3.145104053296395583e-05 1.078075323500000124e-04
