   43.0000000000    1.0000000000    6.1428570747   14.2864980698    0.0260623507    0.0983350277    0.1017301530
   43.0000000000    3.0000000000    2.0476191044   29.6932868958    0.0373624936    0.1442839205    0.1490429640
   43.0000000000    5.0000000000    1.2285714149   29.9423713684    0.0385470875    0.1433985978    0.1484891772
   43.0000000000    7.0000000000    0.8775510192   25.9801540375    0.0351186730    0.1205243617    0.1255366206
   43.0000000000    9.0000000000    0.6825397015   21.6934967041    0.0312712081    0.1025624201    0.1072237790
   43.0000000000   11.0000000000    0.5584415793   18.1270866394    0.0299890228    0.0822550803    0.0875513554
   43.0000000000   13.0000000000    0.4725274742   15.1991662979    0.0264909379    0.0701292455    0.0749658644
   43.0000000000   15.0000000000    0.4095238149   12.8709669113    0.0237553511    0.0619006380    0.0663023815
   43.0000000000   17.0000000000    0.3613445461   10.9353971481    0.0230043288    0.0513612889    0.0562777147
   43.0000000000   19.0000000000    0.3233082592    9.4052314758    0.0211803559    0.0462532081    0.0508720614
   43.0000000000   21.2500000000    0.2890756428    7.9725074768    0.0172295570    0.0397805683    0.0433514863
   43.0000000000   23.7500000000    0.2586466074    6.7009077072    0.0161400717    0.0337019712    0.0373674296
   43.0000000000   26.2500000000    0.2340136021    5.6886539459    0.0147900051    0.0291804112    0.0327145308
   43.0000000000   28.7500000000    0.2136645913    4.8529567719    0.0136692356    0.0253731441    0.0288209021
   43.0000000000   31.5000000000    0.1950113326    4.1126279831    0.0112055084    0.0219271928    0.0246244837
   43.0000000000   34.5000000000    0.1780538261    3.5001189709    0.0104376152    0.0193585306    0.0219931025
   43.0000000000   37.5000000000    0.1638095230    2.9487574100    0.0096816085    0.0164883155    0.0191206206
   43.0000000000   40.5000000000    0.1516754776    2.5368797779    0.0086816400    0.0149152773    0.0172579363
   43.0000000000   43.5000000000    0.1412151009    2.1925630569    0.0084644267    0.0133254500    0.0157865174
   43.0000000000   46.5000000000    0.1321044564    1.9053478241    0.0080967778    0.0116887456    0.0142191621
   43.0000000000   49.5000000000    0.1240981221    1.6332697868    0.0073746298    0.0104857683    0.0128193796
   43.0000000000   52.5000000000    0.1170068011    1.4404805899    0.0069840061    0.0094700642    0.0117668370
   43.0000000000   55.5000000000    0.1106821075    1.2580997944    0.0064766160    0.0082413582    0.0104817236
   43.0000000000   59.0000000000    0.1041162238    1.0926204920    0.0051280637    0.0072253947    0.0088602128
   43.0000000000   63.0000000000    0.0975056663    0.9125598073    0.0047375355    0.0060978816    0.0077219428
   43.0000000000   67.5000000000    0.0910052881    0.7699848413    0.0037205685    0.0052656131    0.0064474265
   43.0000000000   72.5000000000    0.0847290605    0.6174175143    0.0034723547    0.0043034870    0.0055296700
   43.0000000000   77.5000000000    0.0792626739    0.5136873126    0.0031486019    0.0035479746    0.0047436082
   43.0000000000   82.5000000000    0.0744588748    0.4190083444    0.0028905305    0.0028851794    0.0040840455
   43.0000000000   90.0000000000    0.0682539716    0.3116083443    0.0014606353    0.0020527777    0.0025193952
   43.0000000000  100.0000000000    0.0614285730    0.2203975171    0.0012378646    0.0013841768    0.0018569476
   43.0000000000  115.0000000000    0.0534161478    0.1388796866    0.0006443523    0.0008588336    0.0010736783
   43.0000000000  137.5000000000    0.0446753241    0.0721218213    0.0003909490    0.0004364743    0.0005859616
   43.0000000000  165.0000000000    0.0372294374    0.0374368504    0.0002912420    0.0002362770    0.0003750317
   43.0000000000  195.0000000000    0.0315018333    0.0204006582    0.0002225378    0.0001391316    0.0002624513
   43.0000000000  230.0000000000    0.0267080739    0.0094772391    0.0000971233    0.0000697390    0.0001195678
   43.0000000000  275.0000000000    0.0223376621    0.0035678516    0.0000610426    0.0000323387    0.0000690796
   43.0000000000  325.0000000000    0.0189010985    0.0014931766    0.0000417757    0.0000188846    0.0000458458
   43.0000000000  375.0000000000    0.0163809527    0.0006538664    0.0000277926    0.0000092109    0.0000292791
   43.0000000000  435.0000000000    0.0141215110    0.0002989688    0.0000156223    0.0000053505    0.0000165132
   43.0000000000  510.0000000000    0.0120448181    0.0001030494    0.0000085050    0.0000020397    0.0000087462
   43.0000000000  600.0000000000    0.0102380952    0.0000383781    0.0000045019    0.0000016564    0.0000047969
   43.0000000000  775.0000000000    0.0079262676    0.0000076203    0.0000012841    0.0000003191    0.0000013232
