
&DATA
  Name = 'ATLAS 7 TeV Incjet data y_05_10 R=0.6'
  NDATA = 35
  NColumn = 76
  ColumnType = 'Flag', 2*'Bin',2*'Dummy','Sigma',70*'Error'
  ColumnName = 'binFlag','pt1','pt2','Extra','NPCorr','Sigma','stat','stat', 'ATL_CloseBy', 'ATL_EtaIntercalibration_Modelling', 'ATL_EtaIntercalibration_TotalStat', 'ATL_Flavor_Comp','ATL_Flavor_Response','ATL_Insitu_LArEMscale','ATL_InSitu_Stat1','ATL_InSitu_Stat2','ATL_InSitu_Stat3','ATL_InSitu_Stat4','ATL_InSitu_Stat5','ATL_InSitu_Stat6','ATL_InSitu_Stat7','ATL_InSitu_Stat8','ATL_InSitu_Stat9','ATL_InSitu_Stat10','ATL_InSitu_Stat11','ATL_InSitu_Stat12','ATL_InSitu_Stat13','ATL_InSitu_Stat14','ATL_InSitu_Stat15','ATL_InSitu_Stat16','ATL_InSitu_Stat17','ATL_InSitu_Stat18','ATL_InSitu_Stat19','ATL_InSitu_Stat20','ATL_InSitu_Stat21','ATL_InSitu_Stat22','ATL_InSitu_Stat23','ATL_InSitu_Stat24','ATL_InSitu_Stat25','ATL_InSitu_Stat26','ATL_InSitu_Stat27','ATL_InSitu_Stat28','ATL_InSitu_Stat29','ATL_InSitu_Stat30','ATL_InSitu_Stat31','ATL_InSitu_Stat32','ATL_InSitu_Stat33','ATL_MJB_Alpha','ATL_MJB_Asym','ATL_MJB_Beta','ATL_MJB_CBJR','ATL_MJB_Fragmentation','ATL_MJB_Intercalibration','ATL_MJB_ISRFSR','ATL_MJB_Threshold','ATL_MPF_Generator','ATL_MPF_J2','ATL_MPF_JER','ATL_MPF_OOC','ATL_MPF_Pileup','ATL_MPF_Purity','ATL_Pileup_OffsetMu','ATL_Pileup_OffsetNPV','ATL_RelativeNonClosure_MCTYPE','ATL_SingleParticle_HighPt','ATL_Zjet_Extrapolation','ATL_Zjet_JVF','ATL_Zjet_KTerm','ATL_Zjet_MC','ATL_Zjet_Veto','ATL_Zjet_Width','ATL_jer', 'ATL_jar', 'ATL_unfold', 'ATL_qual', 'ATL_lumi_2011_7TeV'
  NInfo   = 1
  DataInfo = 7000.
  CInfo    = 'sqrt(S)'
  IndexDataset = 511 
  Reaction  = 'pp jets APPLGRID'
  TheoryType = 'expression'
  TermName = 'A1', 'K'
  TermType = 'applgrid','kfactor'
  TermSource = 'theoryfiles/atlas/Jets2011/incljets_rapidity_05_10_R06_P2.root', 'theoryfiles/atlas/Jets2011/incjetsKF_7000_R06_rapidity_y_05_10.dat'
  TheorExpr= 'K*A1/1.0' 
  Percent   = 500*True
&END
&PlotDesc
PlotN = 1
PlotDefColumn = 'pt2'
PlotDefValue = 300., 5700.
PlotOptions(1)  = 'Experiment:ATLAS@ExtraLabel:pp #rightarrow j; #sqrt{s} = 7 TeV; R=0.6 0.5 #leq Y* < 1.0 @Title:2011 @XTitle: #p_{T}[GeV] @YTitle: d#sigma/dY*d#p_{T} [pb/GeV] @Xlog@Ylog'
&End
0 10 28 1 0.0000 0.0000 0.0000 0.0000 0.0000 0.0000 0.0000 0.0000 0.0000 0.0000 0.0000 0.0000 0.0000 0.0000 0.0000 0.0000 0.0000 0.0000 0.0000 0.0000 0.0000 0.0000 0.0000 0.0000 0.0000 0.0000 0.0000 0.0000 0.0000 0.0000 0.0000 0.0000 0.0000 0.0000 0.0000 0.0000 0.0000 0.0000 0.0000 0.0000 0.0000 0.0000 0.0000 0.0000 0.0000 0.0000 0.0000 0.0000 0.0000 0.0000 0.0000 0.0000 0.0000 0.0000 0.0000 0.0000 0.0000 0.0000 0.0000 0.0000 0.0000 0.0000 0.0000 0.0000 0.0000 0.0000 0.0000 0.0000 0.0000 0.0000 0.0000 0.0000 
0 28 40 1 0.0000 0.0000 0.0000 0.0000 0.0000 0.0000 0.0000 0.0000 0.0000 0.0000 0.0000 0.0000 0.0000 0.0000 0.0000 0.0000 0.0000 0.0000 0.0000 0.0000 0.0000 0.0000 0.0000 0.0000 0.0000 0.0000 0.0000 0.0000 0.0000 0.0000 0.0000 0.0000 0.0000 0.0000 0.0000 0.0000 0.0000 0.0000 0.0000 0.0000 0.0000 0.0000 0.0000 0.0000 0.0000 0.0000 0.0000 0.0000 0.0000 0.0000 0.0000 0.0000 0.0000 0.0000 0.0000 0.0000 0.0000 0.0000 0.0000 0.0000 0.0000 0.0000 0.0000 0.0000 0.0000 0.0000 0.0000 0.0000 0.0000 0.0000 0.0000 0.0000 
0 40 54 1 0.0000 0.0000 0.0000 0.0000 0.0000 0.0000 0.0000 0.0000 0.0000 0.0000 0.0000 0.0000 0.0000 0.0000 0.0000 0.0000 0.0000 0.0000 0.0000 0.0000 0.0000 0.0000 0.0000 0.0000 0.0000 0.0000 0.0000 0.0000 0.0000 0.0000 0.0000 0.0000 0.0000 0.0000 0.0000 0.0000 0.0000 0.0000 0.0000 0.0000 0.0000 0.0000 0.0000 0.0000 0.0000 0.0000 0.0000 0.0000 0.0000 0.0000 0.0000 0.0000 0.0000 0.0000 0.0000 0.0000 0.0000 0.0000 0.0000 0.0000 0.0000 0.0000 0.0000 0.0000 0.0000 0.0000 0.0000 0.0000 0.0000 0.0000 0.0000 0.0000 
0 54 68 1 0.0000 0.0000 0.0000 0.0000 0.0000 0.0000 0.0000 0.0000 0.0000 0.0000 0.0000 0.0000 0.0000 0.0000 0.0000 0.0000 0.0000 0.0000 0.0000 0.0000 0.0000 0.0000 0.0000 0.0000 0.0000 0.0000 0.0000 0.0000 0.0000 0.0000 0.0000 0.0000 0.0000 0.0000 0.0000 0.0000 0.0000 0.0000 0.0000 0.0000 0.0000 0.0000 0.0000 0.0000 0.0000 0.0000 0.0000 0.0000 0.0000 0.0000 0.0000 0.0000 0.0000 0.0000 0.0000 0.0000 0.0000 0.0000 0.0000 0.0000 0.0000 0.0000 0.0000 0.0000 0.0000 0.0000 0.0000 0.0000 0.0000 0.0000 0.0000 0.0000 
0 68 84 1 0.0000 0.0000 0.0000 0.0000 0.0000 0.0000 0.0000 0.0000 0.0000 0.0000 0.0000 0.0000 0.0000 0.0000 0.0000 0.0000 0.0000 0.0000 0.0000 0.0000 0.0000 0.0000 0.0000 0.0000 0.0000 0.0000 0.0000 0.0000 0.0000 0.0000 0.0000 0.0000 0.0000 0.0000 0.0000 0.0000 0.0000 0.0000 0.0000 0.0000 0.0000 0.0000 0.0000 0.0000 0.0000 0.0000 0.0000 0.0000 0.0000 0.0000 0.0000 0.0000 0.0000 0.0000 0.0000 0.0000 0.0000 0.0000 0.0000 0.0000 0.0000 0.0000 0.0000 0.0000 0.0000 0.0000 0.0000 0.0000 0.0000 0.0000 0.0000 0.0000 
0 84 100 1 0.0000 0.0000 0.0000 0.0000 0.0000 0.0000 0.0000 0.0000 0.0000 0.0000 0.0000 0.0000 0.0000 0.0000 0.0000 0.0000 0.0000 0.0000 0.0000 0.0000 0.0000 0.0000 0.0000 0.0000 0.0000 0.0000 0.0000 0.0000 0.0000 0.0000 0.0000 0.0000 0.0000 0.0000 0.0000 0.0000 0.0000 0.0000 0.0000 0.0000 0.0000 0.0000 0.0000 0.0000 0.0000 0.0000 0.0000 0.0000 0.0000 0.0000 0.0000 0.0000 0.0000 0.0000 0.0000 0.0000 0.0000 0.0000 0.0000 0.0000 0.0000 0.0000 0.0000 0.0000 0.0000 0.0000 0.0000 0.0000 0.0000 0.0000 0.0000 0.0000 
1 100 116 1 0.9679 5.1426e+03 0.5805 0.7548 1.3834 1.5949 0.5476 0.5567 6.2213 3.1279 0.0408 0.0399 0.0702 0.0872 0.1395 0.2842 0.4598 0.5676 0.2998 0.0326 -0.0106 0.0080 0.0280 0.0852 0.0604 0.0289 0.0057 -0.0074 0.0006 0.0003 0.0004 0.0000 0.0002 -0.0036 0.0021 -0.0003 -0.0003 0.0000 -0.0001 0.0001 0.0000 -0.0004 0.0000 0.0073 -0.0071 -0.0048 -0.0048 0.0005 -0.0071 -0.0036 0.0071 0.7116 0.3782 0.0695 0.5060 0.7138 0.9829 -1.4519 -0.7689 -2.8844 0.0000 0.8826 0.0456 0.4289 1.6180 -0.0297 0.0787 4.1288 0.6193 0.1473 0.5000 1.8000 
1 116 134 1 0.9688 2.4071e+03 0.6939 0.5304 1.1998 1.6951 0.5049 0.4981 5.6624 3.1639 0.0280 0.0275 0.0444 0.0554 0.0840 0.2055 0.3349 0.5131 0.4397 0.1495 -0.0266 0.0055 0.0177 0.0582 0.0542 0.0484 0.0164 -0.0151 -0.0039 0.0003 0.0004 0.0000 0.0002 -0.0038 0.0040 -0.0002 -0.0003 0.0000 -0.0001 0.0001 0.0000 -0.0004 0.0000 0.0091 -0.0056 -0.0050 -0.0053 -0.0062 -0.0092 -0.0034 0.0086 0.6470 0.3792 0.0693 0.5139 0.6543 1.0335 -1.3233 -0.7014 -2.6930 0.0000 0.7987 0.0436 0.4186 1.5529 -0.0544 0.0508 3.1788 0.5204 0.1170 0.5000 1.8000 
1 134 152 1 0.9698 1.1566e+03 0.7926 0.4469 0.9606 1.7093 0.4176 0.3908 5.2377 3.1231 0.0183 0.0179 0.0282 0.0353 0.0462 0.1221 0.1978 0.3658 0.4489 0.2598 -0.0321 0.0063 0.0095 0.0363 0.0417 0.0689 0.0417 -0.0114 -0.0141 -0.0017 0.0004 0.0000 0.0002 0.0026 0.0054 0.0006 -0.0003 0.0000 -0.0001 0.0001 0.0000 -0.0004 0.0000 0.0231 0.0110 0.0029 0.0033 -0.0173 -0.0037 0.0100 0.0236 0.5345 0.3263 0.0661 0.4484 0.5457 0.9856 -1.1431 -0.6292 -2.2514 0.0000 0.6679 0.0399 0.3458 1.4376 -0.0520 0.0324 2.3323 0.3421 0.0102 0.5000 1.8000 
1 152 172 1 0.9707 5.7538e+02 0.6046 0.3681 0.8513 1.7066 0.3519 0.3146 4.9370 3.1621 0.0122 0.0119 0.0238 0.0272 0.0324 0.0705 0.1127 0.2393 0.3961 0.3556 -0.0080 0.0069 0.0053 0.0242 0.0323 0.0826 0.0713 0.0124 -0.0256 -0.0078 -0.0000 0.0001 0.0002 0.0166 0.0064 0.0013 -0.0003 0.0000 -0.0001 0.0001 0.0000 -0.0004 0.0000 0.0513 0.0523 0.0199 0.0102 -0.0271 0.0137 0.0416 0.0630 0.4474 0.2882 0.0650 0.3881 0.4841 0.8899 -0.9859 -0.5642 -2.0089 0.0000 0.5691 0.0390 0.2848 1.2653 0.0064 0.0244 1.7601 0.2195 0.0063 0.5000 1.8000 
1 172 194 1 0.9717 2.9282e+02 0.5113 0.3588 0.8574 1.7003 0.3372 0.2775 4.6237 3.3243 0.0080 0.0078 0.0277 0.0225 0.0314 0.0454 0.0706 0.1627 0.3274 0.4234 0.0521 0.0059 0.0040 0.0169 0.0239 0.0796 0.0886 0.0561 -0.0181 -0.0157 -0.0036 0.0004 0.0002 0.0313 0.0080 0.0012 -0.0007 0.0000 -0.0001 0.0001 0.0000 -0.0004 0.0000 0.0831 0.1134 0.0424 0.0169 -0.0318 0.0439 0.0815 0.1160 0.4020 0.2753 0.0642 0.3469 0.4830 0.8295 -0.9030 -0.5476 -2.0341 0.0000 0.5039 0.0361 0.2486 1.1025 0.0931 0.0189 1.5310 0.1639 0.0032 0.5000 1.8000 
1 194 216 1 0.9726 1.5405e+02 0.6202 0.3608 0.9157 1.6506 0.3208 0.2526 4.2637 3.5177 0.0056 0.0053 0.0307 0.0199 0.0298 0.0318 0.0510 0.1172 0.2596 0.4193 0.1225 0.0060 0.0039 0.0122 0.0168 0.0663 0.0910 0.1052 0.0263 -0.0213 -0.0138 0.0005 0.0002 0.0374 0.0074 -0.0003 -0.0024 0.0001 -0.0001 0.0001 0.0000 -0.0004 0.0000 0.1073 0.1756 0.0580 0.0434 -0.0261 0.0876 0.1282 0.1631 0.3764 0.2639 0.0644 0.3054 0.5078 0.7994 -0.8422 -0.5337 -2.0855 0.0000 0.4344 0.0287 0.2197 0.9520 0.2000 0.0150 1.3771 0.1325 0.0033 0.5000 1.8000 
1 216 240 1 0.9736 8.3338e+01 0.4689 0.3265 0.9847 1.5272 0.2790 0.2299 3.8608 3.6283 0.0040 0.0039 0.0309 0.0207 0.0267 0.0233 0.0409 0.0859 0.2058 0.3597 0.1763 0.0067 0.0035 0.0090 0.0121 0.0498 0.0797 0.1402 0.0888 -0.0140 -0.0265 -0.0025 0.0004 0.0368 0.0031 0.0005 -0.0050 0.0001 -0.0001 0.0001 0.0000 -0.0004 0.0000 0.1211 0.2335 0.0652 0.0849 0.0084 0.1374 0.1739 0.1995 0.3571 0.2498 0.0681 0.2572 0.5476 0.7866 -0.7641 -0.4827 -1.9894 0.0000 0.3631 0.0209 0.1925 0.8125 0.2786 0.0142 1.1650 0.1045 0.0264 0.5000 1.8000 
1 240 264 1 0.9745 4.6253e+01 0.6332 0.3339 1.0434 1.3791 0.2456 0.2117 3.4827 3.7491 0.0030 0.0031 0.0372 0.0222 0.0241 0.0188 0.0365 0.0695 0.1679 0.2891 0.2054 0.0075 0.0031 0.0075 0.0098 0.0372 0.0648 0.1532 0.1469 0.0232 -0.0337 -0.0129 0.0005 0.0336 -0.0012 0.0032 -0.0073 -0.0005 -0.0001 0.0001 0.0000 -0.0004 0.0000 0.1267 0.2914 0.0791 0.1319 0.0710 0.1883 0.2112 0.2274 0.3424 0.2440 0.0793 0.2122 0.6027 0.7923 -0.7003 -0.4330 -1.7716 0.0000 0.3078 0.0160 0.1674 0.6917 0.3206 0.0141 1.0217 0.0892 0.0031 0.5000 1.8000 
1 264 290 1 0.9753 2.6930e+01 0.7894 0.3299 1.0560 1.2548 0.2441 0.1966 3.1547 3.8869 0.0024 0.0025 0.0484 0.0225 0.0213 0.0163 0.0340 0.0596 0.1396 0.2253 0.2112 0.0082 0.0027 0.0075 0.0092 0.0289 0.0526 0.1474 0.1852 0.0813 -0.0211 -0.0320 -0.0026 0.0275 -0.0036 0.0092 -0.0064 -0.0016 -0.0004 0.0001 0.0000 -0.0004 0.0000 0.1229 0.3375 0.0990 0.1758 0.1378 0.2363 0.2392 0.2495 0.3308 0.2459 0.0884 0.1751 0.6630 0.8032 -0.6800 -0.4114 -1.5049 0.0000 0.2650 0.0129 0.1429 0.5840 0.3271 0.0127 0.9889 0.0875 0.0135 0.5000 1.8000 
1 290 318 1 0.9762 1.5406e+01 1.0398 0.3641 0.9930 1.1608 0.2226 0.1834 2.8424 3.9127 0.0021 0.0021 0.0572 0.0235 0.0193 0.0147 0.0321 0.0496 0.1200 0.1732 0.2028 0.0087 0.0024 0.0080 0.0089 0.0241 0.0444 0.1324 0.2017 0.1411 0.0324 -0.0525 -0.0110 0.0202 -0.0045 0.0199 0.0029 -0.0028 -0.0012 0.0000 0.0000 -0.0004 0.0000 0.1136 0.3679 0.1184 0.2153 0.1951 0.2820 0.2605 0.2684 0.3215 0.2517 0.0937 0.1468 0.7204 0.8121 -0.7173 -0.4356 -1.3211 0.0000 0.2285 0.0104 0.1233 0.4853 0.3080 0.0105 1.0006 0.0876 0.0266 0.5000 1.8000 
1 318 346 1 0.9770 9.0786e+00 0.9480 0.4577 0.8763 1.0878 0.2514 0.1698 2.5344 3.8684 0.0019 0.0019 0.0573 0.0249 0.0182 0.0140 0.0308 0.0422 0.1081 0.1393 0.1860 0.0089 0.0020 0.0078 0.0083 0.0214 0.0383 0.1135 0.1973 0.1817 0.1157 -0.0598 -0.0286 0.0144 -0.0048 0.0301 0.0172 -0.0031 -0.0027 -0.0006 0.0001 -0.0004 0.0000 0.1036 0.3866 0.1302 0.2462 0.2398 0.3246 0.2710 0.2806 0.3124 0.2539 0.0990 0.1285 0.7573 0.8100 -0.7774 -0.4932 -1.3347 0.0000 0.1970 0.0087 0.1112 0.4005 0.2724 0.0087 0.9592 0.0775 0.0004 0.5000 1.8000 
1 346 376 1 0.9778 5.4086e+00 0.4982 0.6147 0.7523 1.0309 0.2107 0.1547 2.2419 3.8680 0.0019 0.0018 0.0514 0.0247 0.0173 0.0137 0.0282 0.0372 0.0925 0.1118 0.1590 0.0083 0.0013 0.0070 0.0075 0.0190 0.0319 0.0891 0.1738 0.2035 0.2087 -0.0310 -0.0535 0.0100 -0.0050 0.0339 0.0325 0.0026 -0.0048 -0.0026 0.0002 -0.0005 0.0000 0.0927 0.4022 0.1379 0.2751 0.2804 0.3682 0.2768 0.2882 0.3081 0.2524 0.0984 0.1085 0.7867 0.8101 -0.8139 -0.5347 -1.4414 0.0000 0.1643 0.0079 0.0960 0.3364 0.2329 0.0077 0.8837 0.0610 0.0215 0.5000 1.8000 
1 376 408 1 0.9785 3.2134e+00 0.2727 0.4703 0.6201 1.0004 0.2035 0.1494 1.9756 3.8038 0.0018 0.0018 0.0472 0.0236 0.0169 0.0132 0.0252 0.0326 0.0732 0.0860 0.1313 0.0070 0.0015 0.0064 0.0069 0.0170 0.0258 0.0656 0.1460 0.2213 0.3054 0.0622 -0.0675 0.0064 -0.0054 0.0332 0.0508 0.0025 -0.0067 -0.0065 -0.0004 -0.0009 0.0000 0.0849 0.4241 0.1535 0.3161 0.3240 0.4157 0.2943 0.3005 0.3206 0.2599 0.0945 0.0855 0.8346 0.8296 -0.7737 -0.5129 -1.4375 0.0000 0.1367 0.0076 0.0771 0.3013 0.2035 0.0072 0.8580 0.0473 0.0032 0.5000 1.8000 
1 408 442 1 0.9793 1.9304e+00 0.3277 0.4726 0.4544 0.9878 0.2401 0.1532 1.7328 3.8965 0.0018 0.0017 0.0458 0.0242 0.0170 0.0128 0.0238 0.0287 0.0587 0.0675 0.1110 0.0061 0.0012 0.0062 0.0065 0.0155 0.0224 0.0513 0.1250 0.2331 0.3836 0.2085 -0.0432 0.0038 -0.0055 0.0319 0.0664 0.0091 -0.0056 -0.0119 -0.0033 -0.0016 0.0000 0.0805 0.4532 0.1747 0.3625 0.3606 0.4561 0.3234 0.3118 0.3432 0.2765 0.0962 0.0682 0.8886 0.8509 -0.6003 -0.4025 -1.2149 0.0000 0.1195 0.0074 0.0629 0.2845 0.1811 0.0074 0.8664 0.0401 0.0188 0.5000 1.8000 
1 442 478 1 0.9799 1.1328e+00 0.3159 0.3846 0.2728 0.9660 0.2869 0.1526 1.5054 3.9251 0.0017 0.0017 0.0435 0.0254 0.0166 0.0132 0.0231 0.0259 0.0500 0.0557 0.0935 0.0060 0.0021 0.0061 0.0063 0.0146 0.0216 0.0441 0.1070 0.2222 0.4167 0.3513 0.0326 0.0023 -0.0053 0.0299 0.0708 0.0166 0.0041 -0.0176 -0.0091 -0.0027 0.0000 0.0738 0.5064 0.1854 0.3985 0.3847 0.4809 0.3519 0.3055 0.3525 0.2850 0.1014 0.0579 0.9323 0.8507 -0.3379 -0.2392 -0.9000 0.0000 0.1055 0.0074 0.0540 0.2612 0.1549 0.0083 0.8585 0.0373 0.0100 0.5000 1.8000 
1 478 516 1 0.9806 6.7721e-01 0.2697 0.2495 0.1260 0.9217 0.2654 0.1451 1.2951 4.1209 0.0017 0.0017 0.0407 0.0254 0.0155 0.0148 0.0219 0.0242 0.0434 0.0463 0.0779 0.0063 0.0029 0.0063 0.0061 0.0145 0.0218 0.0395 0.0902 0.1912 0.4074 0.4431 0.1479 0.0017 -0.0046 0.0263 0.0659 0.0225 0.0140 -0.0192 -0.0164 -0.0040 0.0000 0.0661 0.6329 0.1848 0.4275 0.4187 0.4990 0.3832 0.2870 0.3420 0.2791 0.1057 0.0521 0.9731 0.8259 -0.1027 -0.0965 -0.7198 0.0000 0.0919 0.0079 0.0482 0.2261 0.1279 0.0095 0.8430 0.0365 0.0091 0.5000 1.8000 
1 516 556 1 0.9812 4.0486e-01 0.3390 0.2737 0.0406 0.8695 0.2209 0.1382 1.1104 4.4415 0.0017 0.0016 0.0427 0.0246 0.0148 0.0165 0.0221 0.0248 0.0392 0.0405 0.0681 0.0069 0.0035 0.0069 0.0063 0.0158 0.0219 0.0368 0.0792 0.1629 0.3886 0.4744 0.3243 0.0015 -0.0039 0.0217 0.0590 0.0267 0.0334 -0.0069 -0.0214 -0.0051 0.0000 0.0646 0.8922 0.1973 0.4726 0.5072 0.5316 0.4384 0.2910 0.3319 0.2757 0.1115 0.0517 1.0279 0.7896 0.0399 -0.0179 -0.7552 0.0000 0.0836 0.0089 0.0476 0.1954 0.1092 0.0105 0.8394 0.0370 0.0071 0.5000 1.8000 
1 556 598 1 0.9818 2.4107e-01 0.4346 0.2445 0.0053 0.8271 0.2370 0.1322 0.9566 4.8167 0.0016 0.0016 0.0518 0.0238 0.0155 0.0173 0.0250 0.0294 0.0383 0.0415 0.0635 0.0073 0.0040 0.0079 0.0069 0.0183 0.0213 0.0357 0.0748 0.1507 0.3886 0.4573 0.5501 0.0014 -0.0033 0.0172 0.0526 0.0289 0.0565 0.0291 -0.0192 -0.0043 0.0000 0.0720 1.3155 0.2441 0.5527 0.6865 0.5937 0.5313 0.3484 0.3396 0.2902 0.1181 0.0567 1.1019 0.7550 0.0964 0.0039 -0.8926 0.0000 0.0809 0.0099 0.0526 0.1793 0.0991 0.0105 0.8465 0.0395 0.0126 0.5000 1.8000 
1 598 642 1 0.9823 1.4318e-01 0.5428 0.2138 -0.0039 0.7952 0.3058 0.1221 0.8296 5.0545 0.0015 0.0015 0.0659 0.0227 0.0185 0.0171 0.0303 0.0368 0.0399 0.0499 0.0599 0.0073 0.0043 0.0084 0.0073 0.0219 0.0198 0.0341 0.0720 0.1512 0.4098 0.4071 0.7881 0.0012 -0.0029 0.0133 0.0456 0.0280 0.0780 0.0892 -0.0020 0.0012 0.0000 0.0850 1.8960 0.3235 0.6671 0.9643 0.6822 0.6528 0.4629 0.3615 0.3189 0.1213 0.0649 1.1855 0.7217 0.1029 -0.0052 -0.9803 0.0001 0.0793 0.0102 0.0593 0.1756 0.0918 0.0099 0.8575 0.0446 0.0034 0.5000 1.8000 
1 642 688 1 0.9827 8.5768e-02 0.6739 0.2184 -0.0042 0.7676 0.2862 0.1063 0.7249 5.2658 0.0015 0.0015 0.0809 0.0208 0.0245 0.0161 0.0367 0.0442 0.0427 0.0633 0.0549 0.0069 0.0044 0.0082 0.0070 0.0263 0.0178 0.0313 0.0674 0.1559 0.4427 0.3432 0.9990 0.0009 -0.0027 0.0101 0.0376 0.0245 0.0924 0.1652 0.0373 0.0136 0.0000 0.0991 2.6051 0.4237 0.8056 1.3246 0.7879 0.7865 0.6242 0.3871 0.3515 0.1184 0.0731 1.2687 0.6852 0.0939 -0.0155 -0.9669 0.0003 0.0753 0.0098 0.0640 0.1791 0.0835 0.0090 0.8669 0.0504 0.0002 0.5000 1.8000 
1 688 736 1 0.9832 5.1338e-02 0.8879 0.2280 -0.0028 0.7426 0.3497 0.0866 0.6466 5.3533 0.0015 0.0015 0.0931 0.0182 0.0339 0.0145 0.0429 0.0508 0.0453 0.0786 0.0488 0.0062 0.0041 0.0076 0.0065 0.0305 0.0156 0.0277 0.0606 0.1601 0.4833 0.2862 1.1650 0.0007 -0.0025 0.0076 0.0297 0.0199 0.0974 0.2483 0.1004 0.0320 0.0000 0.1114 3.3997 0.5391 0.9630 1.7403 0.9089 0.9256 0.8246 0.4143 0.3857 0.1097 0.0792 1.3511 0.6496 0.0889 -0.0199 -0.9032 0.0009 0.0684 0.0091 0.0661 0.1871 0.0732 0.0079 0.8749 0.0548 0.0284 0.5000 1.8000 
1 736 786 1 0.9835 3.0330e-02 1.0978 0.2510 -0.0018 0.7236 0.3341 0.0670 0.6030 5.6581 0.0016 0.0016 0.1023 0.0153 0.0460 0.0127 0.0481 0.0576 0.0469 0.0949 0.0425 0.0055 0.0036 0.0070 0.0061 0.0342 0.0133 0.0238 0.0524 0.1634 0.5328 0.2513 1.2873 0.0006 -0.0025 0.0057 0.0227 0.0154 0.0953 0.3344 0.1839 0.0539 0.0000 0.1219 4.2277 0.6683 1.1370 2.1842 1.0459 1.0695 1.0565 0.4475 0.4252 0.0985 0.0834 1.4376 0.6235 0.0919 -0.0195 -0.8724 0.0023 0.0598 0.0086 0.0676 0.1997 0.0624 0.0069 0.8943 0.0574 0.0164 0.5000 1.8000 
1 786 838 1 0.9839 1.7885e-02 1.3710 0.2301 -0.0013 0.7114 0.4146 0.0516 0.5968 5.7137 0.0018 0.0018 0.1104 0.0129 0.0594 0.0114 0.0528 0.0649 0.0487 0.1125 0.0375 0.0048 0.0030 0.0065 0.0058 0.0382 0.0114 0.0204 0.0451 0.1677 0.5898 0.2446 1.3702 0.0005 -0.0024 0.0045 0.0177 0.0120 0.0897 0.4180 0.2800 0.0772 0.0000 0.1321 5.0331 0.8023 1.3173 2.6294 1.1902 1.2105 1.3026 0.4869 0.4691 0.0884 0.0873 1.5270 0.6099 0.0976 -0.0171 -0.9210 0.0052 0.0521 0.0084 0.0708 0.2185 0.0534 0.0062 0.9345 0.0592 0.0186 0.5000 1.8000 
1 838 894 1 0.9842 1.0787e-02 1.6157 0.2536 -0.0010 0.7016 0.4684 0.0423 0.6209 5.9370 0.0021 0.0021 0.1187 0.0115 0.0733 0.0107 0.0578 0.0724 0.0519 0.1314 0.0345 0.0043 0.0025 0.0063 0.0058 0.0431 0.0102 0.0183 0.0402 0.1737 0.6471 0.2627 1.4172 0.0005 -0.0022 0.0037 0.0148 0.0099 0.0837 0.4929 0.3789 0.1009 0.0000 0.1429 5.7753 0.9262 1.4883 3.0527 1.3277 1.3374 1.5421 0.5263 0.5115 0.0812 0.0916 1.6121 0.6041 0.1002 -0.0148 -1.0158 0.0345 0.0469 0.0083 0.0761 0.2433 0.0475 0.0059 0.9935 0.0611 0.0290 0.5000 1.8000 
1 894 952 1 0.9844 5.9956e-03 2.2817 0.2931 -0.0008 0.6903 0.5257 0.0383 0.6660 5.9899 0.0022 0.0022 0.1273 0.0112 0.0878 0.0105 0.0635 0.0802 0.0568 0.1512 0.0331 0.0040 0.0021 0.0060 0.0059 0.0490 0.0097 0.0175 0.0376 0.1813 0.6980 0.2969 1.4356 0.0005 -0.0019 0.0034 0.0134 0.0087 0.0785 0.5558 0.4735 0.1240 0.0000 0.1540 6.4330 1.0310 1.6382 3.4345 1.4480 1.4438 1.7590 0.5628 0.5495 0.0768 0.0972 1.6866 0.6027 0.0979 -0.0134 -1.0530 -0.1604 0.0441 0.0081 0.0833 0.2718 0.0444 0.0060 1.0699 0.0630 0.0272 0.5000 1.8000 
1 952 1012 1 0.9847 3.3777e-03 3.1215 0.3567 -0.0008 0.6776 0.5162 0.0368 0.7274 6.1822 0.0021 0.0021 0.1370 0.0112 0.1035 0.0103 0.0698 0.0887 0.0627 0.1724 0.0317 0.0037 0.0019 0.0057 0.0058 0.0552 0.0095 0.0173 0.0360 0.1910 0.7439 0.3400 1.4407 0.0005 -0.0016 0.0033 0.0128 0.0080 0.0747 0.6119 0.5640 0.1468 0.0000 0.1659 7.0267 1.1224 1.7699 3.7772 1.5532 1.5345 1.9540 0.6003 0.5881 0.0743 0.1046 1.7529 0.6076 0.0915 -0.0126 -0.9307 -1.1491 0.0424 0.0076 0.0916 0.3026 0.0423 0.0061 1.1598 0.0645 0.0874 0.5000 1.8000 
1 1012 1162 1 0.9850 1.2336e-03 3.6587 0.2568 -0.0007 0.6514 0.7227 0.0345 0.8620 6.5196 0.0015 0.0015 0.1570 0.0111 0.1327 0.0096 0.0820 0.1042 0.0736 0.2109 0.0281 0.0034 0.0017 0.0050 0.0048 0.0661 0.0093 0.0159 0.0324 0.2130 0.8229 0.4235 1.4601 0.0005 -0.0012 0.0031 0.0123 0.0068 0.0720 0.7077 0.7129 0.1861 0.0000 0.1891 7.9867 1.2710 1.9749 4.3137 1.7155 1.6753 2.2551 0.6790 0.6677 0.0740 0.1208 1.8639 0.6403 0.0764 -0.0121 -0.2765 -1.9900 0.0399 0.0061 0.1067 0.3614 0.0391 0.0058 1.2951 0.0639 0.0847 0.5000 1.8000 
1 1162 1310 1 0.9853 2.8600e-04 7.9107 0.3173 -0.0007 0.6111 1.0513 0.0305 1.0137 7.1892 0.0007 0.0007 0.1787 0.0100 0.1591 0.0087 0.0953 0.1182 0.0855 0.2459 0.0250 0.0030 0.0017 0.0041 0.0025 0.0775 0.0090 0.0125 0.0285 0.2371 0.9064 0.5099 1.5178 0.0006 -0.0009 0.0028 0.0120 0.0053 0.0750 0.8044 0.8480 0.2226 0.0000 0.2140 8.9337 1.4133 2.1684 4.8225 1.8675 1.8128 2.5230 0.7715 0.7592 0.0797 0.1366 1.9853 0.7028 0.0628 -0.0120 0.7679 4.9205 0.0389 0.0046 0.1199 0.4264 0.0377 0.0048 1.3513 0.0586 1.0385 0.5000 1.8000 
1 1310 1992 1 0.9855 2.3906e-05 13.7255 0.3296 -0.0006 0.4611 2.1121 0.0244 1.0960 8.8912 0.0004 0.0004 0.2406 0.0095 0.2211 0.0111 0.1419 0.1686 0.1286 0.3381 0.0637 0.0036 0.0020 0.0054 0.0034 0.1115 0.0095 0.0120 0.0697 0.3251 1.2290 0.6530 2.0674 0.0011 -0.0008 0.0036 0.0461 0.0060 0.1090 1.0704 1.1365 0.3009 0.0000 0.2961 11.6150 1.9500 2.9257 6.3604 2.5737 2.4624 3.3757 1.0210 0.9926 0.1221 0.1882 2.7083 0.9215 0.0571 -0.0119 -0.5441 22.3985 0.0468 0.0057 0.1714 0.5477 0.0458 0.0054 2.7880 0.0519 4.3816 0.5000 1.8000 
