==============================================================================================
OBSERVABLE:       dijet cross section
COLLISION TYPE:   proton-proton
COLLISION ENERGY: 7 TeV
EXPERIMENT:       CMS / LHC
RUN:              2011
LUMINOSITY:       5.0 fb-1
==============================================================================================
 Uncorrelated sources of JEC and the luminosity uncertainties (relative values centered around zero) for the $|y_{max}|<0.5$ bin 
 $M_{JJ}$ Range (GeV)  JEC0[-,+]JEC1[-,+]JEC2[-,+]JEC3[-,+]JEC4[-,+]JEC5[-,+]JEC6[-,+]JEC7[-,+]JEC8[-,+]JEC9[-,+]JEC10[-,+]JEC11[-,+]JEC12[-,+]JEC13[-,+] Lumi Error [-,+]  Bin-by-bin uncorrelated Error [-,+] 
==============================================================================================
197 296  -0.02 0.03 -0.01 0.01 0.01 -0.01 -0.02 0.03 0.00 0.00 0.00 0.00 0.00 0.00 0.00 0.00 -0.00 0.00 -0.00 0.00 -0.01 0.01 -0.03 0.04 0.01 -0.01 -0.02 0.03 -0.02 0.02  -0.01 0.01  
296.00 419.00  -0.02 0.03 -0.01 0.02 -0.00 0.00 -0.02 0.03 0.00 0.00 0.00 0.00 0.00 0.00 0.00 0.00 -0.00 0.00 -0.00 0.00 -0.01 0.01 -0.02 0.03 0.01 -0.01 -0.02 0.02 -0.02 0.02  -0.01 0.01  
419.00 565.00  -0.02 0.03 -0.02 0.02 -0.01 0.01 -0.02 0.02 0.00 0.00 0.00 0.00 0.00 0.00 0.00 0.00 -0.00 0.00 -0.00 0.00 -0.00 0.01 -0.02 0.02 0.01 -0.01 -0.01 0.02 -0.02 0.02  -0.01 0.01  
565.00 740.00  -0.03 0.03 -0.02 0.02 -0.01 0.01 -0.01 0.02 0.00 0.00 0.00 0.00 0.00 0.00 0.00 0.00 -0.00 0.00 -0.00 0.00 -0.00 0.00 -0.01 0.02 0.01 -0.00 -0.01 0.01 -0.02 0.02  -0.01 0.01  
740.00 944.00  -0.03 0.03 -0.02 0.03 -0.01 0.02 -0.01 0.01 0.00 0.00 0.00 0.00 0.00 0.00 0.00 0.00 -0.00 0.00 -0.00 0.00 -0.00 0.00 -0.01 0.01 0.00 -0.00 -0.01 0.01 -0.02 0.02  -0.01 0.01  
944.00 1181.00  -0.03 0.03 -0.02 0.03 -0.02 0.02 -0.01 0.01 0.00 0.00 0.00 0.00 0.00 0.00 0.00 0.00 -0.00 0.00 -0.00 0.00 -0.00 0.00 -0.01 0.01 0.00 -0.00 -0.01 0.01 -0.02 0.02  -0.01 0.01  
1181.00 1455.00  -0.03 0.04 -0.03 0.03 -0.02 0.03 -0.01 0.01 0.00 0.00 0.00 0.00 0.00 0.00 0.00 0.00 -0.00 0.00 -0.00 0.00 -0.00 0.00 -0.01 0.01 0.00 -0.00 -0.01 0.01 -0.02 0.02  -0.01 0.01  
1455.00 1770.00  -0.03 0.04 -0.03 0.04 -0.03 0.03 -0.01 0.01 0.00 0.00 0.00 0.00 0.00 0.00 0.00 0.00 -0.00 0.00 -0.00 0.00 -0.00 0.00 -0.01 0.01 0.00 -0.00 -0.01 0.01 -0.02 0.02  -0.01 0.01  
1770.00 2132.00  -0.04 0.04 -0.04 0.04 -0.03 0.04 -0.01 0.02 0.00 0.00 0.00 0.00 0.00 0.00 0.00 0.00 -0.00 0.00 -0.00 0.00 -0.00 0.00 -0.01 0.01 0.00 -0.00 -0.01 0.01 -0.02 0.02  -0.01 0.01  
2132.00 2546.00  -0.04 0.05 -0.04 0.05 -0.04 0.05 -0.01 0.02 0.00 0.00 0.00 0.00 0.00 0.00 0.00 0.00 -0.00 0.00 -0.00 0.00 -0.00 0.00 -0.01 0.01 0.00 -0.00 -0.01 0.01 -0.02 0.02  -0.01 0.01  
2546.00 3019.00  -0.05 0.06 -0.06 0.07 -0.05 0.06 -0.02 0.02 0.00 0.00 0.00 0.00 0.00 0.00 0.00 0.00 -0.00 0.00 -0.00 0.00 -0.00 0.00 -0.01 0.01 0.00 -0.00 -0.01 0.01 -0.02 0.02  -0.01 0.01  
3019.00 3416.00  -0.06 0.07 -0.07 0.09 -0.06 0.07 -0.02 0.02 0.00 0.00 0.00 0.00 0.00 0.00 0.00 0.00 -0.00 0.00 -0.00 0.00 -0.00 0.00 -0.01 0.01 0.00 -0.00 -0.01 0.01 -0.02 0.02  -0.01 0.01  
3416.00 4010.00  -0.07 0.08 -0.09 0.11 -0.07 0.09 -0.02 0.03 0.00 0.00 0.00 0.00 0.00 0.00 0.00 0.00 -0.00 0.00 -0.00 0.00 -0.00 0.00 -0.01 0.01 0.00 -0.00 -0.01 0.01 -0.02 0.02  -0.01 0.01  
==============================================================================================
 Uncorrelated sources of JEC and the luminosity uncertainties (relative values centered around zero) for the 0.5<$|y_{max}|<1.0$ bin 
 $M_{JJ}$ Range (GeV)  JEC0[-,+]JEC1[-,+]JEC2[-,+]JEC3[-,+]JEC4[-,+]JEC5[-,+]JEC6[-,+]JEC7[-,+]JEC8[-,+]JEC9[-,+]JEC10[-,+]JEC11[-,+]JEC12[-,+]JEC13[-,+] Lumi Error [-,+]  Bin-by-bin uncorrelated Error [-,+] 
==============================================================================================
270.00 386.00  -0.02 0.03 -0.01 0.01 0.00 -0.00 -0.02 0.03 0.00 0.00 0.00 0.00 0.00 0.00 0.00 0.00 -0.00 0.00 -0.00 0.00 -0.01 0.01 -0.03 0.04 0.02 -0.01 -0.02 0.03 -0.02 0.02  -0.01 0.01  
386.00 526.00  -0.02 0.03 -0.01 0.02 -0.00 0.00 -0.02 0.02 0.00 0.00 0.00 0.00 0.00 0.00 0.00 0.00 -0.00 0.00 -0.00 0.00 -0.01 0.01 -0.02 0.03 0.01 -0.01 -0.02 0.02 -0.02 0.02  -0.01 0.01  
526.00 693.00  -0.02 0.03 -0.02 0.02 -0.01 0.01 -0.02 0.02 0.00 0.00 0.00 0.00 0.00 0.00 0.00 0.00 -0.00 0.00 -0.00 0.00 -0.00 0.00 -0.02 0.02 0.01 -0.01 -0.01 0.02 -0.02 0.02  -0.01 0.01  
693.00 890.00  -0.03 0.03 -0.02 0.03 -0.01 0.02 -0.01 0.02 0.00 0.00 0.00 0.00 0.00 0.00 0.00 0.00 -0.00 0.00 -0.00 0.00 -0.00 0.00 -0.01 0.02 0.01 -0.01 -0.01 0.01 -0.02 0.02  -0.01 0.01  
890.00 1118.00  -0.03 0.03 -0.02 0.03 -0.02 0.02 -0.01 0.01 0.00 0.00 0.00 0.00 0.00 0.00 0.00 0.00 -0.00 0.00 -0.00 0.00 -0.00 0.00 -0.01 0.01 0.01 -0.00 -0.01 0.01 -0.02 0.02  -0.01 0.01  
1118.00 1383.00  -0.03 0.04 -0.03 0.03 -0.02 0.02 -0.01 0.01 0.00 0.00 0.00 0.00 0.00 0.00 0.00 0.00 -0.00 0.00 -0.00 0.00 -0.00 0.00 -0.01 0.01 0.00 -0.00 -0.01 0.01 -0.02 0.02  -0.01 0.01  
1383.00 1687.00  -0.03 0.04 -0.03 0.04 -0.02 0.03 -0.01 0.01 0.00 0.00 0.00 0.00 0.00 0.00 0.00 0.00 -0.00 0.00 -0.00 0.00 -0.00 0.00 -0.01 0.01 0.00 -0.00 -0.01 0.01 -0.02 0.02  -0.01 0.01  
1687.00 2037.00  -0.04 0.04 -0.03 0.04 -0.03 0.04 -0.01 0.02 0.00 0.00 0.00 0.00 0.00 0.00 0.00 0.00 -0.00 0.00 -0.00 0.00 -0.00 0.00 -0.01 0.01 0.00 -0.00 -0.01 0.01 -0.02 0.02  -0.01 0.01  
2037.00 2438.00  -0.04 0.05 -0.04 0.05 -0.04 0.04 -0.01 0.02 0.00 0.00 0.00 0.00 0.00 0.00 0.00 0.00 -0.00 0.00 -0.00 0.00 -0.00 0.00 -0.01 0.01 0.00 -0.00 -0.01 0.01 -0.02 0.02  -0.01 0.01  
2438.00 2895.00  -0.05 0.06 -0.05 0.06 -0.04 0.06 -0.02 0.02 0.00 0.00 0.00 0.00 0.00 0.00 0.00 0.00 -0.00 0.00 -0.00 0.00 -0.00 0.00 -0.01 0.01 0.00 -0.00 -0.01 0.01 -0.02 0.02  -0.01 0.01  
2895.00 3416.00  -0.06 0.07 -0.07 0.08 -0.06 0.07 -0.02 0.02 0.00 0.00 0.00 0.00 0.00 0.00 0.00 0.00 -0.00 0.00 -0.00 0.00 -0.00 0.00 -0.01 0.01 0.00 -0.00 -0.01 0.01 -0.02 0.02  -0.01 0.01  
3416.00 4010.00  -0.07 0.09 -0.09 0.12 -0.07 0.09 -0.02 0.03 0.00 0.00 0.00 0.00 0.00 0.00 0.00 0.00 -0.00 0.00 0.00 -0.00 -0.00 0.00 -0.01 0.01 0.00 -0.00 -0.01 0.01 -0.02 0.02  -0.01 0.01  
==============================================================================================
 Uncorrelated sources of JEC and the luminosity uncertainties (relative values centered around zero) for the 1.0<$|y_{max}|<1.5$ bin 
 $M_{JJ}$ Range (GeV)  JEC0[-,+]JEC1[-,+]JEC2[-,+]JEC3[-,+]JEC4[-,+]JEC5[-,+]JEC6[-,+]JEC7[-,+]JEC8[-,+]JEC9[-,+]JEC10[-,+]JEC11[-,+]JEC12[-,+]JEC13[-,+] Lumi Error [-,+]  Bin-by-bin uncorrelated Error [-,+] 
==============================================================================================
419.00 565.00  -0.02 0.03 -0.01 0.02 0.00 0.00 -0.02 0.03 -0.01 0.01 -0.00 0.00 0.00 0.00 0.00 0.00 -0.00 0.00 -0.00 0.00 -0.01 0.01 -0.03 0.03 0.02 -0.01 -0.02 0.02 -0.02 0.02  -0.01 0.01  
565.00 740.00  -0.03 0.03 -0.02 0.02 -0.00 0.01 -0.02 0.02 -0.01 0.01 -0.00 0.00 0.00 0.00 0.00 0.00 -0.00 0.00 -0.00 0.00 -0.01 0.01 -0.02 0.03 0.01 -0.01 -0.02 0.02 -0.02 0.02  -0.01 0.01  
740.00 944.00  -0.03 0.03 -0.02 0.02 -0.01 0.01 -0.02 0.02 -0.01 0.01 -0.00 0.00 0.00 0.00 0.00 0.00 -0.00 0.00 -0.00 0.00 -0.00 0.01 -0.02 0.02 0.01 -0.01 -0.01 0.02 -0.02 0.02  -0.01 0.01  
944.00 1181.00  -0.03 0.04 -0.02 0.03 -0.01 0.02 -0.02 0.02 -0.01 0.02 -0.00 0.00 0.00 0.00 0.00 0.00 -0.00 0.00 -0.00 0.00 -0.00 0.00 -0.01 0.02 0.01 -0.01 -0.01 0.02 -0.02 0.02  -0.01 0.01  
1181.00 1455.00  -0.03 0.04 -0.03 0.03 -0.02 0.02 -0.01 0.02 -0.01 0.02 -0.00 0.00 0.00 0.00 0.00 0.00 -0.00 0.00 -0.00 0.00 -0.00 0.00 -0.01 0.01 0.01 -0.01 -0.01 0.01 -0.02 0.02  -0.01 0.01  
1455.00 1770.00  -0.03 0.04 -0.03 0.03 -0.02 0.03 -0.01 0.02 -0.01 0.02 -0.00 0.00 0.00 0.00 0.00 0.00 -0.00 0.00 -0.00 0.00 -0.00 0.00 -0.01 0.01 0.01 -0.01 -0.01 0.01 -0.02 0.02  -0.01 0.01  
1770.00 2132.00  -0.04 0.05 -0.03 0.04 -0.03 0.03 -0.01 0.02 -0.02 0.02 -0.00 0.00 0.00 0.00 0.00 0.00 -0.00 0.00 -0.00 0.00 -0.00 0.00 -0.01 0.01 0.01 -0.01 -0.01 0.01 -0.02 0.02  -0.01 0.01  
2132.00 2546.00  -0.04 0.05 -0.04 0.05 -0.03 0.04 -0.02 0.02 -0.02 0.02 -0.00 0.00 0.00 0.00 0.00 0.00 -0.00 0.00 -0.00 0.00 -0.00 0.00 -0.01 0.01 0.01 -0.01 -0.01 0.01 -0.02 0.02  -0.01 0.01  
2546.00 3147.00  -0.05 0.06 -0.05 0.06 -0.04 0.05 -0.02 0.02 -0.02 0.03 -0.00 0.00 0.00 0.00 0.00 0.00 -0.00 0.00 -0.00 0.00 -0.00 0.00 -0.01 0.01 0.01 -0.01 -0.01 0.01 -0.02 0.02  -0.01 0.01  
3147.00 3854.00  -0.07 0.08 -0.07 0.09 -0.06 0.08 -0.02 0.03 -0.03 0.04 -0.00 0.01 0.00 0.00 0.00 0.00 -0.00 0.01 -0.00 0.00 -0.00 0.00 -0.01 0.01 0.01 -0.01 -0.01 0.01 -0.02 0.02  -0.01 0.01  
3854.00 4509.00  -0.09 0.11 -0.10 0.13 -0.08 0.11 -0.03 0.04 -0.03 0.04 -0.00 0.01 0.00 0.00 0.00 0.00 -0.01 0.01 -0.00 0.00 -0.00 0.00 -0.01 0.01 0.01 -0.01 -0.01 0.02 -0.02 0.02  -0.01 0.01  
==============================================================================================
 Uncorrelated sources of JEC and the luminosity uncertainties (relative values centered around zero) for the 1.5<$|y_{max}|<2.0$ bin 
 $M_{JJ}$ Range (GeV)  JEC0[-,+]JEC1[-,+]JEC2[-,+]JEC3[-,+]JEC4[-,+]JEC5[-,+]JEC6[-,+]JEC7[-,+]JEC8[-,+]JEC9[-,+]JEC10[-,+]JEC11[-,+]JEC12[-,+]JEC13[-,+] Lumi Error [-,+]  Bin-by-bin uncorrelated Error [-,+] 
==============================================================================================
565.00 740.00  -0.03 0.03 -0.01 0.02 0.00 -0.00 -0.03 0.03 -0.03 0.04 -0.01 0.01 0.00 0.00 0.00 0.00 -0.00 0.00 -0.01 0.01 -0.01 0.01 -0.03 0.04 0.02 -0.02 -0.02 0.03 -0.02 0.02  -0.01 0.01  
740.00 944.00  -0.03 0.03 -0.02 0.02 -0.00 0.00 -0.02 0.03 -0.03 0.04 -0.01 0.01 0.00 0.00 0.00 0.00 -0.00 0.00 -0.01 0.01 -0.01 0.01 -0.03 0.03 0.02 -0.02 -0.02 0.03 -0.02 0.02  -0.01 0.01  
944.00 1181.00  -0.03 0.04 -0.02 0.02 -0.01 0.01 -0.02 0.03 -0.04 0.04 -0.01 0.01 0.00 0.00 0.00 0.00 -0.00 0.00 -0.00 0.00 -0.01 0.01 -0.02 0.03 0.02 -0.01 -0.02 0.02 -0.02 0.02  -0.01 0.01  
1181.00 1455.00  -0.03 0.04 -0.02 0.03 -0.01 0.01 -0.02 0.02 -0.04 0.05 -0.01 0.01 0.00 0.00 0.00 0.00 -0.00 0.01 -0.00 0.00 -0.01 0.01 -0.02 0.02 0.01 -0.01 -0.02 0.02 -0.02 0.02  -0.01 0.01  
1455.00 1770.00  -0.03 0.04 -0.03 0.03 -0.02 0.02 -0.02 0.02 -0.04 0.05 -0.01 0.01 0.00 0.00 0.00 0.00 -0.00 0.01 -0.00 0.00 -0.01 0.01 -0.02 0.02 0.01 -0.01 -0.02 0.02 -0.02 0.02  -0.01 0.01  
1770.00 2132.00  -0.04 0.05 -0.03 0.04 -0.02 0.03 -0.02 0.02 -0.05 0.06 -0.01 0.02 0.00 0.00 0.00 0.00 -0.01 0.01 -0.00 0.00 -0.01 0.01 -0.02 0.02 0.01 -0.01 -0.02 0.02 -0.02 0.02  -0.01 0.01  
2132.00 2546.00  -0.04 0.05 -0.04 0.04 -0.03 0.03 -0.02 0.02 -0.06 0.07 -0.02 0.02 0.00 0.00 0.00 0.00 -0.01 0.01 -0.00 0.00 -0.01 0.01 -0.01 0.02 0.01 -0.01 -0.02 0.02 -0.02 0.02  -0.01 0.01  
2546.00 3019.00  -0.05 0.06 -0.04 0.05 -0.03 0.04 -0.02 0.02 -0.07 0.09 -0.02 0.02 0.00 0.00 0.00 0.00 -0.01 0.01 -0.00 0.00 -0.00 0.01 -0.01 0.02 0.01 -0.01 -0.02 0.02 -0.02 0.02  -0.01 0.01  
3019.00 3558.00  -0.06 0.08 -0.05 0.07 -0.05 0.06 -0.02 0.03 -0.09 0.12 -0.02 0.03 0.00 0.00 0.00 0.00 -0.01 0.01 -0.00 0.00 -0.01 0.01 -0.02 0.02 0.01 -0.01 -0.02 0.02 -0.02 0.02  -0.01 0.01  
3558.00 5058.00  -0.10 0.15 -0.10 0.15 -0.08 0.13 -0.03 0.05 -0.15 0.23 -0.04 0.06 0.00 0.00 0.00 0.00 -0.02 0.02 -0.00 0.01 -0.01 0.01 -0.02 0.03 0.02 -0.01 -0.02 0.03 -0.02 0.02  -0.01 0.01  
==============================================================================================
 Uncorrelated sources of JEC and the luminosity uncertainties (relative values centered around zero) for the 2.0<$|y_{max}|<2.5$ bin 
 $M_{JJ}$ Range (GeV)  JEC0[-,+]JEC1[-,+]JEC2[-,+]JEC3[-,+]JEC4[-,+]JEC5[-,+]JEC6[-,+]JEC7[-,+]JEC8[-,+]JEC9[-,+]JEC10[-,+]JEC11[-,+]JEC12[-,+]JEC13[-,+] Lumi Error [-,+]  Bin-by-bin uncorrelated Error [-,+] 
==============================================================================================
1000.00 1246.00  -0.03 0.04 -0.02 0.02 0.00 -0.00 -0.03 0.04 -0.10 0.12 -0.01 0.02 -0.01 0.01 -0.01 0.01 -0.01 0.01 -0.00 0.00 -0.02 0.02 -0.04 0.05 -0.03 0.03 -0.03 0.03 -0.02 0.02  -0.01 0.01  
1246.00 1530.00  -0.03 0.04 -0.02 0.02 -0.00 0.00 -0.03 0.03 -0.11 0.13 -0.01 0.02 -0.01 0.01 -0.01 0.01 -0.01 0.01 -0.00 0.00 -0.02 0.02 -0.03 0.04 -0.03 0.03 -0.02 0.03 -0.02 0.02  -0.01 0.01  
1530.00 1856.00  -0.04 0.04 -0.02 0.03 -0.01 0.01 -0.03 0.03 -0.11 0.13 -0.02 0.02 -0.01 0.01 -0.01 0.01 -0.01 0.01 -0.00 0.00 -0.01 0.02 -0.03 0.04 -0.02 0.03 -0.02 0.03 -0.02 0.02  -0.01 0.01  
1856.00 2231.00  -0.04 0.05 -0.03 0.04 -0.01 0.02 -0.03 0.03 -0.12 0.15 -0.02 0.03 -0.01 0.01 -0.01 0.01 -0.01 0.01 0.00 0.00 -0.01 0.02 -0.03 0.04 -0.02 0.02 -0.02 0.03 -0.02 0.02  -0.01 0.01  
2231.00 2659.00  -0.04 0.05 -0.03 0.04 -0.02 0.02 -0.02 0.03 -0.14 0.16 -0.02 0.03 -0.01 0.01 -0.01 0.01 -0.01 0.02 0.00 -0.00 -0.01 0.02 -0.03 0.03 -0.02 0.02 -0.02 0.03 -0.02 0.02  -0.01 0.01  
2659.00 3147.00  -0.05 0.07 -0.04 0.05 -0.03 0.03 -0.03 0.03 -0.17 0.20 -0.03 0.03 -0.01 0.01 -0.01 0.01 -0.02 0.02 0.00 -0.00 -0.01 0.02 -0.03 0.03 -0.02 0.02 -0.02 0.03 -0.02 0.02  -0.01 0.01  
3147.00 3704.00  -0.07 0.08 -0.05 0.07 -0.04 0.05 -0.03 0.03 -0.22 0.26 -0.03 0.04 -0.01 0.01 -0.01 0.01 -0.02 0.02 0.00 -0.00 -0.01 0.02 -0.03 0.03 -0.02 0.02 -0.02 0.03 -0.02 0.02  -0.01 0.01  
3704.00 5058.00  -0.11 0.19 -0.09 0.16 -0.07 0.12 -0.04 0.07 -0.36 0.64 -0.05 0.10 -0.02 0.03 -0.02 0.03 -0.03 0.06 0.00 -0.00 -0.02 0.03 -0.04 0.07 -0.03 0.06 -0.03 0.06 -0.02 0.02  -0.01 0.01  
