1.0
0.19  1.0 
0.17  0.27  1.0 
0.16  0.26  0.28  1.0 
0.16  0.25  0.28  0.29  1.0 
0.15  0.24  0.27  0.29	0.3   1.0 
0.14  0.23  0.26  0.28	0.29  0.3   1.0 
0.14  0.21  0.25  0.27	0.29  0.3   0.3   1.0 
0.13  0.2   0.23  0.25	0.27  0.28  0.29  0.29  1.0 
0.11  0.17  0.2   0.23	0.25  0.26  0.27  0.28	0.27  1.0 
0.09  0.14  0.16  0.18	0.2   0.22  0.22  0.23	0.23  0.23  1.0 
0.08  0.12  0.15  0.17	0.19  0.2   0.21  0.22	0.22  0.22  0.2   1.0 
0.07  0.1   0.12  0.14	0.16  0.17  0.18  0.19	0.19  0.2   0.18  0.19  1.0 
0.06  0.08  0.1   0.11	0.13  0.14  0.15  0.16	0.16  0.17  0.16  0.16	0.15  1.0 
0.05  0.07  0.08  0.09	0.1   0.11  0.11  0.12	0.13  0.13  0.12  0.13	0.12  0.11  1.0 
0.03  0.05  0.06  0.06	0.07  0.08  0.08  0.09	0.09  0.1   0.09  0.1 	0.09  0.08  0.07  1.0 
0.03  0.04  0.04  0.05	0.05  0.06  0.06  0.06	0.07  0.07  0.07  0.08	0.07  0.07  0.06  0.05  1.0 
0.01  0.01  0.01  0.01	0.01  0.01  0.01  0.01	0.01  0.01  0.01  0.02	0.02  0.01  0.01  0.01	0.01  1.0
0.23  0.3   0.28  0.27  0.26  0.25  0.24  0.23  0.21  0.18  0.15  0.13  0.11  0.1   0.07  0.05  0.04  0.01   1.0					      
0.05  0.15  0.21  0.2 	0.2   0.2   0.2   0.19	0.18  0.16  0.14  0.12	0.1   0.08  0.06  0.04	0.03  0.01   0.2    1.0   				      
0.04  0.07  0.12  0.15	0.16  0.17  0.17  0.17	0.16  0.15  0.13  0.13	0.11  0.08  0.06  0.05	0.03  0.01   0.13   0.12  1.0 			      
0.05  0.08  0.1   0.13	0.16  0.17  0.17  0.17	0.16  0.16  0.14  0.13	0.12  0.09  0.07  0.05	0.03  0.01   0.06   0.03  0.26   1.0 		      
0.06  0.08  0.1   0.11	0.14  0.16  0.17  0.17	0.16  0.16  0.14  0.14	0.12  0.1   0.07  0.05	0.03  0.01   0.07   0.03  0.25   0.33   1.0 		      
0.04  0.06  0.07  0.09	0.1   0.11  0.12  0.13	0.13  0.12  0.11  0.11	0.09  0.08  0.06  0.04	0.03  0.0    0.03  -0.01  0.28   0.35   0.34   1.0 	      
0.04  0.06  0.07  0.08	0.09  0.1   0.11  0.12	0.12  0.12  0.11  0.11	0.1   0.09  0.07  0.05	0.04  0.0    0.0   -0.06  0.31   0.41   0.4    0.45   1.0     
0.02  0.03  0.04  0.04	0.04  0.04  0.05  0.05	0.06  0.06  0.06  0.07	0.06  0.06  0.05  0.04	0.04  0.01  -0.07  -0.14  0.14   0.32   0.32   0.35   0.40   1.0
0.21  0.28  0.26  0.25  0.24  0.24  0.22  0.21  0.2   0.17  0.14  0.12  0.11  0.09  0.07  0.05  0.04  0.01   0.67  0.10   0.24   0.22   0.22   0.23   0.26   0.14    1.0						   
0.04  0.14  0.19  0.18	0.18  0.18  0.18  0.17	0.16  0.15  0.12  0.11	0.09  0.07  0.05  0.04	0.03  0.0    0.07  0.54   0.23   0.28   0.28   0.28   0.33   0.24    0.21   1.0  					   
0.04  0.07  0.11  0.14	0.15  0.15  0.15  0.15	0.15  0.14  0.12  0.12	0.1   0.08  0.06  0.04	0.03  0.01   0.05  0.03   0.64   0.27   0.26   0.27   0.32   0.23    0.18   0.22   1.0  				   
0.05  0.07  0.09  0.12	0.14  0.15  0.15  0.16	0.15  0.14  0.12  0.12	0.11  0.08  0.06  0.04	0.03  0.01   0.04  0.00   0.25   0.70   0.30   0.33   0.39   0.29    0.21   0.25   0.31   1.0   			   
0.05  0.08  0.09  0.1 	0.13  0.15  0.15  0.16	0.15  0.15  0.13  0.13	0.11  0.09  0.07  0.05	0.03  0.01   0.06  0.03   0.26   0.32   0.68   0.32   0.38   0.26    0.22   0.28   0.27   0.32   1.0   		   
0.04  0.06  0.08  0.09	0.1   0.12  0.13  0.13	0.13  0.13  0.11  0.11	0.1   0.08  0.06  0.04	0.03  0.0    0.07  0.04   0.30   0.28   0.27   0.63   0.36   0.22    0.23   0.23   0.29   0.32   0.28   1.0   	   
0.04  0.06  0.08  0.09	0.1   0.11  0.12  0.13	0.14  0.14  0.12  0.12	0.11  0.1   0.08  0.06	0.04  0.01   0.14  0.20  -0.13  -0.08  -0.07  -0.17  -0.04  -0.15   -0.06  -0.04  -0.04  -0.11  -0.07  -0.19  1.0 	   
0.03  0.04  0.04  0.05	0.05  0.06  0.06  0.06	0.07  0.07  0.07  0.08	0.08  0.07  0.06  0.05	0.04  0.01   0.12  0.17  -0.18  -0.17  -0.15  -0.23  -0.31   0.05   -0.09  -0.11  -0.14  -0.19  -0.18  -0.24  0.48  1.0