3.949298000000000392e-03 6.490420000000000078e-01 6.106562000000000268e+00 7.963182667852932717e-01 8.237890065061365119e-02 2.157609342089839288e-01
5.404644999999999588e-03 5.890841999999999468e-01 6.286698000000000341e+00 7.481097347227320116e-01 4.468459725316474562e-02 7.601621333802673075e-02
5.488403000000000205e-03 7.509160999999999753e-01 1.443041000000000018e+01 1.019488127534993627e+00 7.553792192337918654e-02 1.185689474292256351e-01
7.400587000000000137e-03 5.311036999999999564e-01 6.451869000000000298e+00 4.919952283808823323e-01 2.544060078803917976e-02 6.452334018324262788e-02
7.490512999999999859e-03 7.068615000000000315e-01 1.585516999999999932e+01 6.787232585092561887e-01 3.515748844677614449e-02 1.190652300425403265e-01
1.011160000000000010e-02 4.667808999999999986e-01 6.559731000000000201e+00 3.210354104033271150e-01 1.498973243033602763e-02 6.424518323715762425e-02
1.022069999999999923e-02 6.709692999999999907e-01 1.771225000000000094e+01 5.067285834512406106e-01 1.729916281587749391e-02 1.051319921728663814e-01
1.385680000000000071e-02 4.015649000000000024e-01 6.657112999999999836e+00 2.513557127146845427e-01 9.036023612225550436e-03 5.943833819613558028e-02
1.398963999999999937e-02 6.310780000000000278e-01 2.030512999999999835e+01 3.752085352788145922e-01 8.913740592957594341e-03 8.253856032794053277e-02
1.897748000000000143e-02 3.444049000000000138e-01 6.771187000000000289e+00 1.210429843033442587e-01 5.551451213392998366e-03 4.589410486016801127e-02
1.914940000000000045e-02 5.916751000000000094e-01 2.346452000000000027e+01 7.579109072173084716e-02 4.721030879752793376e-03 6.223620497989724304e-02
2.605222000000000093e-02 2.806484000000000201e-01 6.823914000000000257e+00 4.242119278451555314e-02 3.445287210595668944e-03 3.506244511621532667e-02
2.627459000000000044e-02 5.504782999999999760e-01 2.716075000000000017e+01 1.634523002039569295e-01 2.727436272418244396e-03 4.715700642045697610e-02
3.579895999999999773e-02 2.294589999999999963e-01 6.886318000000000161e+00 7.641333967517627279e-02 2.146650617654430587e-03 2.403728156454611881e-02
3.604559999999999709e-02 5.008605999999999892e-01 3.100741999999999976e+01 1.243288100220654030e-01 1.501324947073891160e-03 3.071566403964393413e-02
3.690957000000000265e-02 7.782014999999999905e-01 1.281179999999999950e+02 8.854892120489415985e-02 5.630047190928548148e-03 3.006447338031567607e-02
4.900227000000000055e-02 1.807699999999999863e-01 6.918930999999999720e+00 2.181152950342861441e-02 1.345517412179281442e-03 1.585996531215769223e-02
4.932559000000000249e-02 4.465272000000000130e-01 3.459338000000000335e+01 5.995450412708375199e-02 8.465390281395068859e-04 1.917401191760867776e-02
5.023547999999999902e-02 7.185804999999999554e-01 1.372881999999999891e+02 5.953700259669979233e-02 2.208535666296371127e-03 1.716765382451791028e-02
6.698044000000000220e-02 1.421505999999999881e-01 6.944924999999999571e+00 2.652770678925192235e-02 8.356567282819028254e-04 1.029280628127836328e-02
6.735267999999999811e-02 3.867973000000000106e-01 3.788123999999999825e+01 2.595465412452145279e-02 4.842257957545386717e-04 1.162759944622663265e-02
6.846132000000000606e-02 6.544624999999999471e-01 1.492521000000000129e+02 1.047391789870342170e-02 9.515728978290939784e-04 9.662622357990906935e-03
9.167559999999999598e-02 1.078577000000000008e-01 7.006605000000000416e+00 1.034987923383366877e-02 5.204646006277619322e-04 6.686683056787360094e-03
9.207110000000000294e-02 3.246921999999999864e-01 4.044924999999999926e+01 1.540787450378635140e-02 2.783936228400692766e-04 6.883539122217097704e-03
9.318434000000000439e-02 5.938814999999999511e-01 1.645737000000000023e+02 2.000791420430807904e-02 4.308289236037881383e-04 5.530815135184127471e-03
1.258741999999999917e-01 8.143901000000000612e-02 7.018531000000000297e+00 1.369606128963101951e-02 3.303772452385088333e-04 4.378429023052198693e-03
1.262546999999999975e-01 2.626665999999999723e-01 4.227439999999999998e+01 3.063799163537303354e-03 1.611155077748575393e-04 4.120219204953958804e-03
1.273822000000000010e-01 5.292270999999999503e-01 1.828677999999999884e+02 8.649667039018368170e-03 2.045258431291043996e-04 2.990243203932856780e-03
1.740765999999999980e-01 6.015832000000000124e-02 7.041070999999999636e+00 5.210078081481330295e-04 2.066174689274043977e-04 2.745182971988282487e-03
1.738551999999999875e-01 2.064892000000000116e-01 4.367864999999999753e+01 6.680448350089054389e-03 9.378198283351258876e-05 2.349790852770248985e-03
1.750050999999999968e-01 4.578972000000000042e-01 2.034693000000000040e+02 4.202523995070590705e-03 9.902714234120421144e-05 1.545331409283624618e-03
2.403172000000000086e-01 4.452061999999999686e-02 6.930905000000000094e+00 4.381877373797013475e-03 1.217563518656983936e-04 1.476949470334326360e-03
2.390413000000000121e-01 1.576470000000000093e-01 4.404666999999999888e+01 2.816570811807246003e-03 5.402483448382716208e-05 1.226577060471074291e-03
2.399562000000000084e-01 3.898342000000000196e-01 2.280620999999999867e+02 1.584107774605423387e-03 4.855535531622977237e-05 6.544918745841896753e-04
3.296615999999999991e-01 3.150421999999999945e-02 6.761369000000000185e+00 2.399176866473400234e-03 7.418716268154420656e-05 8.185110893015550395e-04
3.274809000000000192e-01 1.175632999999999956e-01 4.347773000000000110e+01 7.831900032831748534e-04 3.025857465226516221e-05 5.338274355416061006e-04
3.283709000000000211e-01 3.216936000000000240e-01 2.449518999999999949e+02 1.087654226993732586e-03 2.396575900332781762e-05 1.828197082663777834e-04
4.483058999999999794e-01 2.414333000000000104e-02 6.782308999999999699e+00 5.937591442690908329e-04 4.981308631705509211e-05 4.211376051331251714e-04
4.484544999999999781e-01 8.735392000000000157e-02 4.261073999999999984e+01 4.894651077371689214e-04 1.759620253788507274e-05 2.163385605981547042e-04
4.478634000000000226e-01 2.619962000000000124e-01 2.621408999999999878e+02 3.674018859171449295e-04 1.261560080768146006e-05 4.243536514838505577e-05
6.025274999999999936e-01 6.658835000000000448e-02 4.227004999999999768e+01 2.940560439191229549e-04 9.913229061401787197e-06 6.829550496669284571e-05
