3.949298000000000392e-03 6.490420000000000078e-01 6.106562000000000268e+00 1.500533313574277994e+00 8.237890065061365119e-02 1.699009144289999884e-01
5.404644999999999588e-03 5.890841999999999468e-01 6.286698000000000341e+00 6.288378545074769788e-01 4.468459725316474562e-02 3.358932684159999377e-02
5.488403000000000205e-03 7.509160999999999753e-01 1.443041000000000018e+01 7.137223196650946955e-01 7.553792192337918654e-02 9.743286553000000960e-02
7.400587000000000137e-03 5.311036999999999564e-01 6.451869000000000298e+00 5.226723534607524702e-01 2.544060078803917976e-02 4.490466795359999985e-02
7.490512999999999859e-03 7.068615000000000315e-01 1.585516999999999932e+01 6.575612842977697214e-01 3.515748844677614449e-02 1.076305400082000069e-01
1.011160000000000010e-02 4.667808999999999986e-01 6.559731000000000201e+00 3.442202995332902526e-01 1.498973243033602763e-02 5.992644721580001055e-02
1.022069999999999923e-02 6.709692999999999907e-01 1.771225000000000094e+01 6.353057119092602179e-01 1.729916281587749391e-02 1.024637190795000125e-01
1.385680000000000071e-02 4.015649000000000024e-01 6.657112999999999836e+00 3.558685385509344767e-01 9.036023612225550436e-03 5.851414538099999896e-02
1.398963999999999937e-02 6.310780000000000278e-01 2.030512999999999835e+01 1.924119708392008077e-01 8.913740592957594341e-03 8.124009452560002065e-02
1.897748000000000143e-02 3.444049000000000138e-01 6.771187000000000289e+00 1.063927358888980823e-01 5.551451213392998366e-03 4.552903713637999200e-02
1.914940000000000045e-02 5.916751000000000094e-01 2.346452000000000027e+01 1.358506672613017663e-01 4.721030879752793376e-03 6.192245333849999422e-02
2.605222000000000093e-02 2.806484000000000201e-01 6.823914000000000257e+00 1.104791448663598186e-01 3.445287210595668944e-03 3.461690742719999991e-02
2.627459000000000044e-02 5.504782999999999760e-01 2.716075000000000017e+01 1.434068999052598714e-01 2.727436272418244396e-03 4.695422405559999263e-02
3.579895999999999773e-02 2.294589999999999963e-01 6.886318000000000161e+00 6.286970593523295847e-02 2.146650617654430587e-03 2.354809247740000111e-02
3.604559999999999709e-02 5.008605999999999892e-01 3.100741999999999976e+01 1.063610849193686869e-01 1.501324947073891160e-03 3.054244870416000096e-02
3.690957000000000265e-02 7.782014999999999905e-01 1.281179999999999950e+02 7.880010246640542504e-02 5.630047190928548148e-03 2.894488190847999826e-02
4.900227000000000055e-02 1.807699999999999863e-01 6.918930999999999720e+00 2.825981766322583841e-02 1.345517412179281442e-03 1.547382611210000071e-02
4.932559000000000249e-02 4.465272000000000130e-01 3.459338000000000335e+01 8.717517264196072979e-02 8.465390281395068859e-04 1.904030897147999946e-02
5.023547999999999902e-02 7.185804999999999554e-01 1.372881999999999891e+02 5.374856756301492344e-02 2.208535666296371127e-03 1.707215183375999923e-02
6.698044000000000220e-02 1.421505999999999881e-01 6.944924999999999571e+00 3.117054778397601589e-02 8.356567282819028254e-04 9.975702172287999325e-03
6.735267999999999811e-02 3.867973000000000106e-01 3.788123999999999825e+01 3.013955815456716841e-02 4.842257957545386717e-04 1.152381340557999921e-02
6.846132000000000606e-02 6.544624999999999471e-01 1.492521000000000129e+02 5.660285364064040342e-03 9.515728978290939784e-04 9.622413516799998429e-03
9.167559999999999598e-02 1.078577000000000008e-01 7.006605000000000416e+00 6.231556580346313615e-03 5.204646006277619322e-04 6.426577157877000693e-03
9.207110000000000294e-02 3.246921999999999864e-01 4.044924999999999926e+01 1.009022193808525869e-02 2.783936228400692766e-04 6.802831792862001382e-03
9.318434000000000439e-02 5.938814999999999511e-01 1.645737000000000023e+02 2.403530787986572770e-02 4.308289236037881383e-04 5.460492851660000285e-03
1.258741999999999917e-01 8.143901000000000612e-02 7.018531000000000297e+00 8.889887862217667885e-03 3.303772452385088333e-04 4.144067251870000093e-03
1.262546999999999975e-01 2.626665999999999723e-01 4.227439999999999998e+01 6.505484815054766480e-03 1.611155077748575393e-04 4.025887149254000347e-03
1.273822000000000010e-01 5.292270999999999503e-01 1.828677999999999884e+02 1.095292321087632144e-02 2.045258431291043996e-04 2.902238963819999632e-03
1.740765999999999980e-01 6.015832000000000124e-02 7.041070999999999636e+00 2.542170901800943662e-03 2.066174689274043977e-04 2.567162166558399888e-03
1.738551999999999875e-01 2.064892000000000116e-01 4.367864999999999753e+01 5.875352539870453382e-03 9.378198283351258876e-05 2.276976947139999676e-03
1.750050999999999968e-01 4.578972000000000042e-01 2.034693000000000040e+02 5.909197361379037519e-03 9.902714234120421144e-05 1.474437276107999845e-03
2.403172000000000086e-01 4.452061999999999686e-02 6.930905000000000094e+00 9.844086918960840305e-04 1.217563518656983936e-04 1.360004046935999735e-03
2.390413000000000121e-01 1.576470000000000093e-01 4.404666999999999888e+01 2.550311267971694731e-03 5.402483448382716208e-05 1.183297912249599900e-03
2.399562000000000084e-01 3.898342000000000196e-01 2.280620999999999867e+02 4.745995507947893630e-04 4.855535531622977237e-05 6.182508835214999780e-04
3.296615999999999991e-01 3.150421999999999945e-02 6.761369000000000185e+00 1.778580562148212620e-03 7.418716268154420656e-05 7.270290304519999927e-04
3.274809000000000192e-01 1.175632999999999956e-01 4.347773000000000110e+01 1.228485421062009558e-03 3.025857465226516221e-05 5.158337114171999364e-04
3.283709000000000211e-01 3.216936000000000240e-01 2.449518999999999949e+02 7.449601069523935793e-04 2.396575900332781762e-05 1.742991735463999810e-04
4.483058999999999794e-01 2.414333000000000104e-02 6.782308999999999699e+00 5.366532744711500179e-04 4.981308631705509211e-05 3.683147134750999752e-04
4.484544999999999781e-01 8.735392000000000157e-02 4.261073999999999984e+01 1.018026153960727414e-03 1.759620253788507274e-05 2.056826667532000151e-04
4.478634000000000226e-01 2.619962000000000124e-01 2.621408999999999878e+02 3.950862641522767172e-04 1.261560080768146006e-05 3.812724672218000178e-05
6.025274999999999936e-01 6.658835000000000448e-02 4.227004999999999768e+01 2.089689120549762164e-04 9.913229061401787197e-06 7.389851990817999920e-06
