5.388681000000000200e-03 4.880031000000000230e-01 6.470245000000000246e+00 8.050261986953103355e-01 5.992259607501228963e-02 4.988045801203999825e-03
7.385421999999999994e-03 4.355486000000000080e-01 6.588936999999999600e+00 4.988509737461723215e-01 3.403164740444258179e-02 2.923618774484999794e-03
7.448984999999999981e-03 6.467176999999999509e-01 1.819266000000000005e+01 6.411558828626403583e-01 4.375566185056874863e-02 2.653131618017999863e-02
1.009328999999999955e-02 3.801455000000000251e-01 6.696030999999999622e+00 3.077520993089872814e-01 2.002268889918997971e-02 5.345958926429999168e-03
1.019797000000000065e-02 6.122387000000000246e-01 2.074570999999999898e+01 4.384506610183149244e-01 2.178484604874635772e-02 8.417178705569999114e-03
1.384281000000000053e-02 3.205654000000000003e-01 6.775794999999999568e+00 2.109267124001374116e-01 1.199980247567325117e-02 1.193244814916000034e-02
1.396541999999999922e-02 5.817727999999999788e-01 2.428093000000000146e+01 2.938811583319783649e-01 1.188779980647525387e-02 6.040089794619999579e-04
1.895101999999999898e-02 2.701493999999999840e-01 6.879039999999999822e+00 1.437447198531342785e-01 7.352519167769144132e-03 1.267286581197999903e-02
1.913219000000000031e-02 5.448743999999999810e-01 2.790317999999999898e+01 1.944802479690100339e-01 6.199786159224248035e-03 5.711498555229999746e-03
2.581900000000000167e-02 2.307346000000000119e-01 7.369520999999999766e+00 8.305893020932535176e-02 5.044945557834938296e-03 9.253968112289999784e-03
2.625742000000000007e-02 5.074948999999999710e-01 3.162894000000000005e+01 1.235256928358323680e-01 3.265452983889857892e-03 7.735547071050000688e-03
3.522242999999999902e-02 2.050687999999999955e-01 8.296756999999999493e+00 6.882847622812185429e-02 4.060642425238827381e-03 5.210263109789999708e-03
3.603802999999999868e-02 4.648709999999999787e-01 3.529034000000000049e+01 6.989766222567067588e-02 1.753689571885254763e-03 6.139215867773999309e-03
3.671585000000000126e-02 7.418342999999999465e-01 1.381266999999999996e+02 6.647484200036117563e-02 5.614764419478336134e-03 4.664697981397999092e-03
4.933011000000000340e-02 4.203361999999999932e-01 3.866449999999999676e+01 4.314221245156561746e-02 9.489907789789384616e-04 4.472704884849999785e-03
5.006019999999999914e-02 6.965346999999999511e-01 1.514882000000000062e+02 4.293296712492949280e-02 2.195482531965874465e-03 3.170985705776000439e-03
6.726608000000000587e-02 3.834485000000000254e-01 4.364878000000000213e+01 2.726563928946204238e-02 5.315983986144968672e-04 2.802978964500000073e-03
6.830914999999999904e-02 6.548958999999999753e-01 1.683370999999999924e+02 2.466708559557981989e-02 9.024561446591848526e-04 1.788081013574999807e-03
9.198602000000000167e-02 3.476394999999999902e-01 4.951281000000000176e+01 1.457131962555639759e-02 2.962733080006766133e-04 1.613609608899999872e-03
9.315492999999999690e-02 6.156920000000000170e-01 1.893702999999999861e+02 1.132409770447272319e-02 3.785616250157806907e-04 1.098518534568000042e-03
1.260865999999999931e-01 3.093019000000000185e-01 5.545720000000000027e+01 5.392353129576255011e-03 1.636395066994761154e-04 8.582988194559999784e-04
1.275857999999999992e-01 5.785624000000000322e-01 2.143478000000000065e+02 5.835828476650112111e-03 1.585971466804734988e-04 5.493822475300000297e-04
1.733043999999999973e-01 2.699740999999999946e-01 6.189894000000000318e+01 2.669410451153486196e-03 9.061359387916515917e-05 3.294036874310000127e-04
1.752640000000000031e-01 5.302713000000000010e-01 2.414622999999999990e+02 2.241905729183107758e-03 6.590215870134272377e-05 1.773674259085000076e-04
2.370634000000000075e-01 2.309718000000000049e-01 6.937739000000000544e+01 1.180440092356304727e-03 5.287776350088254799e-05 5.207630362199999958e-05
2.402469999999999883e-01 4.731867000000000156e-01 2.707090000000000032e+02 9.011367918249840259e-04 2.824462190166367350e-05 9.735064214399999632e-06
3.217708000000000235e-01 1.936207000000000067e-01 7.868707999999999458e+01 5.277009776164492526e-04 3.606951078441930771e-05 4.158431372295000983e-06
3.282935000000000159e-01 4.031508999999999787e-01 2.931913999999999874e+02 3.160767085076185553e-04 1.331089605176004105e-05 1.885398052629000133e-05
4.483969999999999900e-01 3.394422000000000272e-01 3.116639999999999873e+02 1.750614125749940626e-04 7.265450285100942730e-06 1.030713129774000048e-05
5.995795999999999903e-01 2.918713000000000002e-01 3.390568999999999846e+02 4.751994965573452654e-05 3.465051559829231503e-06 1.465807502262000072e-05
