7.385421999999999994e-03 4.355486000000000080e-01 6.588936999999999600e+00 2.340871524665765202e-01 2.407085466119992731e-02 2.096050811439999911e-02
7.448984999999999981e-03 6.467176999999999509e-01 1.819266000000000005e+01 2.693949064389554171e-01 3.099911866744875857e-02 1.754632266659999964e-03
1.009328999999999955e-02 3.801455000000000251e-01 6.696030999999999622e+00 1.593017831379263116e-01 1.413833662569355387e-02 1.224558823474000170e-02
1.019797000000000065e-02 6.122387000000000246e-01 2.074570999999999898e+01 2.115362877025052657e-01 1.536234783843442968e-02 3.204526853250000244e-03
1.384281000000000053e-02 3.205654000000000003e-01 6.775794999999999568e+00 1.118914302634811536e-01 8.485168846181849814e-03 7.100473874669999998e-03
1.396541999999999922e-02 5.817727999999999788e-01 2.428093000000000146e+01 1.455923015606185034e-01 8.450484406046373034e-03 3.700042521139999818e-03
1.895101999999999898e-02 2.701493999999999840e-01 6.879039999999999822e+00 6.651252363409733415e-02 5.191639354918526489e-03 5.080193594382000424e-03
1.913219000000000031e-02 5.448743999999999810e-01 2.790317999999999898e+01 9.141130998269818286e-02 4.367682301782790932e-03 3.780686113211999787e-03
2.581900000000000167e-02 2.307346000000000119e-01 7.369520999999999766e+00 4.174084304856719163e-02 3.572480681080831329e-03 6.303601303770000296e-03
2.625742000000000007e-02 5.074948999999999710e-01 3.162894000000000005e+01 6.370223040433710404e-02 2.300338628800865405e-03 2.985216035525999848e-03
3.522242999999999902e-02 2.050687999999999955e-01 8.296756999999999493e+00 3.053409613951862250e-02 2.870778151137211298e-03 5.843177748320000330e-03
3.603802999999999868e-02 4.648709999999999787e-01 3.529034000000000049e+01 3.961132950778750716e-02 1.237115583514759734e-03 1.804250878106999955e-03
4.933011000000000340e-02 4.203361999999999932e-01 3.866449999999999676e+01 2.115148054948639070e-02 6.697137598357976373e-04 1.238874275940000068e-03
5.006019999999999914e-02 6.965346999999999511e-01 1.514882000000000062e+02 2.011642118646514779e-02 1.551729074746528367e-03 4.327235080000000136e-04
6.726608000000000587e-02 3.834485000000000254e-01 4.364878000000000213e+01 1.193399666926761929e-02 3.769184831384042415e-04 7.737814481430000009e-04
6.830914999999999904e-02 6.548958999999999753e-01 1.683370999999999924e+02 1.042985678104307000e-02 6.337386699654638670e-04 6.419246403540000115e-05
9.198602000000000167e-02 3.476394999999999902e-01 4.951281000000000176e+01 6.302777755116544672e-03 2.101358119873287676e-04 4.187197353371999988e-04
9.315492999999999690e-02 6.156920000000000170e-01 1.893702999999999861e+02 6.373714423884830824e-03 2.662343859275954493e-04 1.785836721980000154e-04
1.260865999999999931e-01 3.093019000000000185e-01 5.545720000000000027e+01 3.071555919541937071e-03 1.157972467354361759e-04 2.152704542343000121e-04
1.275857999999999992e-01 5.785624000000000322e-01 2.143478000000000065e+02 2.793799713806757214e-03 1.114637242539956029e-04 1.354565287316000051e-04
1.733043999999999973e-01 2.699740999999999946e-01 6.189894000000000318e+01 1.346093466088994252e-03 6.409356961615835684e-05 8.259108447479999429e-05
1.752640000000000031e-01 5.302713000000000010e-01 2.414622999999999990e+02 1.042685017063892843e-03 4.665169602495069883e-05 6.928647944400000440e-05
2.370634000000000075e-01 2.309718000000000049e-01 6.937739000000000544e+01 6.065617579893064484e-04 3.753148791444860699e-05 2.077763043299999797e-05
2.402469999999999883e-01 4.731867000000000156e-01 2.707090000000000032e+02 4.374189326454988266e-04 2.002411777003388146e-05 1.339358850720000046e-05
3.217708000000000235e-01 1.936207000000000067e-01 7.868707999999999458e+01 2.958352254198578449e-04 2.550752208476225109e-05 2.002615916223999883e-05
3.282935000000000159e-01 4.031508999999999787e-01 2.931913999999999874e+02 1.859772869455058881e-04 9.427100312126358882e-06 1.052261729529000080e-06
4.483969999999999900e-01 3.394422000000000272e-01 3.116639999999999873e+02 8.022248873034309340e-05 5.175879508360702692e-06 7.010142219952000619e-06
5.995795999999999903e-01 2.918713000000000002e-01 3.390568999999999846e+02 3.002959964357239278e-05 2.446264981635204095e-06 1.008644690817999997e-07
