   36.00000000    0.00200000 2571.42846680    9.44069576    0.01297323    0.01266103    0.01812750
   36.00000000    0.00600000  857.14288330    9.36523247    0.01304835    0.00824402    0.01543448
   36.00000000    0.01000000  514.28570557    9.17090893    0.01277924    0.00768557    0.01491231
   36.00000000    0.01400000  367.34692383    8.94486237    0.01269380    0.00733013    0.01465822
   36.00000000    0.01800000  285.71432495    8.63964272    0.01254945    0.00712743    0.01443222
   36.00000000    0.02200000  233.76623535    8.26440907    0.01235618    0.00677223    0.01409036
   36.00000000    0.02650000  194.07008362    7.86301947    0.01074156    0.00659795    0.01260611
   36.00000000    0.03150000  163.26530457    7.40750647    0.01015442    0.00623671    0.01191674
   36.00000000    0.03650000  140.90020752    6.90767193    0.00979551    0.00581882    0.01139345
   36.00000000    0.04200000  122.44898224    6.42901230    0.00869318    0.00541594    0.01024226
   36.00000000    0.04800000  107.14286041    5.88845110    0.00838220    0.00497717    0.00974851
   36.00000000    0.05400000   95.23809052    5.42184687    0.00771054    0.00453846    0.00894706
   36.00000000    0.06050000   85.00590515    4.96379852    0.00703373    0.00460661    0.00840799
   36.00000000    0.06800000   75.63024902    4.49622869    0.00625732    0.00412638    0.00749540
   36.00000000    0.07650000   67.22689056    4.01123428    0.00549894    0.00371838    0.00663812
   36.00000000    0.08600000   59.80066299    3.56388116    0.00494162    0.00328095    0.00593163
   36.00000000    0.09650000   53.29385376    3.13750792    0.00445632    0.00293090    0.00533375
   36.00000000    0.10800000   47.61904526    2.75307250    0.00395722    0.00257889    0.00472337
   36.00000000    0.12100000   42.50295258    2.37856579    0.00340803    0.00220035    0.00405662
   36.00000000    0.13650000   37.67660904    2.02594185    0.00287694    0.00191248    0.00345462
   36.00000000    0.15500000   33.17972183    1.69070208    0.00239401    0.00164598    0.00290526
   36.00000000    0.17700000   29.05569077    1.38880968    0.00196609    0.00138568    0.00240533
   36.00000000    0.20400000   25.21008492    1.10952473    0.00159352    0.00117587    0.00198040
   36.00000000    0.23850000   21.56334305    0.84951943    0.00121853    0.00093611    0.00153659
   36.00000000    0.28500000   18.04511261    0.61599511    0.00088872    0.00105232    0.00137739
   36.00000000    0.35150000   14.63117218    0.41126636    0.00059860    0.00073549    0.00094829
   36.00000000    0.45750001   11.24121761    0.23872757    0.00035665    0.00044756    0.00057228
   36.00000000    0.60949999    8.43782997    0.12365095    0.00023135    0.00025636    0.00034531
   36.00000000    0.80650002    6.37676001    0.06195229    0.00014183    0.00013865    0.00019834
   36.00000000    1.03550005    4.96654463    0.03195413    0.00009786    0.00007521    0.00012342
   36.00000000    1.32449996    3.88286710    0.01646899    0.00005775    0.00004550    0.00007352
   36.00000000    1.72150004    2.98742795    0.00791001    0.00003412    0.00002339    0.00004137
   36.00000000    2.23449993    2.30156970    0.00388911    0.00002176    0.00001235    0.00002502
   36.00000000    2.89949989    1.77370489    0.00195056    0.00001332    0.00000629    0.00001473
   36.00000000    4.13850021    1.24268615    0.00085867    0.00000593    0.00000292    0.00000661
   36.00000000    7.50000000    0.68571430    0.00024961    0.00000186    0.00000090    0.00000207
