*  Total number of systematic sources *
   99
   36     AVE 99 99    1     0.000 O 1 2 3 4 5 6 7 8 9101112131415161718192021222324252627282930313233343536373839404142434445464748495051525354555657585960616263646566676869707172737475767778798081828384858687888990919293949596979899
 0.2000000E-02 0.2571428E+04 0.3600000E+02 0.9417656E+01 0.3698464E-01 0.1123409E-01 0.4101929E-01
 -0.0000 -0.0000  0.0000  0.0000 -0.0000 -0.0000 -0.0000  0.0000  0.0000 -0.0000  0.0000  0.0000 -0.0000 -0.0000 -0.0000  0.0000  0.0000  0.0000  0.0000 -0.0000 -0.0000 -0.0000 -0.0000 -0.0000 -0.0000 -0.0000 -0.0000 -0.0000 -0.0000 -0.0000 -0.0000 -0.0000 -0.0000 -0.0000 -0.0000 -0.0000 -0.0000 -0.0000 -0.0000 -0.0000 -0.0000 -0.0000 -0.0000 -0.0000 -0.0000 -0.0000 -0.0000 -0.0000 -0.0000 -0.0000 -0.0000 -0.0000 -0.0000 -0.0000 -0.0000 -0.0000  0.0000 -0.0000  0.0000  0.0000 -0.0000 -0.0000  0.0000 -0.0000 -0.0000  0.0000 -0.0000  0.0000 -0.0000 -0.0004 -0.0014 -0.0004 -0.0025 -0.0048  0.0065 -0.0006  0.0036  0.0099 -0.0083  0.0199  0.0480 -0.0160 -0.0056  0.0192 -0.0098  0.0062  0.0145 -0.0379  0.0032 -0.0158  0.0466  0.0192  0.0172  0.0062 -0.0170 -0.0186 -0.0416 -0.0984  0.0261
 0.6000000E-02 0.8571429E+03 0.3600000E+02 0.9344647E+01 0.3610557E-01 0.9058081E-02 0.3900446E-01
 -0.0000 -0.0000 -0.0000 -0.0000 -0.0000 -0.0000 -0.0000  0.0000  0.0000  0.0000  0.0000  0.0000 -0.0000  0.0000 -0.0000  0.0000  0.0000  0.0000  0.0000 -0.0000 -0.0000 -0.0000 -0.0000 -0.0000 -0.0000 -0.0000 -0.0000 -0.0000 -0.0000 -0.0000 -0.0000 -0.0000 -0.0000 -0.0000 -0.0000 -0.0000 -0.0000 -0.0000 -0.0000 -0.0000 -0.0000 -0.0000 -0.0000 -0.0000 -0.0000 -0.0000 -0.0000 -0.0000 -0.0000 -0.0000 -0.0000 -0.0000 -0.0000 -0.0000 -0.0000 -0.0000  0.0000 -0.0000  0.0000  0.0000 -0.0000 -0.0000  0.0000 -0.0000 -0.0000 -0.0000 -0.0000  0.0000  0.0000 -0.0006 -0.0024 -0.0007 -0.0010 -0.0030  0.0036 -0.0022  0.0013  0.0058 -0.0024  0.0072  0.0153 -0.0007 -0.0041  0.0070 -0.0050 -0.0001  0.0051 -0.0199 -0.0073 -0.0261  0.0456  0.0123  0.0172  0.0127 -0.0020  0.0192 -0.0031 -0.1003  0.0283
 0.1000000E-01 0.5142857E+03 0.3600000E+02 0.9152510E+01 0.3556407E-01 0.9248381E-02 0.3849160E-01
 -0.0000 -0.0000 -0.0000 -0.0000 -0.0000 -0.0000 -0.0000  0.0000  0.0000  0.0000  0.0000  0.0000 -0.0000  0.0000 -0.0000  0.0000  0.0000  0.0000  0.0000 -0.0000 -0.0000 -0.0000 -0.0000 -0.0000 -0.0000 -0.0000 -0.0000 -0.0000 -0.0000 -0.0000 -0.0000 -0.0000 -0.0000 -0.0000 -0.0000 -0.0000 -0.0000 -0.0000 -0.0000 -0.0000 -0.0000 -0.0000 -0.0000 -0.0000 -0.0000 -0.0000 -0.0000 -0.0000 -0.0000 -0.0000 -0.0000 -0.0000 -0.0000 -0.0000 -0.0000 -0.0000  0.0000 -0.0000  0.0000  0.0000 -0.0000 -0.0000  0.0000 -0.0000 -0.0000 -0.0000 -0.0000  0.0000  0.0000 -0.0001 -0.0023 -0.0006 -0.0005 -0.0024  0.0036 -0.0024 -0.0001  0.0045 -0.0025  0.0036  0.0065  0.0018 -0.0041  0.0036 -0.0066 -0.0177  0.0004 -0.0234  0.0072 -0.0255  0.0325 -0.0002  0.0173  0.0009  0.0273 -0.0330  0.0030 -0.0992  0.0295
 0.1400000E-01 0.3673469E+03 0.3600000E+02 0.8928132E+01 0.3536443E-01 0.8759715E-02 0.3801308E-01
 -0.0000 -0.0000 -0.0000 -0.0000 -0.0000 -0.0000 -0.0000  0.0000  0.0000  0.0000  0.0000  0.0000 -0.0000  0.0000 -0.0000  0.0000  0.0000  0.0000  0.0000 -0.0000 -0.0000 -0.0000 -0.0000 -0.0000 -0.0000 -0.0000 -0.0000 -0.0000 -0.0000 -0.0000 -0.0000 -0.0000 -0.0000 -0.0000 -0.0000 -0.0000 -0.0000 -0.0000 -0.0000 -0.0000 -0.0000 -0.0000 -0.0000 -0.0000 -0.0000 -0.0000 -0.0000 -0.0000 -0.0000 -0.0000 -0.0000 -0.0000 -0.0000 -0.0000 -0.0000 -0.0000  0.0000 -0.0000  0.0000  0.0000 -0.0000 -0.0000  0.0000 -0.0000 -0.0000 -0.0000 -0.0000  0.0000  0.0000 -0.0007 -0.0027 -0.0009 -0.0002 -0.0017  0.0029 -0.0031 -0.0001  0.0034 -0.0010  0.0037  0.0005  0.0041 -0.0064  0.0007 -0.0029 -0.0093  0.0132 -0.0125  0.0188 -0.0238  0.0332  0.0215  0.0225  0.0151 -0.0064  0.0071 -0.0066 -0.1004  0.0281
 0.1800000E-01 0.2857143E+03 0.3600000E+02 0.8587515E+01 0.3557440E-01 0.8443834E-02 0.3797784E-01
 -0.0000 -0.0000 -0.0000 -0.0000 -0.0000 -0.0000 -0.0000  0.0000  0.0000  0.0000  0.0000  0.0000 -0.0000  0.0000 -0.0000  0.0000  0.0000  0.0000  0.0000 -0.0000 -0.0000 -0.0000 -0.0000 -0.0000 -0.0000 -0.0000 -0.0000 -0.0000 -0.0000 -0.0000 -0.0000 -0.0000 -0.0000 -0.0000 -0.0000 -0.0000 -0.0000 -0.0000 -0.0000 -0.0000 -0.0000 -0.0000 -0.0000 -0.0000 -0.0000 -0.0000 -0.0000 -0.0000 -0.0000 -0.0000 -0.0000 -0.0000 -0.0000 -0.0000 -0.0000 -0.0000  0.0000 -0.0000  0.0000  0.0000 -0.0000 -0.0000  0.0000 -0.0000 -0.0000 -0.0000 -0.0000  0.0000  0.0000 -0.0011 -0.0027 -0.0011  0.0002 -0.0012  0.0022 -0.0033 -0.0009  0.0029  0.0012  0.0010 -0.0042  0.0054 -0.0061  0.0016 -0.0047  0.0063  0.0209 -0.0080  0.0006 -0.0150  0.0417  0.0095  0.0193 -0.0034 -0.0063  0.0053  0.0006 -0.1010  0.0301
 0.2200000E-01 0.2337662E+03 0.3600000E+02 0.8210662E+01 0.3416876E-01 0.8759761E-02 0.3678297E-01
 -0.0000 -0.0000 -0.0000 -0.0000 -0.0000 -0.0000 -0.0000  0.0000  0.0000  0.0000  0.0000  0.0000 -0.0000  0.0000 -0.0000  0.0000  0.0000  0.0000  0.0000 -0.0000 -0.0000 -0.0000 -0.0000 -0.0000 -0.0000 -0.0000 -0.0000 -0.0000 -0.0000 -0.0000 -0.0000 -0.0000 -0.0000 -0.0000 -0.0000 -0.0000 -0.0000 -0.0000 -0.0000 -0.0000 -0.0000 -0.0000 -0.0000 -0.0000 -0.0000 -0.0000 -0.0000 -0.0000 -0.0000 -0.0000 -0.0000 -0.0000 -0.0000 -0.0000 -0.0000 -0.0000 -0.0000 -0.0000  0.0000  0.0000 -0.0000 -0.0000  0.0000 -0.0000 -0.0000 -0.0000 -0.0000  0.0000 -0.0000 -0.0014 -0.0022 -0.0005  0.0000 -0.0008  0.0019 -0.0030 -0.0011  0.0030  0.0003  0.0027 -0.0021  0.0060 -0.0064  0.0009 -0.0057  0.0009  0.0033 -0.0161  0.0381 -0.0223  0.0392  0.0273  0.0270  0.0189  0.0087  0.0019 -0.0015 -0.0979  0.0270
 0.2650000E-01 0.1940701E+03 0.3600000E+02 0.7803573E+01 0.2909656E-01 0.7279622E-02 0.3371471E-01
 -0.0000 -0.0000 -0.0000 -0.0000 -0.0000 -0.0000 -0.0000  0.0000  0.0000  0.0000  0.0000  0.0000 -0.0000  0.0000 -0.0000  0.0000  0.0000  0.0000  0.0000 -0.0000 -0.0000 -0.0000 -0.0000 -0.0000 -0.0000 -0.0000 -0.0000 -0.0000 -0.0000 -0.0000 -0.0000 -0.0000 -0.0000 -0.0000 -0.0000 -0.0000 -0.0000 -0.0000 -0.0000 -0.0000 -0.0000 -0.0000 -0.0000 -0.0000 -0.0000 -0.0000 -0.0000 -0.0000 -0.0000 -0.0000 -0.0000 -0.0000 -0.0000 -0.0000 -0.0000 -0.0000  0.0000 -0.0000  0.0000  0.0000 -0.0000 -0.0000  0.0000 -0.0000 -0.0000 -0.0000 -0.0000  0.0000  0.0000 -0.0008 -0.0027 -0.0010  0.0007 -0.0023  0.0036 -0.0044 -0.0004  0.0047  0.0001 -0.0029 -0.0039  0.0098 -0.0035  0.0034 -0.0093 -0.0085  0.0055 -0.0212 -0.0091 -0.0305  0.0527 -0.0023  0.0156 -0.0181  0.0131 -0.0266  0.0025 -0.1802  0.0189
 0.3150000E-01 0.1632653E+03 0.3600000E+02 0.7415587E+01 0.2932668E-01 0.8123102E-02 0.3380865E-01
 -0.0000 -0.0000 -0.0000 -0.0000 -0.0000 -0.0000 -0.0000  0.0000  0.0000  0.0000  0.0000  0.0000 -0.0000  0.0000 -0.0000  0.0000 -0.0000  0.0000  0.0000 -0.0000 -0.0000 -0.0000 -0.0000 -0.0000 -0.0000 -0.0000 -0.0000 -0.0000 -0.0000 -0.0000 -0.0000 -0.0000 -0.0000 -0.0000 -0.0000 -0.0000 -0.0000 -0.0000 -0.0000 -0.0000 -0.0000 -0.0000 -0.0000 -0.0000 -0.0000 -0.0000 -0.0000 -0.0000 -0.0000 -0.0000 -0.0000 -0.0000 -0.0000 -0.0000 -0.0000 -0.0000  0.0000 -0.0000  0.0000  0.0000 -0.0000 -0.0000  0.0000 -0.0000 -0.0000 -0.0000 -0.0000 -0.0000  0.0000 -0.0014 -0.0024 -0.0016  0.0012 -0.0015  0.0022 -0.0045 -0.0005  0.0042  0.0010  0.0020 -0.0068  0.0081 -0.0023  0.0019 -0.0100 -0.0002  0.0111 -0.0150 -0.0045 -0.0348  0.0518  0.0279  0.0321  0.0236 -0.0073  0.0243  0.0064 -0.1777  0.0168
 0.3650000E-01 0.1409002E+03 0.3600000E+02 0.6813362E+01 0.2784027E-01 0.7042803E-02 0.3184874E-01
 -0.0000 -0.0000 -0.0000 -0.0000 -0.0000 -0.0000 -0.0000  0.0000  0.0000  0.0000  0.0000  0.0000 -0.0000  0.0000 -0.0000  0.0000  0.0000  0.0000  0.0000 -0.0000 -0.0000 -0.0000 -0.0000 -0.0000 -0.0000 -0.0000 -0.0000 -0.0000 -0.0000 -0.0000 -0.0000 -0.0000 -0.0000 -0.0000 -0.0000 -0.0000 -0.0000 -0.0000 -0.0000 -0.0000 -0.0000 -0.0000 -0.0000 -0.0000 -0.0000 -0.0000 -0.0000 -0.0000 -0.0000 -0.0000 -0.0000 -0.0000 -0.0000 -0.0000 -0.0000 -0.0000  0.0000 -0.0000  0.0000  0.0000 -0.0000 -0.0000  0.0000 -0.0000 -0.0000 -0.0000 -0.0000  0.0000  0.0000  0.0000 -0.0019 -0.0007  0.0005 -0.0022  0.0040 -0.0039  0.0001  0.0046 -0.0021 -0.0036 -0.0051  0.0124 -0.0019 -0.0002 -0.0034 -0.0264  0.0004 -0.0170 -0.0062 -0.0447  0.0405 -0.0084  0.0054 -0.0248  0.0341 -0.0362  0.0104 -0.1798  0.0175
 0.4200000E-01 0.1224490E+03 0.3600000E+02 0.6383317E+01 0.2412805E-01 0.5571924E-02 0.2769836E-01
 -0.0000 -0.0000 -0.0000 -0.0000 -0.0000 -0.0000 -0.0000  0.0000  0.0000  0.0000  0.0000  0.0000 -0.0000  0.0000 -0.0000  0.0000 -0.0000  0.0000  0.0000 -0.0000 -0.0000 -0.0000 -0.0000 -0.0000 -0.0000 -0.0000 -0.0000 -0.0000 -0.0000 -0.0000 -0.0000 -0.0000 -0.0000 -0.0000 -0.0000 -0.0000 -0.0000 -0.0000 -0.0000 -0.0000 -0.0000 -0.0000 -0.0000 -0.0000 -0.0000 -0.0000 -0.0000 -0.0000 -0.0000 -0.0000 -0.0000 -0.0000 -0.0000 -0.0000 -0.0000 -0.0000 -0.0000 -0.0000  0.0000  0.0000 -0.0000 -0.0000 -0.0000 -0.0000 -0.0000 -0.0000 -0.0000 -0.0000 -0.0000 -0.0015 -0.0016 -0.0010  0.0015 -0.0009  0.0024 -0.0044 -0.0006  0.0025  0.0009 -0.0004 -0.0084  0.0121 -0.0058  0.0018 -0.0089  0.0016  0.0219 -0.0097  0.0093 -0.0209  0.0477  0.0063  0.0342  0.0040 -0.0130 -0.0058  0.0048 -0.1800  0.0140
 0.4800000E-01 0.1071429E+03 0.3600000E+02 0.5894625E+01 0.2346486E-01 0.5371858E-02 0.2678409E-01
 -0.0000 -0.0000 -0.0000 -0.0000  0.0000 -0.0000 -0.0000  0.0000 -0.0000  0.0000  0.0000  0.0000 -0.0000  0.0000 -0.0000  0.0000 -0.0000  0.0000  0.0000  0.0000 -0.0000 -0.0000 -0.0000 -0.0000 -0.0000 -0.0000 -0.0000 -0.0000 -0.0000 -0.0000 -0.0000 -0.0000 -0.0000 -0.0000 -0.0000 -0.0000 -0.0000 -0.0000 -0.0000 -0.0000 -0.0000 -0.0000 -0.0000 -0.0000 -0.0000 -0.0000 -0.0000 -0.0000 -0.0000 -0.0000 -0.0000 -0.0000 -0.0000 -0.0000 -0.0000 -0.0000 -0.0000 -0.0000  0.0000  0.0000 -0.0000 -0.0000 -0.0000 -0.0000 -0.0000 -0.0000 -0.0000 -0.0000 -0.0000 -0.0019 -0.0016 -0.0008  0.0021 -0.0001  0.0005 -0.0039 -0.0022  0.0018  0.0020 -0.0004 -0.0098  0.0119 -0.0057  0.0001 -0.0058  0.0105  0.0144 -0.0154  0.0368 -0.0142  0.0540  0.0302  0.0396  0.0125  0.0093  0.0157  0.0126 -0.1763  0.0114
 0.5400000E-01 0.9523809E+02 0.3600000E+02 0.5343554E+01 0.2207327E-01 0.5051881E-02 0.2489397E-01
 -0.0000 -0.0000 -0.0000 -0.0000 -0.0000 -0.0000 -0.0000  0.0000  0.0000  0.0000  0.0000  0.0000 -0.0000  0.0000 -0.0000  0.0000 -0.0000  0.0000  0.0000 -0.0000 -0.0000 -0.0000 -0.0000 -0.0000 -0.0000 -0.0000 -0.0000 -0.0000 -0.0000 -0.0000 -0.0000 -0.0000 -0.0000 -0.0000 -0.0000 -0.0000 -0.0000 -0.0000 -0.0000 -0.0000 -0.0000 -0.0000 -0.0000 -0.0000 -0.0000 -0.0000 -0.0000 -0.0000 -0.0000 -0.0000 -0.0000 -0.0000 -0.0000 -0.0000 -0.0000 -0.0000  0.0000 -0.0000 -0.0000  0.0000 -0.0000 -0.0000  0.0000 -0.0000 -0.0000 -0.0000 -0.0000 -0.0000  0.0000 -0.0001 -0.0014 -0.0011  0.0013 -0.0016  0.0033 -0.0038 -0.0007  0.0040 -0.0019 -0.0039 -0.0072  0.0143 -0.0014 -0.0008 -0.0035 -0.0241  0.0098 -0.0153 -0.0065 -0.0353  0.0303  0.0057  0.0147 -0.0083  0.0298 -0.0104  0.0138 -0.1799  0.0108
 0.6050000E-01 0.8500591E+02 0.3600000E+02 0.4893079E+01 0.1982374E-01 0.4476826E-02 0.2136372E-01
 -0.0000 -0.0000 -0.0000 -0.0000 -0.0000 -0.0000 -0.0000  0.0000  0.0000  0.0000  0.0000  0.0000 -0.0000  0.0000 -0.0000  0.0000 -0.0000  0.0000  0.0000 -0.0000 -0.0000 -0.0000 -0.0000 -0.0000 -0.0000 -0.0000 -0.0000 -0.0000 -0.0000 -0.0000 -0.0000 -0.0000 -0.0000 -0.0000 -0.0000 -0.0000 -0.0000 -0.0000 -0.0000 -0.0000 -0.0000 -0.0000 -0.0000 -0.0000 -0.0000 -0.0000 -0.0000 -0.0000 -0.0000 -0.0000 -0.0000 -0.0000 -0.0000 -0.0000 -0.0000 -0.0000  0.0000 -0.0000 -0.0000  0.0000 -0.0000 -0.0000 -0.0000 -0.0000 -0.0000 -0.0000 -0.0000 -0.0000  0.0000 -0.0007 -0.0016 -0.0012  0.0021 -0.0005  0.0029 -0.0034 -0.0012  0.0038 -0.0001 -0.0055 -0.0092  0.0076  0.0001  0.0010 -0.0019  0.0013  0.0067 -0.0158 -0.0026 -0.0140  0.0294  0.0147  0.0132 -0.0187 -0.0115 -0.0101  0.0091 -0.1237  0.0133
 0.6800000E-01 0.7563025E+02 0.3600000E+02 0.4494864E+01 0.1786552E-01 0.3878210E-02 0.1924030E-01
 -0.0000 -0.0000 -0.0000 -0.0000 -0.0000  0.0000 -0.0000  0.0000  0.0000  0.0000  0.0000  0.0000 -0.0000  0.0000 -0.0000  0.0000 -0.0000  0.0000 -0.0000 -0.0000 -0.0000 -0.0000 -0.0000 -0.0000 -0.0000 -0.0000 -0.0000 -0.0000 -0.0000 -0.0000 -0.0000 -0.0000 -0.0000 -0.0000 -0.0000 -0.0000 -0.0000 -0.0000 -0.0000 -0.0000 -0.0000 -0.0000 -0.0000 -0.0000 -0.0000 -0.0000 -0.0000 -0.0000 -0.0000 -0.0000 -0.0000 -0.0000 -0.0000 -0.0000 -0.0000 -0.0000  0.0000 -0.0000 -0.0000  0.0000  0.0000 -0.0000 -0.0000  0.0000 -0.0000 -0.0000 -0.0000 -0.0000  0.0000  0.0005 -0.0008 -0.0012  0.0019 -0.0004  0.0026 -0.0023 -0.0003  0.0030 -0.0019 -0.0057 -0.0094  0.0099  0.0003 -0.0021 -0.0007 -0.0192  0.0065 -0.0040 -0.0069 -0.0237  0.0202  0.0074  0.0091 -0.0074 -0.0075  0.0056  0.0138 -0.1247  0.0093
 0.7650000E-01 0.6722689E+02 0.3600000E+02 0.3988120E+01 0.1590475E-01 0.5220407E-02 0.1770974E-01
  0.0000 -0.0000  0.0000 -0.0000  0.0000  0.0000 -0.0000  0.0000 -0.0000  0.0000  0.0000  0.0000 -0.0000  0.0000 -0.0000 -0.0000 -0.0000  0.0000 -0.0000  0.0000 -0.0000 -0.0000 -0.0000 -0.0000 -0.0000 -0.0000 -0.0000 -0.0000 -0.0000 -0.0000 -0.0000 -0.0000 -0.0000 -0.0000 -0.0000 -0.0000 -0.0000 -0.0000 -0.0000 -0.0000 -0.0000 -0.0000 -0.0000 -0.0000 -0.0000 -0.0000 -0.0000 -0.0000 -0.0000 -0.0000 -0.0000 -0.0000 -0.0000 -0.0000 -0.0000  0.0000 -0.0000  0.0000 -0.0000  0.0000  0.0000  0.0000 -0.0000  0.0000 -0.0000 -0.0000  0.0000 -0.0000 -0.0000 -0.0015 -0.0007 -0.0013  0.0031  0.0012  0.0013 -0.0025 -0.0015  0.0017  0.0010 -0.0052 -0.0105  0.0068 -0.0001  0.0031 -0.0030  0.0157 -0.0015 -0.0265  0.0106  0.0026  0.0281  0.0325  0.0249  0.0098 -0.0023 -0.0226 -0.0352 -0.1240  0.0020
 0.8600000E-01 0.5980066E+02 0.3600000E+02 0.3555611E+01 0.1394873E-01 0.4822897E-02 0.1562741E-01
 -0.0000 -0.0000  0.0000 -0.0000  0.0000  0.0000 -0.0000  0.0000  0.0000  0.0000  0.0000  0.0000  0.0000  0.0000  0.0000 -0.0000 -0.0000  0.0000 -0.0000  0.0000 -0.0000 -0.0000 -0.0000 -0.0000 -0.0000 -0.0000 -0.0000 -0.0000 -0.0000 -0.0000 -0.0000 -0.0000 -0.0000 -0.0000 -0.0000 -0.0000 -0.0000 -0.0000 -0.0000 -0.0000 -0.0000 -0.0000 -0.0000 -0.0000 -0.0000 -0.0000 -0.0000 -0.0000 -0.0000 -0.0000 -0.0000 -0.0000 -0.0000 -0.0000 -0.0000  0.0000  0.0000  0.0000 -0.0000  0.0000  0.0000  0.0000 -0.0000  0.0000  0.0000  0.0000  0.0000 -0.0000  0.0000  0.0003  0.0004 -0.0010  0.0026 -0.0003  0.0041 -0.0022 -0.0000  0.0047 -0.0033 -0.0033 -0.0079  0.0060  0.0043 -0.0003 -0.0012 -0.0201  0.0023 -0.0050 -0.0279 -0.0123  0.0158 -0.0071  0.0021 -0.0050 -0.0150 -0.0280 -0.0358 -0.1292 -0.0010
 0.9650000E-01 0.5329385E+02 0.3600000E+02 0.3130632E+01 0.1250925E-01 0.2908238E-02 0.1350510E-01
  0.0000  0.0000  0.0000 -0.0000  0.0000  0.0000  0.0000 -0.0000 -0.0000  0.0000  0.0000  0.0000  0.0000  0.0000  0.0000 -0.0000 -0.0000  0.0000 -0.0000  0.0000 -0.0000 -0.0000 -0.0000 -0.0000 -0.0000 -0.0000 -0.0000 -0.0000 -0.0000 -0.0000 -0.0000 -0.0000 -0.0000 -0.0000 -0.0000 -0.0000 -0.0000 -0.0000 -0.0000 -0.0000 -0.0000 -0.0000 -0.0000 -0.0000 -0.0000 -0.0000 -0.0000 -0.0000 -0.0000 -0.0000 -0.0000 -0.0000 -0.0000 -0.0000 -0.0000  0.0000  0.0000  0.0000 -0.0000  0.0000  0.0000  0.0000 -0.0000  0.0000  0.0000  0.0000  0.0000 -0.0000  0.0000  0.0005  0.0013 -0.0006  0.0030  0.0010  0.0014 -0.0013 -0.0013  0.0016 -0.0018 -0.0053 -0.0065  0.0084  0.0002 -0.0003 -0.0019 -0.0091  0.0044  0.0011  0.0011 -0.0186  0.0159 -0.0052  0.0105 -0.0155 -0.0113  0.0032  0.0284 -0.1250 -0.0016
 0.1080000E+00 0.4761905E+02 0.3600000E+02 0.2771522E+01 0.1139349E-01 0.2537445E-02 0.1221901E-01
  0.0000  0.0000  0.0000 -0.0000  0.0000  0.0000  0.0000 -0.0000  0.0000 -0.0000 -0.0000  0.0000  0.0000  0.0000  0.0000 -0.0000 -0.0000 -0.0000 -0.0000  0.0000 -0.0000 -0.0000 -0.0000 -0.0000 -0.0000 -0.0000 -0.0000 -0.0000 -0.0000 -0.0000 -0.0000 -0.0000 -0.0000 -0.0000 -0.0000 -0.0000 -0.0000 -0.0000 -0.0000 -0.0000 -0.0000 -0.0000 -0.0000 -0.0000 -0.0000 -0.0000 -0.0000 -0.0000 -0.0000 -0.0000 -0.0000 -0.0000 -0.0000 -0.0000 -0.0000  0.0000  0.0000  0.0000 -0.0000  0.0000  0.0000  0.0000 -0.0000  0.0000  0.0000  0.0000  0.0000 -0.0000  0.0000  0.0014  0.0021 -0.0005  0.0030  0.0010  0.0014 -0.0005 -0.0004  0.0013 -0.0025 -0.0048 -0.0058  0.0084  0.0002 -0.0021 -0.0018 -0.0175 -0.0026  0.0091 -0.0027 -0.0167  0.0187 -0.0053  0.0090  0.0079  0.0059  0.0085  0.0134 -0.1236 -0.0087
 0.1210000E+00 0.4250295E+02 0.3600000E+02 0.2396176E+01 0.9607928E-02 0.2218175E-02 0.1044830E-01
  0.0000  0.0000  0.0000 -0.0000  0.0000  0.0000  0.0000 -0.0000 -0.0000 -0.0000 -0.0000 -0.0000  0.0000  0.0000  0.0000 -0.0000 -0.0000 -0.0000 -0.0000  0.0000 -0.0000 -0.0000 -0.0000 -0.0000 -0.0000 -0.0000 -0.0000 -0.0000 -0.0000 -0.0000 -0.0000 -0.0000 -0.0000 -0.0000 -0.0000 -0.0000 -0.0000 -0.0000 -0.0000 -0.0000 -0.0000 -0.0000 -0.0000 -0.0000 -0.0000 -0.0000 -0.0000 -0.0000 -0.0000 -0.0000 -0.0000 -0.0000 -0.0000 -0.0000 -0.0000  0.0000  0.0000  0.0000 -0.0000  0.0000  0.0000  0.0000 -0.0000  0.0000  0.0000  0.0000  0.0000 -0.0000  0.0000  0.0018  0.0030 -0.0002  0.0031  0.0015  0.0013 -0.0006  0.0003  0.0005 -0.0037 -0.0057 -0.0036  0.0066  0.0004 -0.0012  0.0018 -0.0186  0.0164  0.0081 -0.0222 -0.0041  0.0095 -0.0143  0.0074 -0.0114  0.0195  0.0020  0.0226 -0.1340 -0.0118
 0.1365000E+00 0.3767661E+02 0.3600000E+02 0.2049577E+01 0.8288173E-02 0.1739255E-02 0.8941708E-02
  0.0000  0.0000  0.0000 -0.0000  0.0000  0.0000  0.0000 -0.0000 -0.0000 -0.0000 -0.0000 -0.0000  0.0000  0.0000  0.0000 -0.0000 -0.0000 -0.0000 -0.0000  0.0000 -0.0000 -0.0000 -0.0000 -0.0000 -0.0000 -0.0000 -0.0000 -0.0000 -0.0000 -0.0000 -0.0000 -0.0000 -0.0000 -0.0000 -0.0000 -0.0000 -0.0000 -0.0000 -0.0000 -0.0000 -0.0000 -0.0000 -0.0000 -0.0000 -0.0000 -0.0000 -0.0000 -0.0000 -0.0000 -0.0000 -0.0000 -0.0000 -0.0000 -0.0000 -0.0000  0.0000  0.0000  0.0000 -0.0000  0.0000  0.0000  0.0000 -0.0000  0.0000  0.0000  0.0000  0.0000 -0.0000 -0.0000  0.0011  0.0033 -0.0001  0.0041  0.0025  0.0010 -0.0001 -0.0006  0.0007 -0.0033 -0.0071 -0.0048  0.0057  0.0021  0.0013 -0.0039 -0.0069  0.0040 -0.0060  0.0166  0.0143  0.0081  0.0112  0.0260 -0.0039 -0.0098 -0.0095  0.0263 -0.1295 -0.0179
 0.1550000E+00 0.3317972E+02 0.3600000E+02 0.1716555E+01 0.6781241E-02 0.1421391E-02 0.7367132E-02
  0.0000  0.0000  0.0000  0.0000  0.0000  0.0000  0.0000 -0.0000 -0.0000 -0.0000 -0.0000 -0.0000  0.0000 -0.0000  0.0000 -0.0000 -0.0000 -0.0000 -0.0000  0.0000 -0.0000 -0.0000 -0.0000 -0.0000 -0.0000 -0.0000 -0.0000 -0.0000 -0.0000 -0.0000 -0.0000 -0.0000 -0.0000 -0.0000 -0.0000 -0.0000 -0.0000 -0.0000 -0.0000 -0.0000 -0.0000 -0.0000 -0.0000 -0.0000 -0.0000 -0.0000 -0.0000 -0.0000 -0.0000 -0.0000 -0.0000 -0.0000 -0.0000 -0.0000 -0.0000  0.0000  0.0000  0.0000 -0.0000  0.0000  0.0000  0.0000 -0.0000  0.0000  0.0000  0.0000  0.0000 -0.0000 -0.0000  0.0015  0.0042 -0.0003  0.0035  0.0022  0.0014  0.0004 -0.0002 -0.0000 -0.0050 -0.0034 -0.0028  0.0048  0.0046 -0.0006 -0.0025 -0.0215  0.0126  0.0127 -0.0158 -0.0103 -0.0065 -0.0060  0.0095 -0.0035  0.0117 -0.0243  0.0318 -0.1325 -0.0230
 0.1770000E+00 0.2905569E+02 0.3600000E+02 0.1410991E+01 0.5522031E-02 0.1317339E-02 0.6043537E-02
  0.0000  0.0000  0.0000  0.0000  0.0000  0.0000  0.0000 -0.0000 -0.0000 -0.0000 -0.0000 -0.0000  0.0000 -0.0000  0.0000 -0.0000 -0.0000 -0.0000 -0.0000  0.0000 -0.0000 -0.0000 -0.0000 -0.0000 -0.0000 -0.0000 -0.0000 -0.0000 -0.0000 -0.0000 -0.0000 -0.0000 -0.0000 -0.0000 -0.0000 -0.0000 -0.0000 -0.0000 -0.0000 -0.0000 -0.0000 -0.0000 -0.0000 -0.0000 -0.0000 -0.0000 -0.0000 -0.0000 -0.0000 -0.0000 -0.0000 -0.0000 -0.0000 -0.0000 -0.0000  0.0000  0.0000  0.0000 -0.0000  0.0000  0.0000  0.0000 -0.0000  0.0000  0.0000  0.0000  0.0000 -0.0000 -0.0000  0.0020  0.0048  0.0000  0.0046  0.0027 -0.0001  0.0013 -0.0016 -0.0008 -0.0068 -0.0120  0.0038  0.0027  0.0020 -0.0132 -0.0023 -0.0043 -0.0048 -0.0003  0.0145  0.0129  0.0011  0.0215  0.0123 -0.0045  0.0294  0.0131  0.0247 -0.1318 -0.0324
 0.2040000E+00 0.2521008E+02 0.3600000E+02 0.1131181E+01 0.4530307E-02 0.1370628E-02 0.5036166E-02
  0.0000  0.0000  0.0000 -0.0000  0.0000  0.0000  0.0000 -0.0000 -0.0000 -0.0000 -0.0000 -0.0000  0.0000 -0.0000  0.0000 -0.0000 -0.0000 -0.0000 -0.0000  0.0000 -0.0000 -0.0000 -0.0000 -0.0000 -0.0000 -0.0000 -0.0000 -0.0000 -0.0000 -0.0000 -0.0000 -0.0000 -0.0000 -0.0000 -0.0000 -0.0000 -0.0000 -0.0000 -0.0000 -0.0000 -0.0000 -0.0000 -0.0000 -0.0000 -0.0000 -0.0000 -0.0000 -0.0000 -0.0000 -0.0000 -0.0000 -0.0000 -0.0000 -0.0000 -0.0000  0.0000  0.0000  0.0000 -0.0000  0.0000  0.0000  0.0000 -0.0000  0.0000  0.0000  0.0000  0.0000 -0.0000  0.0000  0.0025  0.0049  0.0000  0.0047  0.0038 -0.0005  0.0027 -0.0011 -0.0011 -0.0055 -0.0086  0.0034 -0.0010  0.0067  0.0041 -0.0008 -0.0073 -0.0087 -0.0072  0.0045  0.0216 -0.0120  0.0254  0.0078 -0.0018  0.0140 -0.0212 -0.0314 -0.1353 -0.0377
 0.2385000E+00 0.2156334E+02 0.3600000E+02 0.8685677E+00 0.3505470E-02 0.1082493E-02 0.3910798E-02
  0.0000  0.0000  0.0000  0.0000  0.0000  0.0000  0.0000 -0.0000 -0.0000 -0.0000 -0.0000 -0.0000  0.0000 -0.0000  0.0000 -0.0000 -0.0000 -0.0000 -0.0000  0.0000 -0.0000 -0.0000 -0.0000 -0.0000 -0.0000 -0.0000 -0.0000 -0.0000 -0.0000 -0.0000 -0.0000 -0.0000 -0.0000 -0.0000 -0.0000 -0.0000 -0.0000 -0.0000 -0.0000 -0.0000 -0.0000 -0.0000 -0.0000 -0.0000 -0.0000 -0.0000 -0.0000 -0.0000 -0.0000 -0.0000 -0.0000 -0.0000 -0.0000 -0.0000 -0.0000  0.0000  0.0000  0.0000 -0.0000  0.0000  0.0000  0.0000 -0.0000  0.0000  0.0000  0.0000  0.0000 -0.0000 -0.0000  0.0032  0.0066 -0.0003  0.0048  0.0045 -0.0025  0.0031 -0.0001 -0.0033 -0.0051 -0.0053  0.0027 -0.0044  0.0124  0.0035  0.0000 -0.0006 -0.0091 -0.0015 -0.0099  0.0194 -0.0201  0.0167 -0.0008 -0.0105  0.0256 -0.0158 -0.0322 -0.1360 -0.0463
 0.2850000E+00 0.1804511E+02 0.3600000E+02 0.6337971E+00 0.2529868E-02 0.6316338E-03 0.2843420E-02
  0.0000  0.0000  0.0000  0.0000  0.0000  0.0000  0.0000 -0.0000 -0.0000 -0.0000 -0.0000 -0.0000  0.0000 -0.0000  0.0000 -0.0000 -0.0000 -0.0000 -0.0000  0.0000 -0.0000 -0.0000 -0.0000 -0.0000 -0.0000 -0.0000 -0.0000 -0.0000 -0.0000 -0.0000 -0.0000 -0.0000 -0.0000 -0.0000 -0.0000 -0.0000 -0.0000 -0.0000 -0.0000 -0.0000 -0.0000 -0.0000 -0.0000 -0.0000 -0.0000 -0.0000 -0.0000 -0.0000 -0.0000 -0.0000 -0.0000 -0.0000 -0.0000 -0.0000 -0.0000  0.0000  0.0000  0.0000 -0.0000  0.0000  0.0000  0.0000 -0.0000  0.0000  0.0000  0.0000  0.0000 -0.0000 -0.0000  0.0033  0.0068  0.0002  0.0043  0.0045 -0.0012  0.0034  0.0003 -0.0038 -0.0052 -0.0040  0.0065 -0.0043  0.0068  0.0029  0.0032 -0.0050  0.0063  0.0167 -0.0040  0.0294 -0.0206  0.0008  0.0130 -0.0235 -0.0088 -0.0302  0.0287 -0.1554 -0.0583
 0.3515000E+00 0.1463117E+02 0.3600000E+02 0.4254751E+00 0.1739505E-02 0.4629414E-03 0.1961202E-02
  0.0000  0.0000  0.0000  0.0000  0.0000  0.0000  0.0000 -0.0000 -0.0000 -0.0000 -0.0000 -0.0000  0.0000 -0.0000  0.0000 -0.0000 -0.0000 -0.0000 -0.0000  0.0000 -0.0000 -0.0000 -0.0000 -0.0000 -0.0000 -0.0000 -0.0000 -0.0000 -0.0000 -0.0000 -0.0000 -0.0000 -0.0000 -0.0000 -0.0000 -0.0000 -0.0000 -0.0000 -0.0000 -0.0000 -0.0000 -0.0000 -0.0000 -0.0000 -0.0000 -0.0000 -0.0000 -0.0000 -0.0000 -0.0000 -0.0000 -0.0000 -0.0000 -0.0000 -0.0000  0.0000  0.0000  0.0000 -0.0000 -0.0000  0.0000  0.0000 -0.0000  0.0000  0.0000  0.0000  0.0000 -0.0000 -0.0000  0.0024  0.0064  0.0010  0.0041  0.0041 -0.0032  0.0039 -0.0015 -0.0073  0.0001 -0.0003  0.0099 -0.0048  0.0032  0.0025  0.0028  0.0102 -0.0107  0.0243  0.0199  0.0213 -0.0223  0.0088  0.0123 -0.0100  0.0185 -0.0199  0.0319 -0.1528 -0.0747
 0.4575000E+00 0.1124122E+02 0.3600000E+02 0.2446734E+00 0.1003808E-02 0.2688871E-03 0.1150432E-02
  0.0000  0.0000  0.0000  0.0000  0.0000  0.0000  0.0000 -0.0000 -0.0000 -0.0000 -0.0000 -0.0000  0.0000 -0.0000  0.0000 -0.0000 -0.0000 -0.0000 -0.0000  0.0000 -0.0000 -0.0000 -0.0000 -0.0000 -0.0000 -0.0000 -0.0000 -0.0000 -0.0000 -0.0000 -0.0000 -0.0000 -0.0000 -0.0000 -0.0000 -0.0000 -0.0000 -0.0000 -0.0000 -0.0000 -0.0000 -0.0000 -0.0000 -0.0000 -0.0000 -0.0000 -0.0000 -0.0000 -0.0000 -0.0000 -0.0000 -0.0000 -0.0000 -0.0000 -0.0000  0.0000  0.0000  0.0000 -0.0000 -0.0000  0.0000  0.0000 -0.0000  0.0000  0.0000  0.0000  0.0000 -0.0000  0.0000  0.0030  0.0045  0.0010  0.0004  0.0010 -0.0063  0.0043 -0.0000 -0.0082  0.0026  0.0028  0.0122 -0.0092  0.0057  0.0026 -0.0001  0.0043  0.0015  0.0254 -0.0029  0.0469 -0.0494  0.0150  0.0122 -0.0308  0.0227 -0.0120  0.0391 -0.1559 -0.0843
 0.6095000E+00 0.8437830E+01 0.3600000E+02 0.1257558E+00 0.6391312E-03 0.1938841E-03 0.7211864E-03
 -0.0000 -0.0000 -0.0000  0.0000 -0.0000 -0.0000 -0.0000  0.0000  0.0000 -0.0000 -0.0000 -0.0000 -0.0000 -0.0000 -0.0000  0.0000  0.0000 -0.0000  0.0000 -0.0000 -0.0000 -0.0000 -0.0000 -0.0000 -0.0000 -0.0000 -0.0000 -0.0000 -0.0000 -0.0000 -0.0000 -0.0000 -0.0000 -0.0000 -0.0000 -0.0000 -0.0000 -0.0000 -0.0000 -0.0000 -0.0000 -0.0000 -0.0000 -0.0000 -0.0000 -0.0000 -0.0000 -0.0000 -0.0000 -0.0000 -0.0000 -0.0000 -0.0000 -0.0000 -0.0000 -0.0000 -0.0000 -0.0000  0.0000 -0.0000 -0.0000 -0.0000  0.0000 -0.0000 -0.0000 -0.0000 -0.0000  0.0000  0.0000  0.0005 -0.0018  0.0020 -0.0064 -0.0045 -0.0097  0.0037  0.0021 -0.0124  0.0131  0.0156  0.0197 -0.0067 -0.0045 -0.0018  0.0045  0.0010 -0.0278  0.0524  0.0126  0.0248 -0.0533 -0.0024 -0.0025 -0.0005  0.0494 -0.0188 -0.0314 -0.1555 -0.1024
 0.8065000E+00 0.6376760E+01 0.3600000E+02 0.6164334E-01 0.3918453E-03 0.1128291E-03 0.4365637E-03
 -0.0000 -0.0000 -0.0000  0.0000 -0.0000 -0.0000 -0.0000  0.0000  0.0000  0.0000  0.0000  0.0000 -0.0000 -0.0000 -0.0000  0.0000  0.0000  0.0000  0.0000 -0.0000 -0.0000 -0.0000 -0.0000 -0.0000 -0.0000 -0.0000 -0.0000 -0.0000 -0.0000 -0.0000 -0.0000 -0.0000 -0.0000 -0.0000 -0.0000 -0.0000 -0.0000 -0.0000 -0.0000 -0.0000 -0.0000 -0.0000 -0.0000 -0.0000 -0.0000 -0.0000 -0.0000 -0.0000 -0.0000 -0.0000 -0.0000 -0.0000 -0.0000 -0.0000 -0.0000 -0.0000 -0.0000 -0.0000  0.0000 -0.0000 -0.0000 -0.0000  0.0000 -0.0000 -0.0000 -0.0000 -0.0000  0.0000  0.0000 -0.0011 -0.0106  0.0017 -0.0178 -0.0152 -0.0145  0.0037  0.0109 -0.0103  0.0230  0.0199  0.0230 -0.0085 -0.0084 -0.0017  0.0076 -0.0186 -0.0282  0.0272 -0.0235  0.0704 -0.1008 -0.0017  0.0202 -0.0162  0.0508 -0.0131 -0.0329 -0.1609 -0.1151
 0.1035500E+01 0.4966545E+01 0.3600000E+02 0.3013719E-01 0.2651339E-03 0.6561656E-04 0.2845165E-03
 -0.0000 -0.0000 -0.0000  0.0000 -0.0000 -0.0000 -0.0000  0.0000  0.0000  0.0000  0.0000  0.0000 -0.0000 -0.0000 -0.0000  0.0000  0.0000  0.0000  0.0000 -0.0000 -0.0000 -0.0000 -0.0000 -0.0000 -0.0000 -0.0000 -0.0000 -0.0000 -0.0000 -0.0000 -0.0000 -0.0000 -0.0000 -0.0000 -0.0000 -0.0000 -0.0000 -0.0000 -0.0000 -0.0000 -0.0000 -0.0000 -0.0000 -0.0000 -0.0000 -0.0000 -0.0000 -0.0000 -0.0000 -0.0000 -0.0000 -0.0000 -0.0000 -0.0000 -0.0000 -0.0000 -0.0000 -0.0000  0.0000 -0.0000 -0.0000 -0.0000  0.0000 -0.0000 -0.0000 -0.0000 -0.0000  0.0000  0.0000 -0.0106 -0.0205  0.0015 -0.0302 -0.0242 -0.0219  0.0021  0.0156 -0.0125  0.0321  0.0313  0.0248 -0.0072 -0.0224 -0.0040  0.0044  0.0059 -0.0682  0.0648 -0.0184  0.0493 -0.0722 -0.0065  0.0147 -0.0048  0.0544 -0.0079 -0.0324 -0.1566 -0.1342
 0.1324500E+01 0.3882867E+01 0.3600000E+02 0.1486675E-01 0.1518943E-03 0.3703825E-04 0.1688150E-03
 -0.0000 -0.0000 -0.0000  0.0000 -0.0000 -0.0000 -0.0000  0.0000  0.0000  0.0000  0.0000  0.0000 -0.0000 -0.0000 -0.0000  0.0000  0.0000  0.0000  0.0000 -0.0000 -0.0000 -0.0000 -0.0000 -0.0000 -0.0000 -0.0000 -0.0000 -0.0000 -0.0000 -0.0000 -0.0000 -0.0000 -0.0000 -0.0000 -0.0000 -0.0000 -0.0000 -0.0000 -0.0000 -0.0000 -0.0000 -0.0000 -0.0000 -0.0000 -0.0000 -0.0000 -0.0000 -0.0000 -0.0000 -0.0000 -0.0000 -0.0000 -0.0000 -0.0000 -0.0000 -0.0000 -0.0000 -0.0000  0.0000 -0.0000 -0.0000 -0.0000  0.0000 -0.0000 -0.0000 -0.0000 -0.0000  0.0000  0.0000 -0.0200 -0.0289  0.0027 -0.0441 -0.0315 -0.0370  0.0032  0.0250 -0.0152  0.0337  0.0429  0.0248  0.0039 -0.0404  0.0047  0.0099  0.0461 -0.0507  0.0594 -0.0600  0.0201 -0.0491 -0.0151  0.0513 -0.0258  0.0184 -0.0244 -0.0306 -0.3551 -0.1599
 0.1721500E+01 0.2987428E+01 0.3600000E+02 0.6405873E-02 0.8719281E-04 0.1936935E-04 0.9459776E-04
 -0.0000 -0.0000 -0.0000  0.0000 -0.0000 -0.0000 -0.0000  0.0000  0.0000  0.0000  0.0000  0.0000 -0.0000 -0.0000 -0.0000  0.0000  0.0000  0.0000  0.0000 -0.0000 -0.0000 -0.0000 -0.0000 -0.0000 -0.0000 -0.0000 -0.0000 -0.0000 -0.0000 -0.0000 -0.0000 -0.0000 -0.0000 -0.0000 -0.0000 -0.0000 -0.0000 -0.0000 -0.0000 -0.0000 -0.0000 -0.0000 -0.0000 -0.0000 -0.0000 -0.0000 -0.0000 -0.0000 -0.0000 -0.0000 -0.0000 -0.0000 -0.0000 -0.0000 -0.0000 -0.0000 -0.0000 -0.0000  0.0000 -0.0000 -0.0000 -0.0000  0.0000 -0.0000 -0.0000 -0.0000 -0.0000  0.0000  0.0000 -0.0230 -0.0356  0.0065 -0.0581 -0.0473 -0.0389  0.0135  0.0243 -0.0166  0.0095  0.0511  0.0423 -0.0038 -0.0309  0.0017  0.0055 -0.0748 -0.0702  0.0805 -0.0824  0.0200 -0.1157 -0.0193  0.0410 -0.0669 -0.0690 -0.1140 -0.0295 -0.3505 -0.1886
 0.2234500E+01 0.2301570E+01 0.3600000E+02 0.2867133E-02 0.5155762E-04 0.1071278E-04 0.5446008E-04
 -0.0000 -0.0000 -0.0000  0.0000 -0.0000 -0.0000 -0.0000  0.0000 -0.0000  0.0000  0.0000  0.0000 -0.0000 -0.0000 -0.0000  0.0000  0.0000  0.0000  0.0000 -0.0000 -0.0000 -0.0000 -0.0000 -0.0000 -0.0000 -0.0000 -0.0000 -0.0000 -0.0000 -0.0000 -0.0000 -0.0000 -0.0000 -0.0000 -0.0000 -0.0000 -0.0000 -0.0000 -0.0000 -0.0000 -0.0000 -0.0000 -0.0000 -0.0000 -0.0000 -0.0000 -0.0000 -0.0000 -0.0000 -0.0000 -0.0000 -0.0000 -0.0000 -0.0000 -0.0000 -0.0000 -0.0000 -0.0000  0.0000 -0.0000 -0.0000 -0.0000  0.0000 -0.0000 -0.0000 -0.0000 -0.0000  0.0000 -0.0000 -0.0311 -0.0440  0.0117 -0.0661 -0.0496 -0.0423  0.0216  0.0161 -0.0240  0.0040  0.0568  0.0407  0.0032 -0.0520 -0.0005 -0.0078 -0.0131 -0.0420  0.1536 -0.0255 -0.0064 -0.1017  0.0099  0.0343 -0.0525  0.0722  0.0361 -0.0491 -0.3427 -0.2171
 0.2899500E+01 0.1773705E+01 0.3600000E+02 0.1291648E-02 0.2985051E-04 0.5926022E-05 0.3113772E-04
 -0.0000 -0.0000 -0.0000  0.0000 -0.0000 -0.0000 -0.0000  0.0000  0.0000  0.0000  0.0000  0.0000 -0.0000 -0.0000 -0.0000  0.0000  0.0000  0.0000  0.0000 -0.0000 -0.0000 -0.0000 -0.0000 -0.0000 -0.0000 -0.0000 -0.0000 -0.0000 -0.0000 -0.0000 -0.0000 -0.0000 -0.0000 -0.0000 -0.0000 -0.0000 -0.0000 -0.0000 -0.0000 -0.0000 -0.0000 -0.0000 -0.0000 -0.0000 -0.0000 -0.0000 -0.0000 -0.0000 -0.0000 -0.0000 -0.0000 -0.0000 -0.0000 -0.0000 -0.0000 -0.0000 -0.0000 -0.0000  0.0000 -0.0000 -0.0000 -0.0000  0.0000 -0.0000 -0.0000 -0.0000 -0.0000  0.0000  0.0000 -0.0302 -0.0512  0.0109 -0.0778 -0.0469 -0.0424  0.0330  0.0236 -0.0264 -0.0074  0.0469  0.0513 -0.0054 -0.0393  0.0045 -0.0012 -0.0111 -0.0885  0.1194  0.0514  0.0118 -0.1176  0.0854  0.0300 -0.1448 -0.0235 -0.0061 -0.0050 -0.3375 -0.2345
 0.4138500E+01 0.1242686E+01 0.3600000E+02 0.5172724E-03 0.1246834E-04 0.2805886E-05 0.1326243E-04
 -0.0000 -0.0000 -0.0000  0.0000 -0.0000 -0.0000 -0.0000  0.0000  0.0000  0.0000  0.0000  0.0000 -0.0000 -0.0000 -0.0000  0.0000  0.0000  0.0000  0.0000 -0.0000 -0.0000 -0.0000 -0.0000 -0.0000 -0.0000 -0.0000 -0.0000 -0.0000 -0.0000 -0.0000 -0.0000 -0.0000 -0.0000 -0.0000 -0.0000 -0.0000 -0.0000 -0.0000 -0.0000 -0.0000 -0.0000 -0.0000 -0.0000 -0.0000 -0.0000 -0.0000 -0.0000 -0.0000 -0.0000 -0.0000 -0.0000 -0.0000 -0.0000 -0.0000 -0.0000 -0.0000 -0.0000 -0.0000  0.0000 -0.0000 -0.0000 -0.0000  0.0000 -0.0000 -0.0000 -0.0000 -0.0000  0.0000  0.0000 -0.0346 -0.0514  0.0040 -0.0717 -0.0414 -0.0476  0.0418  0.0122 -0.0292  0.0089  0.0443  0.0322 -0.0291 -0.0308  0.0112 -0.0176  0.1612 -0.1106  0.0637  0.2645  0.0679 -0.0554  0.3825  0.1130 -0.0283  0.0486  0.0791 -0.0050 -0.3137 -0.2479
 0.7500000E+01 0.6857143E+00 0.3600000E+02 0.1331027E-03 0.3742022E-05 0.7012080E-06 0.3878002E-05
 -0.0000 -0.0000 -0.0000  0.0000 -0.0000 -0.0000 -0.0000  0.0000  0.0000  0.0000 -0.0000  0.0000 -0.0000 -0.0000 -0.0000  0.0000  0.0000  0.0000  0.0000 -0.0000 -0.0000 -0.0000 -0.0000 -0.0000 -0.0000 -0.0000 -0.0000 -0.0000 -0.0000 -0.0000 -0.0000 -0.0000 -0.0000 -0.0000 -0.0000 -0.0000 -0.0000 -0.0000 -0.0000 -0.0000 -0.0000 -0.0000 -0.0000 -0.0000 -0.0000 -0.0000 -0.0000 -0.0000 -0.0000 -0.0000 -0.0000 -0.0000 -0.0000 -0.0000 -0.0000 -0.0000  0.0000 -0.0000  0.0000 -0.0000 -0.0000 -0.0000  0.0000 -0.0000 -0.0000 -0.0000 -0.0000  0.0000  0.0000 -0.0067 -0.0422  0.0052 -0.0757 -0.0510 -0.0326  0.0461  0.0298 -0.0183 -0.0210  0.0236  0.0670 -0.0323 -0.0176 -0.0054  0.0293 -0.0938 -0.0762  0.2050 -0.0512  0.0275 -0.0946  0.0563 -0.0151 -0.1598 -0.0776  0.0060  0.0559 -0.3403 -0.2493
