1.908164000000000041e-02 3.446162999999999865e-01 6.623139000000000109e+00 2.775246512673045785e-01 2.873776948135832107e-02 3.015698453899999867e-02
1.920679999999999957e-02 5.587830999999999770e-01 2.459521000000000157e+01 2.282539156289771221e-01 2.581078295386267374e-02 4.348014758149999770e-02
2.619501999999999942e-02 2.890426999999999857e-01 6.674891999999999825e+00 2.589153847533047781e-01 1.833019247429030010e-02 1.904875610975999625e-02
2.638642000000000071e-02 5.360451999999999995e-01 2.699478999999999829e+01 2.544597375224929570e-01 1.391888943049751116e-02 2.556940154400000331e-02
3.603457000000000188e-02 2.502656999999999798e-01 6.746832999999999636e+00 1.669328051403881352e-01 1.173788370234569826e-02 8.626447575900000192e-03
3.621743000000000184e-02 5.066884999999999861e-01 3.012837999999999994e+01 1.572438462746154897e-01 7.741136563177324244e-03 1.717943260340000153e-02
4.940930000000000322e-02 2.104495000000000116e-01 6.764683999999999919e+00 1.245032157826563152e-01 7.689399597189740775e-03 5.919006120950000109e-03
4.967728999999999895e-02 4.752017000000000047e-01 3.328269999999999840e+01 1.086445123713626615e-01 4.425254887481887452e-03 9.641454218459999045e-03
6.774212999999999762e-02 1.726299000000000028e-01 6.793428999999999718e+00 8.081146528430241394e-02 5.109888379534978028e-03 6.632076190096000559e-04
6.806189999999999463e-02 4.376049000000000189e-01 3.609264999999999901e+01 6.827693345323658514e-02 2.601125386387454289e-03 5.648559515027000259e-03
6.894057000000000657e-02 6.663803999999999839e-01 1.760517999999999859e+02 6.908627562034820591e-02 6.011525589214592249e-03 3.481118878997999880e-03
9.290104999999999891e-02 1.371912999999999883e-01 6.867056999999999967e+00 6.595461849799887089e-02 3.427403910070533997e-03 2.844544849013999795e-03
9.324319999999999831e-02 3.967318000000000233e-01 3.876527999999999707e+01 5.661603095135065572e-02 1.552968350819219434e-03 1.437831405032000002e-03
9.426434999999999675e-02 6.461725000000000385e-01 1.904337999999999909e+02 4.983029981538391467e-02 2.825936774457837950e-03 6.854353041250000039e-04
1.264084000000000041e-01 1.166903999999999997e-01 7.284267999999999965e+00 5.127710683401044689e-02 2.535488410487395181e-03 4.567080299409999669e-03
1.280719999999999914e-01 3.544081000000000037e-01 4.096782999999999930e+01 3.912586293013699257e-02 9.439613740435486271e-04 1.595097528392999892e-03
1.292125000000000079e-01 6.188742000000000409e-01 2.063887000000000000e+02 3.181616266541168608e-02 1.389966780857469037e-03 1.082737927019999892e-03
1.724414999999999976e-01 1.005168000000000034e-01 8.202434999999999476e+00 2.443116205035619770e-02 2.151176926566614536e-03 4.200258411530000298e-03
1.757057999999999953e-01 3.107319000000000053e-01 4.305367999999999995e+01 2.222323643882291935e-02 5.770620492454921636e-04 2.747299818600000207e-03
1.774238999999999955e-01 5.858077999999999896e-01 2.250013999999999896e+02 1.773172363886612798e-02 6.909707290620992724e-04 2.007377855913999691e-03
2.408440000000000025e-01 2.677172999999999914e-01 4.474009999999999820e+01 1.523427424982350120e-02 3.464972691003110716e-04 2.801714517640000162e-03
2.425962000000000118e-01 5.581462000000000367e-01 2.478804000000000087e+02 1.293629317445921766e-02 3.447312471272303853e-04 1.929174713060000015e-03
3.280292000000000208e-01 2.314739000000000102e-01 4.767049000000000092e+01 4.999429730535490286e-03 2.037313672897235017e-04 1.953998820811999725e-03
3.309930999999999846e-01 5.202390000000000070e-01 2.720865000000000009e+02 4.278338444274779745e-03 1.641228577851420957e-04 1.205080656990000030e-03
4.431453000000000197e-01 1.971073000000000131e-01 5.110108999999999924e+01 3.451454069784564479e-03 1.132032268092709429e-04 7.194570345199999837e-04
4.459582999999999742e-01 4.812076000000000131e-01 2.982794999999999845e+02 2.675736850524374193e-03 7.328430477843060023e-05 3.233449842199999738e-04
5.972674999999999512e-01 1.638828999999999980e-01 5.518585999999999814e+01 6.555066769136547221e-04 5.326612584944710282e-05 2.572973205088000285e-04
5.998892999999999587e-01 4.339583000000000190e-01 3.172586999999999762e+02 3.242289915546869091e-04 2.710795175452749105e-05 2.511315968644000046e-04
