1.013760000000000008e-02 4.401014999999999788e-01 6.444042999999999743e+00 1.221729124813796696e+00 1.092287992383672579e-01 1.718193235286993859e-01
1.391867999999999925e-02 3.950312999999999741e-01 6.533896999999999622e+00 7.929440530094565842e-01 6.537788234922564667e-02 1.112822344703980892e-01
1.398931999999999953e-02 5.982939000000000451e-01 2.251595999999999975e+01 1.057145736649829360e+00 6.769505951638564445e-02 1.152241230301555425e-01
1.908164000000000041e-02 3.446162999999999865e-01 6.623139000000000109e+00 6.457030624019538534e-01 4.059482037079309436e-02 7.471874476397921683e-02
1.920679999999999957e-02 5.587830999999999770e-01 2.459521000000000157e+01 6.280448603173844901e-01 3.649204587495374907e-02 9.064080027502305348e-02
2.619501999999999942e-02 2.890426999999999857e-01 6.674891999999999825e+00 5.158436428255501749e-01 2.579110750470893845e-02 4.765528129722741008e-02
2.638642000000000071e-02 5.360451999999999995e-01 2.699478999999999829e+01 4.580857992028600223e-01 1.974470060950620637e-02 5.108435583549585796e-02
3.603457000000000188e-02 2.502656999999999798e-01 6.746832999999999636e+00 2.934551158969899709e-01 1.655829443599161552e-02 2.396092376588058320e-02
3.621743000000000184e-02 5.066884999999999861e-01 3.012837999999999994e+01 2.900047224119545741e-01 1.093099668776950119e-02 3.578264608109270328e-02
4.940930000000000322e-02 2.104495000000000116e-01 6.764683999999999919e+00 2.230960119093723659e-01 1.085406141767533174e-02 1.184361325307029152e-02
4.967728999999999895e-02 4.752017000000000047e-01 3.328269999999999840e+01 2.284031395730751479e-01 6.264101000913761472e-03 2.096055547946195502e-02
5.030869999999999786e-02 6.901209000000000371e-01 1.657545000000000073e+02 2.105998734470781175e-01 1.892124952993503445e-02 1.793671093763976945e-02
6.774212999999999762e-02 1.726299000000000028e-01 6.793428999999999718e+00 1.525195848831336076e-01 7.226270752709412944e-03 6.648151128337506134e-03
6.806189999999999463e-02 4.376049000000000189e-01 3.609264999999999901e+01 1.646430088482273291e-01 3.680677519249588026e-03 1.174416485928079720e-02
6.894057000000000657e-02 6.663803999999999839e-01 1.760517999999999859e+02 1.337677135035383602e-01 8.479802820094552857e-03 8.523078280844463908e-03
9.290104999999999891e-02 1.371912999999999883e-01 6.867056999999999967e+00 1.169142057483656127e-01 4.854069820203772007e-03 9.113291036784588323e-03
9.324319999999999831e-02 3.967318000000000233e-01 3.876527999999999707e+01 1.084266112874245486e-01 2.207712102830214525e-03 4.253813502902779702e-03
9.426434999999999675e-02 6.461725000000000385e-01 1.904337999999999909e+02 1.020069513251675164e-01 3.994359545701192844e-03 1.211023670039674659e-03
1.264084000000000041e-01 1.166903999999999997e-01 7.284267999999999965e+00 5.707564616537172397e-02 3.591937238682628691e-03 1.393893863247728376e-02
1.280719999999999914e-01 3.544081000000000037e-01 4.096782999999999930e+01 6.901903759089036972e-02 1.338852284531124974e-03 4.240468251183943278e-03
1.292125000000000079e-01 6.188742000000000409e-01 2.063887000000000000e+02 6.253729906054834864e-02 1.957557722502524349e-03 2.741646180818108243e-03
1.724414999999999976e-01 1.005168000000000034e-01 8.202434999999999476e+00 5.715827506230015953e-02 3.046284941620550427e-03 1.508148330183378162e-02
1.757057999999999953e-01 3.107319000000000053e-01 4.305367999999999995e+01 4.995126812383509501e-02 8.128824934648364985e-04 5.817814574058195222e-03
1.774238999999999955e-01 5.858077999999999896e-01 2.250013999999999896e+02 4.245956252363663336e-02 9.837693306539096409e-04 4.275585030444973081e-03
2.408440000000000025e-01 2.677172999999999914e-01 4.474009999999999820e+01 2.972416800927707436e-02 4.907366578615645659e-04 5.789199994080511565e-03
2.425962000000000118e-01 5.581462000000000367e-01 2.478804000000000087e+02 2.322447413305410435e-02 4.866768540604082382e-04 4.021759425438198310e-03
3.280292000000000208e-01 2.314739000000000102e-01 4.767049000000000092e+01 1.414027957668266035e-02 2.884158919732936568e-04 4.071456779548763422e-03
3.309930999999999846e-01 5.202390000000000070e-01 2.720865000000000009e+02 1.158839396135744222e-02 2.327126642102442234e-04 2.492898070573863929e-03
4.431453000000000197e-01 1.971073000000000131e-01 5.110108999999999924e+01 9.574659483068204482e-03 1.603635657566439081e-04 1.428045006396040130e-03
4.459582999999999742e-01 4.812076000000000131e-01 2.982794999999999845e+02 4.543096751511674879e-03 1.039866025772552408e-04 7.389517035371599056e-04
4.504846000000000128e-01 6.965434999999999821e-01 1.523650000000000091e+03 3.172884315945478928e-03 2.684976001584885811e-04 2.493298027980553658e-04
5.972674999999999512e-01 1.638828999999999980e-01 5.518585999999999814e+01 2.831814225045303779e-03 7.522664904126290144e-05 7.325119264210085178e-04
5.998892999999999587e-01 4.339583000000000190e-01 3.172586999999999762e+02 1.309400452853717476e-03 3.845335437249811490e-05 5.072229738533911474e-04
