   36.00000000    0.00200000 2571.42846680    9.41765594    0.03865318    0.01373004    0.04101929
   36.00000000    0.00600000  857.14288330    9.34464741    0.03722447    0.01164846    0.03900446
   36.00000000    0.01000000  514.28570557    9.15250969    0.03674692    0.01145720    0.03849160
   36.00000000    0.01400000  367.34692383    8.92813206    0.03643317    0.01084520    0.03801308
   36.00000000    0.01800000  285.71432495    8.58751488    0.03656277    0.01027033    0.03797784
   36.00000000    0.02200000  233.76623535    8.21066189    0.03527376    0.01042829    0.03678297
   36.00000000    0.02650000  194.07008362    7.80357313    0.02999338    0.01539737    0.03371471
   36.00000000    0.03150000  163.26530457    7.41558695    0.03043089    0.01473045    0.03380865
   36.00000000    0.03650000  140.90020752    6.81336164    0.02871727    0.01377173    0.03184874
   36.00000000    0.04200000  122.44898224    6.38331699    0.02476306    0.01240927    0.02769836
   36.00000000    0.04800000  107.14286041    5.89462471    0.02407190    0.01174441    0.02678409
   36.00000000    0.05400000   95.23809052    5.34355402    0.02264400    0.01034208    0.02489397
   36.00000000    0.06050000   85.00590515    4.89307880    0.02032296    0.00658680    0.02136372
   36.00000000    0.06800000   75.63024902    4.49486399    0.01828161    0.00599765    0.01924030
   36.00000000    0.07650000   67.22689056    3.98811984    0.01673958    0.00578111    0.01770974
   36.00000000    0.08600000   59.80066299    3.55561090    0.01475897    0.00513698    0.01562741
   36.00000000    0.09650000   53.29385376    3.13063169    0.01284287    0.00417715    0.01350510
   36.00000000    0.10800000   47.61904526    2.77152205    0.01167263    0.00361304    0.01221901
   36.00000000    0.12100000   42.50295258    2.39617562    0.00986066    0.00345462    0.01044830
   36.00000000    0.13650000   37.67660904    2.04957724    0.00846870    0.00286973    0.00894171
   36.00000000    0.15500000   33.17972183    1.71655524    0.00692861    0.00250381    0.00736713
   36.00000000    0.17700000   29.05569077    1.41099143    0.00567699    0.00207271    0.00604354
   36.00000000    0.20400000   25.21008492    1.13118052    0.00473311    0.00172066    0.00503617
   36.00000000    0.23850000   21.56334305    0.86856771    0.00366880    0.00135434    0.00391080
   36.00000000    0.28500000   18.04511261    0.63379711    0.00260753    0.00113395    0.00284342
   36.00000000    0.35150000   14.63117218    0.42547506    0.00180005    0.00077854    0.00196120
   36.00000000    0.45750001   11.24121761    0.24467337    0.00103920    0.00049352    0.00115043
   36.00000000    0.60949999    8.43782997    0.12575585    0.00066789    0.00027208    0.00072119
   36.00000000    0.80650002    6.37676001    0.06164334    0.00040777    0.00015593    0.00043656
   36.00000000    1.03550005    4.96654463    0.03013719    0.00027313    0.00007967    0.00028452
   36.00000000    1.32449996    3.88286710    0.01486675    0.00015634    0.00006368    0.00016882
   36.00000000    1.72150004    2.98742795    0.00640587    0.00008932    0.00003116    0.00009460
   36.00000000    2.23449993    2.30156970    0.00286713    0.00005266    0.00001389    0.00005446
   36.00000000    2.89949989    1.77370489    0.00129165    0.00003043    0.00000659    0.00003114
   36.00000000    4.13850021    1.24268615    0.00051727    0.00001278    0.00000354    0.00001326
   36.00000000    7.50000000    0.68571430    0.00013310    0.00000381    0.00000074    0.00000388
