1.915957000000000077e-02 6.009356000000000142e-01 2.423915999999999826e+01 4.159503275018336388e-01 3.086205452522724005e-02 1.291590086727291767e-02
2.610124000000000125e-02 3.021125000000000060e-01 6.810182000000000180e+00 1.941620353716720371e-01 1.811669463663575369e-02 1.017046451666163420e-02
2.630419000000000160e-02 5.712334999999999496e-01 2.782201999999999842e+01 2.721443013861103433e-01 1.590185344370632567e-02 7.114681368324010484e-03
3.586929999999999980e-02 2.612052000000000263e-01 6.883169999999999789e+00 8.833254445681874845e-02 1.077857949721009248e-02 7.523860487165858271e-03
3.611086000000000157e-02 5.351740999999999859e-01 3.149881999999999849e+01 1.495641739441134210e-01 8.293168170186951405e-03 5.255214508181986315e-03
4.910057999999999784e-02 2.185744000000000020e-01 6.937395999999999674e+00 4.871248003875379429e-02 6.504486405334622932e-03 5.015482252176941581e-03
4.943399999999999878e-02 4.981636999999999871e-01 3.492665999999999826e+01 9.411684833105803116e-02 4.402774720269633790e-03 3.656824359647971485e-03
6.713199999999999723e-02 1.813085000000000113e-01 6.986883999999999872e+00 3.488313505117023733e-02 3.904378288447741402e-03 3.690081166721104373e-03
6.755822999999999690e-02 4.555826000000000042e-01 3.800442000000000320e+01 5.240215659970243883e-02 2.355970707023412672e-03 2.547493359335451218e-03
9.182058999999999360e-02 1.452946999999999989e-01 7.069147000000000070e+00 2.615961143466821737e-02 2.368754336297300596e-03 2.706070998741765595e-03
9.234907000000000532e-02 4.098960999999999855e-01 4.058944000000000329e+01 2.889797427539312139e-02 1.264555396958293165e-03 1.689934803564580035e-03
9.340903999999999874e-02 6.763310999999999629e-01 1.704832000000000107e+02 2.568447031736875025e-02 2.266639368702071458e-03 1.294857402070476258e-03
1.266616000000000131e-01 3.620609000000000188e-01 4.284217999999999904e+01 1.877281111067627406e-02 6.813201721184111194e-04 1.419028517398083491e-03
1.278401999999999872e-01 6.398584999999999967e-01 1.896159000000000106e+02 1.430802882131420282e-02 9.831798237851967822e-04 9.727800551700473706e-04
1.742750000000000132e-01 3.122397000000000089e-01 4.472637999999999892e+01 9.028405247063919434e-03 3.713437191148092026e-04 9.961814474298735962e-04
1.758523999999999921e-01 5.989020000000000454e-01 2.143452000000000055e+02 7.734468103473389131e-03 4.271988018656279321e-04 6.992600062231076920e-04
2.394920000000000104e-01 2.590734000000000092e-01 4.591338999999999970e+01 4.556935275110888736e-03 2.008300106421640569e-04 6.139159760552849151e-04
2.409546999999999939e-01 5.559416000000000357e-01 2.411697000000000060e+02 3.810230296303146035e-03 1.877035209536428561e-04 3.919765851854313510e-04
3.271375999999999729e-01 2.111260000000000081e-01 4.737425999999999959e+01 2.000277456829872933e-03 1.087933656056473057e-04 2.841668842956665076e-04
3.294481000000000215e-01 4.978336999999999901e-01 2.649755000000000109e+02 1.619898436491286516e-03 8.254541192333192780e-05 1.423824363520124450e-04
4.475324999999999998e-01 1.759851000000000054e-01 5.032981999999999800e+01 1.220427483057458023e-03 6.288099894594605761e-05 1.556951849329102865e-04
4.499016000000000126e-01 4.487425999999999915e-01 2.899990999999999985e+02 6.240543589859642989e-04 3.825112217910938973e-05 6.944009747265375402e-05
6.045336999999999517e-01 4.005850000000000244e-01 3.052714000000000283e+02 2.042360971958518182e-04 1.626675064366087337e-05 3.648571320292690620e-05
