2.630419000000000160e-02 5.712334999999999496e-01 2.782201999999999842e+01 1.320910715230746435e-01 1.122636694569007637e-02 2.110506200399999820e-03
3.611086000000000157e-02 5.351740999999999859e-01 3.149881999999999849e+01 8.150448088535594549e-02 5.856713572228867959e-03 1.362356792814999962e-03
4.943399999999999878e-02 4.981636999999999871e-01 3.492665999999999826e+01 5.518125103179328389e-02 3.097005824954996572e-03 1.105048709958000126e-03
6.755822999999999690e-02 4.555826000000000042e-01 3.800442000000000320e+01 2.787460921679205811e-02 1.661460438433594354e-03 8.258469968639999643e-04
9.234907000000000532e-02 4.098960999999999855e-01 4.058944000000000329e+01 1.742952821063488075e-02 8.933302259600769436e-04 6.192406793845999695e-04
1.266616000000000131e-01 3.620609000000000188e-01 4.284217999999999904e+01 1.037240950669900304e-02 4.823007671480143981e-04 6.060076697735999581e-04
1.278401999999999872e-01 6.398584999999999967e-01 1.896159000000000106e+02 5.480628496398814824e-03 6.970844684369171271e-04 4.466960314332000170e-04
1.742750000000000132e-01 3.122397000000000089e-01 4.472637999999999892e+01 4.591282809718275418e-03 2.619598463872417366e-04 4.765297075400000090e-04
1.758523999999999921e-01 5.989020000000000454e-01 2.143452000000000055e+02 4.155683091958021352e-03 3.033368582674789214e-04 3.167490670774999800e-04
2.394920000000000104e-01 2.590734000000000092e-01 4.591338999999999970e+01 2.277598669521589247e-03 1.418975770181800226e-04 2.993993927749000043e-04
2.409546999999999939e-01 5.559416000000000357e-01 2.411697000000000060e+02 1.961289043717205378e-03 1.325607705300078725e-04 1.849373861596999822e-04
3.271375999999999729e-01 2.111260000000000081e-01 4.737425999999999959e+01 6.938665951151141032e-04 7.713636771316536526e-05 1.416856480314999988e-04
3.294481000000000215e-01 4.978336999999999901e-01 2.649755000000000109e+02 7.318252844431448944e-04 5.828058379674117830e-05 6.631698426451999200e-05
4.475324999999999998e-01 1.759851000000000054e-01 5.032981999999999800e+01 5.617119787851930892e-04 4.445179881989723175e-05 7.504083219750001170e-05
4.499016000000000126e-01 4.487425999999999915e-01 2.899990999999999985e+02 3.314258797813220592e-04 2.702262335567519322e-05 2.954580658153799905e-05
