0.0037    1.27  0.670  8.092e-06    0.6  -0.1   1.8   1.8   3.7  0.537  0.3363  0.0055  0.0153
0.0050    1.71  0.673  3.544e-06    0.5   0.0   1.4   1.6   3.4  0.537  0.3531  0.0053  0.0142
0.0056    2.15  0.738  2.090e-06    0.4   0.1   1.0   1.7   3.3  0.537  0.3841  0.0111  0.0146
0.0073    1.81  0.488  2.508e-06    0.7  -0.2   1.0   0.7   3.3  0.337  0.3370  0.0073  0.0120
0.0079    2.44  0.606  1.246e-06    0.6  -0.1   1.5   1.0   3.0  0.337  0.3655  0.0038  0.0131
0.0090    3.37  0.729  5.855e-07    0.4   0.1   1.3   1.7   2.5  0.337  0.3963  0.0060  0.0134
0.0121    2.55  0.413  8.675e-07    0.8  -0.3   0.9   0.4   2.9  0.246  0.3585  0.0058  0.0115
0.0123    3.47  0.552  4.498e-07    0.6  -0.1   1.1   0.9   2.8  0.246  0.3912  0.0048  0.0123
0.0126    4.45  0.693  2.518e-07    0.5   0.0   1.2   2.1   2.1  0.246  0.4014  0.0047  0.0133
0.0139    5.38  0.753  1.639e-07    0.4   0.1   1.3   2.6   1.9  0.246  0.4314  0.0084  0.0153
0.0173    2.59  0.294  6.274e-07    1.0  -0.5   1.2   0.4   2.7  0.190  0.3427  0.0092  0.0110
0.0173    3.49  0.393  3.388e-07    0.8  -0.3   1.0   0.4   2.6  0.190  0.3674  0.0063  0.0109
0.0174    4.46  0.501  2.054e-07    0.7  -0.1   0.9   1.0   2.5  0.190  0.3991  0.0064  0.0118
0.0168    5.60  0.658  1.239e-07    0.5   0.0   1.3   2.0   1.5  0.190  0.4051  0.0079  0.0115
0.0180    6.73  0.727  8.140e-08    0.5   0.1   1.4   2.2   1.7  0.190  0.4233  0.0055  0.0134
0.0245    3.49  0.280  2.613e-07    1.0  -0.5   1.3   0.3   2.5  0.099  0.3630  0.0071  0.0113
0.0245    4.48  0.359  1.586e-07    0.9  -0.3   1.2   0.4   2.4  0.099  0.3883  0.0061  0.0111
0.0246    5.47  0.435  1.028e-07    0.7  -0.2   1.1   0.7   2.4  0.099  0.4009  0.0063  0.0113
0.0235    7.22  0.605  5.557e-08    0.6   0.0   1.4   1.4   1.3  0.099  0.4043  0.0051  0.0098
0.0253    8.88  0.684  3.509e-08    0.5   0.1   1.5   1.7   1.6  0.099  0.4314  0.0047  0.0123
0.0279   10.78  0.744  2.188e-08    0.4   0.1   1.7   2.1   1.9  0.099  0.4436  0.0083  0.0148
0.0347    4.48  0.253  1.217e-07    1.1  -0.5   1.4   0.3   2.3  0.108  0.3877  0.0088  0.0113
0.0348    5.49  0.308  7.567e-08    1.0  -0.4   1.3   0.3   2.2  0.108  0.3794  0.0080  0.0105
0.0348    6.86  0.383  4.809e-08    0.8  -0.2   1.2   0.5   2.2  0.108  0.4019  0.0070  0.0105
0.0345    9.01  0.511  2.583e-08    0.6  -0.1   1.3   0.9   1.3  0.108  0.4080  0.0059  0.0089
0.0348   11.44  0.641  1.520e-08    0.5   0.0   1.6   1.5   1.4  0.108  0.4227  0.0046  0.0113
0.0369   14.09  0.735  9.379e-09    0.5   0.1   1.8   2.2   1.7  0.108  0.4346  0.0076  0.0145
0.0469    5.53  0.232  5.708e-08    1.2  -0.6   1.5   0.3   2.1  0.117  0.3696  0.0089  0.0107
0.0493    6.93  0.276  3.474e-08    1.0  -0.4   1.4   0.2   2.0  0.117  0.3858  0.0057  0.0105
0.0491    8.99  0.360  1.948e-08    0.9  -0.3   1.1   0.3   1.5  0.117  0.3888  0.0058  0.0083
0.0487   11.57  0.468  1.135e-08    0.7  -0.1   1.2   0.7   1.0  0.117  0.4067  0.0045  0.0078
0.0494   14.87  0.590  6.312e-09    0.6   0.0   1.5   1.3   1.3  0.117  0.4133  0.0038  0.0103
0.0529   18.90  0.690  3.549e-09    0.5   0.1   1.9   2.0   1.6  0.117  0.4244  0.0055  0.0137
0.0663    7.32  0.217  2.352e-08    1.2  -0.6   1.4   0.3   1.9  0.113  0.3749  0.0113  0.0103
0.0698    8.93  0.250  1.454e-08    1.1  -0.4   1.3   0.3   1.9  0.113  0.3738  0.0085  0.0096
0.0696   11.45  0.322  8.538e-09    0.9  -0.3   0.9   0.3   1.1  0.113  0.3832  0.0064  0.0068
0.0694   15.01  0.423  4.747e-09    0.7  -0.1   1.1   0.6   0.9  0.113  0.3964  0.0049  0.0070
0.0699   19.64  0.547  2.475e-09    0.6   0.0   1.5   1.2   1.2  0.113  0.3920  0.0042  0.0091
0.0716   25.55  0.689  1.420e-09    0.5   0.1   1.9   2.2   1.5  0.113  0.4238  0.0090  0.0141
0.0863    9.34  0.213  1.000e-08    1.2  -0.6   1.3   0.3   1.9  0.096  0.3390  0.0147  0.0090
0.0896   11.48  0.250  6.718e-09    1.0  -0.4   1.0   0.2   1.2  0.096  0.3689  0.0077  0.0071
0.0897   14.95  0.326  3.694e-09    0.9  -0.2   0.8   0.3   0.8  0.096  0.3668  0.0063  0.0056
0.0895   19.88  0.433  1.954e-09    0.7  -0.1   1.2   0.7   0.9  0.096  0.3742  0.0047  0.0066
0.0903   26.06  0.558  1.062e-09    0.6   0.0   1.6   1.3   1.2  0.096  0.3865  0.0058  0.0094
0.1094   11.80  0.212  4.982e-09    1.1  -0.5   1.0   0.3   1.1  0.043  0.3427  0.0102  0.0070
0.1097   14.90  0.264  3.208e-09    1.0  -0.3   1.0   0.2   0.8  0.043  0.3688  0.0078  0.0062
0.1097   19.86  0.353  1.639e-09    0.8  -0.2   1.0   0.4   0.8  0.043  0.3599  0.0054  0.0054
0.1100   26.36  0.464  8.460e-10    0.7   0.0   1.3   0.7   1.0  0.043  0.3580  0.0055  0.0067
0.1106   34.48  0.601  4.834e-10    0.6   0.1   1.7   1.4   1.3  0.043  0.3849  0.0110  0.0099
0.1390   11.77  0.167  3.463e-09    1.3  -0.6   1.2   0.3   1.1  0.113  0.2929  0.0151  0.0064
0.1372   15.03  0.215  2.354e-09    1.1  -0.4   1.2   0.3   0.8  0.101  0.3332  0.0065  0.0063
0.1388   19.88  0.280  1.243e-09    0.9  -0.2   1.4   0.2   0.6  0.089  0.3291  0.0043  0.0058
0.1393   26.62  0.373  6.462e-10    0.7  -0.1   1.4   0.4   0.8  0.080  0.3328  0.0041  0.0059
0.1400   35.22  0.489  3.446e-10    0.6   0.0   1.4   0.8   1.0  0.073  0.3419  0.0067  0.0071
0.1790   15.07  0.165  1.705e-09    1.2  -0.5   1.3   0.3   0.5  0.085  0.3063  0.0084  0.0058
0.1795   19.99  0.218  8.991e-10    1.0  -0.3   1.5   0.2   0.6  0.075  0.2978  0.0050  0.0057
0.1791   26.74  0.291  4.814e-10    0.8  -0.1   1.7   0.2   0.6  0.066  0.3028  0.0045  0.0061
0.1799   35.13  0.378  2.574e-10    0.7   0.0   1.9   0.4   0.8  0.060  0.3017  0.0053  0.0067
0.1807   45.74  0.488  1.473e-10    0.6   0.1   2.1   0.8   1.0  0.055  0.3201  0.0099  0.0081
0.2240   15.14  0.133  1.192e-09    1.2  -0.4   1.0   0.3   0.5  0.074  0.2661  0.0083  0.0045
0.2242   19.97  0.175  6.788e-10    1.0  -0.2   1.3   0.3   0.5  0.064  0.2729  0.0051  0.0047
0.2241   26.76  0.233  3.529e-10    0.8  -0.1   1.7   0.2   0.6  0.056  0.2674  0.0043  0.0052
0.2239   35.30  0.306  1.864e-10    0.7   0.0   2.0   0.3   0.6  0.050  0.2609  0.0047  0.0058
0.2249   46.57  0.401  9.883e-11    0.6   0.1   2.4   0.5   0.8  0.045  0.2614  0.0075  0.0071
0.2646   16.06  0.119  9.405e-10    0.9  -0.1   0.8   0.0   0.1  0.065  0.2782  0.0232  0.0033
0.2740   19.99  0.143  4.845e-10    0.8   0.0   0.9   0.2   0.6  0.056  0.2346  0.0055  0.0031
0.2739   26.76  0.191  2.540e-10    0.7   0.1   1.2   0.2   0.5  0.049  0.2292  0.0045  0.0035
0.2745   35.42  0.251  1.398e-10    0.6   0.2   1.8   0.2   0.6  0.043  0.2328  0.0048  0.0046
0.2744   46.98  0.332  7.511e-11    0.6   0.3   2.4   0.4   0.7  0.038  0.2354  0.0071  0.0060
0.2769   59.79  0.413  3.105e-11    0.5   0.3   2.9   0.6   1.3  0.035  0.1698  0.0183  0.0057
0.3289   20.73  0.124  3.185e-10    0.0   0.8   1.2   0.2   0.5  0.050  0.1981  0.0058  0.0031
0.3440   26.73  0.153  1.567e-10    0.1   0.7   1.4   0.2   0.5  0.042  0.1739  0.0032  0.0029
0.3447   35.48  0.202  8.717e-11    0.2   0.7   1.5   0.1   0.5  0.037  0.1778  0.0032  0.0031
0.3455   46.61  0.262  4.561e-11    0.3   0.6   1.6   0.2   0.5  0.032  0.1694  0.0039  0.0032
0.3491   61.17  0.338  2.314e-11    0.3   0.6   2.6   0.4   1.2  0.029  0.1592  0.0106  0.0047
0.4334   27.70  0.125  8.355e-11   -2.7   3.8   2.8   0.2   0.5  0.037  0.1246  0.0035  0.0068
0.4657   35.56  0.150  3.690e-11   -1.9   3.1   3.3   0.1   0.5  0.031  0.0999  0.0021  0.0050
0.4702   46.58  0.194  1.972e-11   -1.3   2.5   3.6   0.1   0.5  0.027  0.0960  0.0024  0.0044
0.4772   62.24  0.254  8.989e-12   -0.8   2.1   3.7   0.2   1.1  0.023  0.0835  0.0054  0.0037