3.933372000000000084e-03 5.388488999999999640e-01 6.385508999999999880e+00 1.124477233540768673e+00 8.803747624501302715e-02 2.820562850789999979e-02
5.385446000000000330e-03 4.727152000000000021e-01 6.513714000000000226e+00 7.229621156131865733e-01 4.943946362647510390e-02 1.609812464400000101e-02
5.443846999999999922e-03 6.662858999999999865e-01 1.701745000000000019e+01 9.819599680801603947e-01 7.236632354287447777e-02 4.110041880167999984e-02
7.380643999999999573e-03 4.180626000000000064e-01 6.629871999999999765e+00 4.786683331129726326e-01 2.864735781777193874e-02 2.146607901675999866e-02
7.453969000000000393e-03 6.366920999999999831e-01 1.941631999999999891e+01 6.223030203704935648e-01 3.485919047878378169e-02 3.704865631479999782e-02
1.008900000000000075e-02 3.634872000000000103e-01 6.705040000000000333e+00 3.692233781947873439e-01 1.708932767797706823e-02 7.073551920959999205e-03
1.018369000000000045e-02 6.036960000000000104e-01 2.198685000000000045e+01 4.475538901428651739e-01 1.757902405127684253e-02 1.236546912024000071e-02
1.384673999999999974e-02 3.072010000000000018e-01 6.769171000000000049e+00 2.407097609542560024e-01 1.034315889707639047e-02 5.726488250649999952e-03
1.395721999999999935e-02 5.711019000000000512e-01 2.552637000000000000e+01 3.123129434469017474e-01 9.771831889560596979e-03 8.149773663200000906e-03
1.896743999999999861e-02 2.599884000000000084e-01 6.877659999999999663e+00 1.633724739759863931e-01 6.422341740384595460e-03 4.897687109579999983e-03
1.913016999999999843e-02 5.322972000000000259e-01 2.903607999999999834e+01 2.100572880421100463e-01 5.157132061090191101e-03 6.933435914790000206e-04
2.583279000000000131e-02 2.203935999999999951e-01 7.376332999999999807e+00 1.120660973282140982e-01 4.483971838331160358e-03 3.684024158080000198e-03
2.625477000000000019e-02 4.954916999999999794e-01 3.256609999999999872e+01 1.381124957375065299e-01 2.768338780547356746e-03 3.337565094679999754e-03
2.672810999999999937e-02 7.660614000000000035e-01 1.344927000000000135e+02 1.173834973477752702e-01 1.153338313928303945e-02 3.097958483010000100e-03
3.526047999999999683e-02 1.959050999999999987e-01 8.310871000000000564e+00 7.415318578795952742e-02 3.672123864236743161e-03 1.777400279014999850e-03
3.605851999999999669e-02 4.542116999999999960e-01 3.620935999999999666e+01 8.990920918672261342e-02 1.520278498377349496e-03 2.768675809129999936e-03
3.662239999999999940e-02 7.195519999999999694e-01 1.469219999999999970e+02 7.506802613549726222e-02 4.418588417590046079e-03 3.001541316992999489e-03
4.939468000000000331e-02 4.103762000000000243e-01 3.944847000000000037e+01 5.322890517525064730e-02 8.508143041128290790e-04 2.062782440119999890e-03
5.001425999999999789e-02 6.783763999999999905e-01 1.600531000000000006e+02 5.001648047333021735e-02 1.829000554983424565e-03 1.873889007430000085e-03
6.746665999999999774e-02 3.722419000000000144e-01 4.423606000000000193e+01 3.560979314840027193e-02 4.989495451542142477e-04 1.590342490502000142e-03
6.848136999999999974e-02 6.425998000000000543e-01 1.778285999999999945e+02 3.073456512200446744e-02 7.980298292326043616e-04 1.220868509315000067e-03
9.243350000000000177e-02 3.356207999999999969e-01 4.970383999999999958e+01 2.005047163599234239e-02 3.002465428533474499e-04 1.411733773839999977e-03
9.360282000000000324e-02 6.094829999999999970e-01 1.999819999999999993e+02 1.732711249897161618e-02 3.661030806943622721e-04 1.115200068839999892e-03
1.268654999999999922e-01 2.997870000000000257e-01 5.559333999999999776e+01 1.185764993021223672e-02 1.854421392075636258e-04 1.382905532800000111e-03
1.284060999999999952e-01 5.743390000000000439e-01 2.264560999999999922e+02 1.141715586515372645e-02 1.734191154896656155e-04 9.518789237851999971e-04
1.741477999999999915e-01 2.643705000000000083e-01 6.215444000000000102e+01 6.197749665224247008e-03 1.177149659785723914e-04 1.038967859650000072e-03
1.761083999999999983e-01 5.291388999999999676e-01 2.542067000000000121e+02 5.697888421125068756e-03 8.501535541274229870e-05 7.029737692290000161e-04
2.377418000000000031e-01 2.289864000000000066e-01 6.971442999999999302e+01 2.942873864417856668e-03 7.723768876117732992e-05 6.012955383499999501e-04
2.409518999999999966e-01 4.768839999999999746e-01 2.833519999999999754e+02 2.721522550236473229e-03 4.192060461918709232e-05 3.659145884120000125e-04
2.465397000000000005e-01 7.606498000000000426e-01 1.287087999999999965e+03 1.424572896968593402e-03 1.628446126384765582e-04 2.222287629080000259e-04
3.222282000000000202e-01 1.948222000000000009e-01 7.888716999999999757e+01 1.681414274905489430e-03 5.322399687853803928e-05 2.569271401120000204e-04
3.287858000000000169e-01 4.151136000000000270e-01 3.082839000000000169e+02 1.207475842541859586e-03 1.998329254389640005e-05 1.242060328409999896e-04
3.339919000000000082e-01 6.995464999999999600e-01 1.386224999999999909e+03 7.196455927804919954e-04 5.286048622834547451e-05 4.441417683548999569e-05
4.264070999999999834e-01 1.660982000000000014e-01 8.978730000000000189e+01 9.074735144252120671e-04 4.952912918070547958e-05 1.048022048331999931e-04
4.465122999999999731e-01 3.534641000000000033e-01 3.320914999999999964e+02 5.754031894296265459e-04 9.910522288481859025e-06 3.646035821144999733e-05
4.524384000000000183e-01 6.341029000000000249e-01 1.490602000000000089e+03 2.751931350435638077e-04 1.894540102061660844e-05 5.980102419059999705e-06
5.976987000000000272e-01 3.002314999999999845e-01 3.583168999999999755e+02 1.820039287029264906e-04 4.795353433872755460e-06 5.790124216800000189e-05
6.022330999999999657e-01 5.753302999999999612e-01 1.602413000000000011e+03 1.214853023408595488e-04 6.661080298217605255e-06 4.260941363063999135e-05
