1.011069000000000030e-02 3.492083999999999744e-01 6.725848000000000049e+00 1.922351100736315044e-01 1.701899765491789521e-02 3.649508551800000056e-02
1.022467999999999988e-02 6.131959999999999633e-01 2.139022999999999897e+01 2.196070563859131297e-01 1.684410256642164191e-02 1.209544835825999975e-02
1.376139000000000008e-02 2.951273999999999842e-01 6.762528999999999790e+00 1.073198247819205087e-01 1.092588563698665069e-02 2.019969344589999868e-02
1.388903000000000013e-02 5.776141000000000192e-01 2.486861999999999995e+01 1.532761401595180706e-01 9.879068296297820878e-03 1.837944283499999901e-02
1.910134999999999958e-02 2.404891000000000112e-01 6.850798000000000165e+00 9.232753169812399352e-02 7.399513536340353130e-03 4.932915966963000512e-03
1.927587000000000050e-02 5.411089000000000038e-01 2.915832999999999942e+01 1.024437372653614620e-01 5.583707745707789175e-03 6.001406752499999957e-04
2.595659000000000161e-02 2.065099999999999991e-01 7.344190000000000218e+00 6.090961750374560696e-02 4.667513522017226191e-03 1.486448939200000000e-02
2.634850999999999860e-02 5.013153999999999666e-01 3.332807999999999993e+01 6.359475653967047726e-02 2.720294532341586448e-03 7.095425141800000383e-03
3.585098999999999925e-02 4.558687000000000156e-01 3.721459999999999724e+01 2.807774832114920058e-02 1.501195491564693120e-03 8.245944352999998866e-03
4.931495999999999796e-02 4.117135000000000100e-01 4.102819000000000216e+01 2.438871730420602915e-02 9.674350586373810798e-04 6.507198851400000476e-04
5.019246000000000124e-02 6.958665000000000544e-01 1.521642999999999972e+02 2.392767139152996922e-02 1.997368762194191676e-03 3.731736214100000570e-03
6.799267000000000505e-02 3.651299000000000072e-01 4.571708999999999889e+01 1.824561293932586148e-02 4.996015771595535646e-04 2.425195002120000137e-03
6.900214999999999821e-02 6.495516999999999541e-01 1.694436000000000035e+02 1.217052978580277812e-02 7.556315230160629568e-04 6.491050611000000322e-04
9.257558000000000453e-02 3.246107999999999771e-01 5.084790999999999883e+01 9.465138565172252424e-03 2.862763284126302286e-04 2.259816079663999784e-03
9.378554999999999531e-02 6.148053999999999464e-01 1.927697000000000003e+02 1.041998925597215943e-02 3.254019120054287072e-04 9.333461959799999605e-04
1.255526999999999893e-01 2.886872999999999800e-01 5.627501999999999782e+01 6.656358608304389739e-03 2.122809284766621386e-04 3.864442182901999369e-04
1.272121999999999975e-01 5.793542999999999887e-01 2.206247999999999934e+02 5.062855268284266984e-03 1.903845818409056275e-04 1.694358066916000006e-04
1.752551999999999999e-01 2.510678000000000076e-01 6.306468000000000274e+01 3.082546438603422489e-03 1.251756489464146108e-04 4.888712688899999898e-04
1.776338000000000084e-01 5.397830999999999602e-01 2.571963999999999828e+02 2.407717530833966384e-03 8.049218545602644572e-05 1.550472150687999897e-04
2.383241000000000109e-01 2.175617999999999996e-01 7.067516000000000531e+01 2.318202762508125327e-03 7.252021980044216017e-05 5.065859332799999828e-04
2.417827999999999922e-01 5.025779000000000218e-01 2.949619999999999891e+02 1.533761097913477261e-03 3.378551232657634108e-05 2.494391040749999828e-04
3.164596000000000076e-01 1.946228000000000125e-01 7.892181999999999675e+01 6.182200400474835043e-04 5.527476904682897876e-05 1.693814497048000065e-04
3.219068999999999958e-01 4.612976999999999772e-01 3.264682000000000244e+02 7.212987721545752965e-04 1.826313441776093662e-05 7.290181960920000650e-05
4.582485000000000031e-01 4.025541000000000258e-01 3.584094999999999800e+02 2.295768738115815490e-04 7.512398276961071061e-06 2.901458683439999976e-06
6.225218000000000140e-01 3.621558000000000277e-01 4.017620999999999754e+02 3.398920141324381983e-05 1.703871097094491587e-06 1.356037326183999929e-05
6.327679999999999971e-01 6.571017000000000108e-01 1.566630000000000109e+03 2.647303117599760720e-05 1.895167077722095780e-06 9.382045451020000713e-07
8.198577999999999699e-01 3.305980000000000030e-01 4.554526999999999930e+02 2.824146819281324942e-06 8.585690503021247271e-08 5.412912213539999838e-07
8.296799999999999731e-01 6.184975000000000334e-01 1.708002999999999929e+03 9.816858657171596420e-07 5.929979672358177576e-08 2.764959077165999814e-07
