3.933372000000000084e-03 5.388488999999999640e-01 6.385508999999999880e+00 1.065586963599813641e+00 8.803747624501302715e-02 0.000000000000000000e+00
5.385446000000000330e-03 4.727152000000000021e-01 6.513714000000000226e+00 8.640577150650599059e-01 4.943946362647510390e-02 0.000000000000000000e+00
5.443846999999999922e-03 6.662858999999999865e-01 1.701745000000000019e+01 1.101596623806651909e+00 7.236632354287447777e-02 0.000000000000000000e+00
7.380643999999999573e-03 4.180626000000000064e-01 6.629871999999999765e+00 5.418228278527881248e-01 2.864735781777193874e-02 0.000000000000000000e+00
7.453969000000000393e-03 6.366920999999999831e-01 1.941631999999999891e+01 6.476763900424098441e-01 3.485919047878378169e-02 0.000000000000000000e+00
1.008900000000000075e-02 3.634872000000000103e-01 6.705040000000000333e+00 3.904407375826232651e-01 1.708932767797706823e-02 0.000000000000000000e+00
1.018369000000000045e-02 6.036960000000000104e-01 2.198685000000000045e+01 4.597326959234732113e-01 1.757902405127684253e-02 0.000000000000000000e+00
1.384673999999999974e-02 3.072010000000000018e-01 6.769171000000000049e+00 2.538719445832031130e-01 1.034315889707639047e-02 0.000000000000000000e+00
1.395721999999999935e-02 5.711019000000000512e-01 2.552637000000000000e+01 3.221368305465074355e-01 9.771831889560596979e-03 0.000000000000000000e+00
1.896743999999999861e-02 2.599884000000000084e-01 6.877659999999999663e+00 1.604895178661260857e-01 6.422341740384595460e-03 0.000000000000000000e+00
1.913016999999999843e-02 5.322972000000000259e-01 2.903607999999999834e+01 2.218752700896628738e-01 5.157132061090191101e-03 0.000000000000000000e+00
2.583279000000000131e-02 2.203935999999999951e-01 7.376332999999999807e+00 9.456048614221841675e-02 4.483971838331160358e-03 0.000000000000000000e+00
2.625477000000000019e-02 4.954916999999999794e-01 3.256609999999999872e+01 1.440117055694396520e-01 2.768338780547356746e-03 0.000000000000000000e+00
2.672810999999999937e-02 7.660614000000000035e-01 1.344927000000000135e+02 1.321920741391083287e-01 1.153338313928303945e-02 0.000000000000000000e+00
3.526047999999999683e-02 1.959050999999999987e-01 8.310871000000000564e+00 6.890223035307729837e-02 3.672123864236743161e-03 0.000000000000000000e+00
3.605851999999999669e-02 4.542116999999999960e-01 3.620935999999999666e+01 8.547232636081515678e-02 1.520278498377349496e-03 0.000000000000000000e+00
3.662239999999999940e-02 7.195519999999999694e-01 1.469219999999999970e+02 7.338567648686480926e-02 4.418588417590046079e-03 0.000000000000000000e+00
4.939468000000000331e-02 4.103762000000000243e-01 3.944847000000000037e+01 5.207349919753950784e-02 8.508143041128290790e-04 0.000000000000000000e+00
5.001425999999999789e-02 6.783763999999999905e-01 1.600531000000000006e+02 5.038055461893996972e-02 1.829000554983424565e-03 0.000000000000000000e+00
6.746665999999999774e-02 3.722419000000000144e-01 4.423606000000000193e+01 3.107242699753830217e-02 4.989495451542142477e-04 0.000000000000000000e+00
6.848136999999999974e-02 6.425998000000000543e-01 1.778285999999999945e+02 2.975962547282198084e-02 7.980298292326043616e-04 0.000000000000000000e+00
9.243350000000000177e-02 3.356207999999999969e-01 4.970383999999999958e+01 1.887506720513911634e-02 3.002465428533474499e-04 0.000000000000000000e+00
9.360282000000000324e-02 6.094829999999999970e-01 1.999819999999999993e+02 1.702262214376175711e-02 3.661030806943622721e-04 0.000000000000000000e+00
1.268654999999999922e-01 2.997870000000000257e-01 5.559333999999999776e+01 1.110494543136623415e-02 1.854421392075636258e-04 0.000000000000000000e+00
1.284060999999999952e-01 5.743390000000000439e-01 2.264560999999999922e+02 1.009421128289910048e-02 1.734191154896656155e-04 0.000000000000000000e+00
1.741477999999999915e-01 2.643705000000000083e-01 6.215444000000000102e+01 6.364293070994543611e-03 1.177149659785723914e-04 0.000000000000000000e+00
1.761083999999999983e-01 5.291388999999999676e-01 2.542067000000000121e+02 5.615738977833985984e-03 8.501535541274229870e-05 0.000000000000000000e+00
2.377418000000000031e-01 2.289864000000000066e-01 6.971442999999999302e+01 3.536283277827956695e-03 7.723768876117732992e-05 0.000000000000000000e+00
2.409518999999999966e-01 4.768839999999999746e-01 2.833519999999999754e+02 2.844172163463813945e-03 4.192060461918709232e-05 0.000000000000000000e+00
2.465397000000000005e-01 7.606498000000000426e-01 1.287087999999999965e+03 1.983284758263366247e-03 1.628446126384765582e-04 0.000000000000000000e+00
3.222282000000000202e-01 1.948222000000000009e-01 7.888716999999999757e+01 1.678464656406741199e-03 5.322399687853803928e-05 0.000000000000000000e+00
3.287858000000000169e-01 4.151136000000000270e-01 3.082839000000000169e+02 1.247471840915902229e-03 1.998329254389640005e-05 0.000000000000000000e+00
3.339919000000000082e-01 6.995464999999999600e-01 1.386224999999999909e+03 6.947671623342263538e-04 5.286048622834547451e-05 0.000000000000000000e+00
4.264070999999999834e-01 1.660982000000000014e-01 8.978730000000000189e+01 8.721473105335310555e-04 4.952912918070547958e-05 0.000000000000000000e+00
4.465122999999999731e-01 3.534641000000000033e-01 3.320914999999999964e+02 5.351311647320190377e-04 9.910522288481859025e-06 0.000000000000000000e+00
4.524384000000000183e-01 6.341029000000000249e-01 1.490602000000000089e+03 2.861315525673448147e-04 1.894540102061660844e-05 0.000000000000000000e+00
5.976987000000000272e-01 3.002314999999999845e-01 3.583168999999999755e+02 1.619681613966661785e-04 4.795353433872755460e-06 0.000000000000000000e+00
6.022330999999999657e-01 5.753302999999999612e-01 1.602413000000000011e+03 8.286313773949524760e-05 6.661080298217605255e-06 0.000000000000000000e+00
