*  Total number of systematic sources *
   99
   36     AVE 99 99    1     0.000 O 1 2 3 4 5 6 7 8 9101112131415161718192021222324252627282930313233343536373839404142434445464748495051525354555657585960616263646566676869707172737475767778798081828384858687888990919293949596979899
 0.2000000E-02 0.2571428E+04 0.3600000E+02 0.9386482E+01 0.2605765E-01 0.8267550E-02 0.3212396E-01
  0.0000  0.0000  0.0000 -0.0000 -0.0000 -0.0000  0.0000  0.0000 -0.0000 -0.0000 -0.0000 -0.0000 -0.0000  0.0000  0.0000 -0.0000 -0.0000  0.0000 -0.0000  0.0000 -0.0000 -0.0000 -0.0000 -0.0000 -0.0000 -0.0000 -0.0000 -0.0000 -0.0000 -0.0000 -0.0000 -0.0000 -0.0000 -0.0000 -0.0000 -0.0000 -0.0000 -0.0000 -0.0000 -0.0000 -0.0000 -0.0000 -0.0000 -0.0000 -0.0000 -0.0000 -0.0000 -0.0000 -0.0000 -0.0000 -0.0000 -0.0000 -0.0000 -0.0000 -0.0000  0.0000 -0.0000  0.0000  0.0000  0.0000 -0.0000 -0.0000 -0.0000 -0.0000 -0.0000 -0.0000 -0.0000 -0.0000  0.0016  0.0009  0.0058  0.0042  0.0051  0.0138  0.0057  0.0131 -0.0241 -0.0011 -0.0742 -0.0055 -0.0044 -0.0573  0.0109 -0.0103  0.0028  0.0568  0.0229 -0.0447  0.0559  0.0181 -0.0550 -0.0279  0.0064 -0.0111 -0.0012  0.0584  0.0436 -0.0604 -0.0061
 0.6000000E-02 0.8571429E+03 0.3600000E+02 0.9346481E+01 0.2608745E-01 0.7060604E-02 0.2963660E-01
 -0.0000  0.0000  0.0000 -0.0000 -0.0000 -0.0000 -0.0000 -0.0000 -0.0000  0.0000 -0.0000 -0.0000 -0.0000  0.0000  0.0000  0.0000 -0.0000  0.0000  0.0000 -0.0000 -0.0000 -0.0000 -0.0000 -0.0000 -0.0000 -0.0000 -0.0000 -0.0000 -0.0000 -0.0000 -0.0000 -0.0000 -0.0000 -0.0000 -0.0000 -0.0000 -0.0000 -0.0000 -0.0000 -0.0000 -0.0000 -0.0000 -0.0000 -0.0000 -0.0000 -0.0000 -0.0000 -0.0000 -0.0000 -0.0000 -0.0000 -0.0000 -0.0000 -0.0000 -0.0000 -0.0000 -0.0000  0.0000  0.0000  0.0000  0.0000 -0.0000  0.0000  0.0000 -0.0000 -0.0000 -0.0000 -0.0000  0.0011  0.0014  0.0013 -0.0000  0.0008  0.0029  0.0002  0.0039 -0.0098 -0.0002 -0.0148  0.0060  0.0051 -0.0189  0.0017 -0.0061 -0.0000  0.0209 -0.0018 -0.0300  0.0488  0.0062 -0.0493 -0.0263 -0.0001 -0.0009  0.0387  0.0604  0.0070 -0.0634 -0.0056
 0.1000000E-01 0.5142857E+03 0.3600000E+02 0.9115487E+01 0.2590246E-01 0.7231245E-02 0.2904973E-01
 -0.0000  0.0000  0.0000  0.0000 -0.0000 -0.0000 -0.0000 -0.0000 -0.0000  0.0000 -0.0000  0.0000 -0.0000  0.0000  0.0000  0.0000 -0.0000  0.0000  0.0000 -0.0000 -0.0000 -0.0000 -0.0000 -0.0000 -0.0000 -0.0000 -0.0000 -0.0000 -0.0000 -0.0000 -0.0000 -0.0000 -0.0000 -0.0000 -0.0000 -0.0000 -0.0000 -0.0000 -0.0000 -0.0000 -0.0000 -0.0000 -0.0000 -0.0000 -0.0000 -0.0000 -0.0000 -0.0000 -0.0000 -0.0000 -0.0000 -0.0000 -0.0000 -0.0000 -0.0000 -0.0000 -0.0000  0.0000  0.0000  0.0000  0.0000 -0.0000  0.0000  0.0000 -0.0000 -0.0000 -0.0000 -0.0000  0.0007  0.0011  0.0015 -0.0008 -0.0004  0.0029 -0.0001  0.0015 -0.0053  0.0006 -0.0045  0.0108  0.0096 -0.0087  0.0051 -0.0055  0.0074  0.0122  0.0102 -0.0367  0.0312  0.0118 -0.0461 -0.0146  0.0107 -0.0109 -0.0022  0.0446  0.0196 -0.0800 -0.0001
 0.1400000E-01 0.3673469E+03 0.3600000E+02 0.8908455E+01 0.2499281E-01 0.7098572E-02 0.2813572E-01
 -0.0000  0.0000  0.0000 -0.0000 -0.0000 -0.0000 -0.0000 -0.0000 -0.0000  0.0000  0.0000  0.0000 -0.0000  0.0000  0.0000  0.0000 -0.0000  0.0000  0.0000 -0.0000 -0.0000 -0.0000 -0.0000 -0.0000 -0.0000 -0.0000 -0.0000 -0.0000 -0.0000 -0.0000 -0.0000 -0.0000 -0.0000 -0.0000 -0.0000 -0.0000 -0.0000 -0.0000 -0.0000 -0.0000 -0.0000 -0.0000 -0.0000 -0.0000 -0.0000 -0.0000 -0.0000 -0.0000 -0.0000 -0.0000 -0.0000 -0.0000 -0.0000 -0.0000 -0.0000 -0.0000  0.0000 -0.0000  0.0000  0.0000  0.0000 -0.0000 -0.0000  0.0000 -0.0000 -0.0000 -0.0000 -0.0000  0.0006  0.0018  0.0002 -0.0012 -0.0005  0.0008 -0.0012  0.0010 -0.0063 -0.0005  0.0002  0.0113  0.0081 -0.0075 -0.0020 -0.0047  0.0034  0.0088  0.0072 -0.0344  0.0306  0.0121 -0.0523 -0.0081 -0.0062  0.0021  0.0345  0.0496  0.0089 -0.0734  0.0000
 0.1800000E-01 0.2857143E+03 0.3600000E+02 0.8607303E+01 0.2508531E-01 0.6664149E-02 0.2800118E-01
 -0.0000  0.0000  0.0000 -0.0000 -0.0000 -0.0000 -0.0000 -0.0000 -0.0000  0.0000  0.0000  0.0000 -0.0000  0.0000  0.0000  0.0000 -0.0000  0.0000  0.0000 -0.0000 -0.0000 -0.0000 -0.0000 -0.0000 -0.0000 -0.0000 -0.0000 -0.0000 -0.0000 -0.0000 -0.0000 -0.0000 -0.0000 -0.0000 -0.0000 -0.0000 -0.0000 -0.0000 -0.0000 -0.0000 -0.0000 -0.0000 -0.0000 -0.0000 -0.0000 -0.0000 -0.0000 -0.0000 -0.0000 -0.0000 -0.0000 -0.0000 -0.0000 -0.0000 -0.0000 -0.0000  0.0000 -0.0000 -0.0000  0.0000  0.0000 -0.0000  0.0000  0.0000 -0.0000 -0.0000 -0.0000  0.0000  0.0006  0.0016  0.0001 -0.0018 -0.0010  0.0003 -0.0006  0.0012 -0.0043 -0.0007  0.0042  0.0113  0.0091 -0.0048 -0.0010 -0.0038  0.0053  0.0026  0.0024 -0.0414  0.0343  0.0036 -0.0509 -0.0149 -0.0070 -0.0361  0.0207  0.0466  0.0036 -0.0696 -0.0072
 0.2200000E-01 0.2337662E+03 0.3600000E+02 0.8195722E+01 0.2441683E-01 0.6788125E-02 0.2711394E-01
 -0.0000  0.0000  0.0000 -0.0000 -0.0000 -0.0000 -0.0000 -0.0000 -0.0000  0.0000  0.0000  0.0000  0.0000  0.0000  0.0000  0.0000 -0.0000  0.0000  0.0000 -0.0000 -0.0000 -0.0000 -0.0000 -0.0000 -0.0000 -0.0000 -0.0000 -0.0000 -0.0000 -0.0000 -0.0000 -0.0000 -0.0000 -0.0000 -0.0000 -0.0000 -0.0000 -0.0000 -0.0000 -0.0000 -0.0000 -0.0000 -0.0000 -0.0000 -0.0000 -0.0000 -0.0000 -0.0000 -0.0000 -0.0000 -0.0000 -0.0000 -0.0000 -0.0000 -0.0000 -0.0000  0.0000 -0.0000 -0.0000  0.0000  0.0000 -0.0000  0.0000  0.0000 -0.0000 -0.0000 -0.0000  0.0000  0.0011  0.0016  0.0002 -0.0021 -0.0017  0.0001 -0.0012 -0.0004 -0.0027  0.0002  0.0075  0.0113  0.0118  0.0013 -0.0033 -0.0084  0.0044  0.0098 -0.0034 -0.0257  0.0263  0.0191 -0.0469 -0.0230 -0.0092 -0.0005  0.0241  0.0318  0.0123 -0.0835  0.0053
 0.2650000E-01 0.1940701E+03 0.3600000E+02 0.7839934E+01 0.2161757E-01 0.6662823E-02 0.2442248E-01
 -0.0000 -0.0000  0.0000 -0.0000  0.0000  0.0000 -0.0000 -0.0000  0.0000  0.0000  0.0000  0.0000  0.0000  0.0000 -0.0000  0.0000 -0.0000  0.0000  0.0000 -0.0000 -0.0000 -0.0000 -0.0000 -0.0000 -0.0000 -0.0000 -0.0000 -0.0000 -0.0000 -0.0000 -0.0000 -0.0000 -0.0000 -0.0000 -0.0000 -0.0000 -0.0000 -0.0000 -0.0000 -0.0000 -0.0000 -0.0000 -0.0000 -0.0000 -0.0000 -0.0000 -0.0000 -0.0000 -0.0000 -0.0000 -0.0000 -0.0000 -0.0000 -0.0000 -0.0000 -0.0000  0.0000 -0.0000 -0.0000  0.0000  0.0000  0.0000  0.0000  0.0000 -0.0000 -0.0000 -0.0000  0.0000  0.0009  0.0014 -0.0001 -0.0018 -0.0016 -0.0008 -0.0017 -0.0006 -0.0020  0.0006  0.0100  0.0129  0.0115  0.0009 -0.0028 -0.0060  0.0021  0.0031 -0.0047 -0.0352  0.0309  0.0184 -0.0445 -0.0183 -0.0040 -0.0057  0.0255  0.0400  0.0028 -0.0783 -0.0022
 0.3150000E-01 0.1632653E+03 0.3600000E+02 0.7407402E+01 0.2066500E-01 0.5899047E-02 0.2320528E-01
 -0.0000 -0.0000  0.0000 -0.0000  0.0000  0.0000 -0.0000 -0.0000  0.0000  0.0000  0.0000  0.0000  0.0000  0.0000 -0.0000  0.0000 -0.0000  0.0000  0.0000 -0.0000 -0.0000 -0.0000 -0.0000 -0.0000 -0.0000 -0.0000 -0.0000 -0.0000 -0.0000 -0.0000 -0.0000 -0.0000 -0.0000 -0.0000 -0.0000 -0.0000 -0.0000 -0.0000 -0.0000 -0.0000 -0.0000 -0.0000 -0.0000 -0.0000 -0.0000 -0.0000 -0.0000 -0.0000 -0.0000 -0.0000 -0.0000 -0.0000 -0.0000 -0.0000 -0.0000 -0.0000  0.0000 -0.0000 -0.0000  0.0000  0.0000  0.0000  0.0000  0.0000 -0.0000 -0.0000 -0.0000  0.0000  0.0009  0.0013 -0.0004 -0.0016 -0.0014 -0.0008 -0.0019 -0.0014 -0.0018  0.0010  0.0109  0.0144  0.0103  0.0019 -0.0011 -0.0037  0.0023  0.0008 -0.0035 -0.0327  0.0315  0.0216 -0.0362 -0.0176 -0.0002 -0.0023  0.0201  0.0455  0.0045 -0.0827  0.0005
 0.3650000E-01 0.1409002E+03 0.3600000E+02 0.6902545E+01 0.2034186E-01 0.5762913E-02 0.2261641E-01
 -0.0000 -0.0000  0.0000 -0.0000  0.0000  0.0000 -0.0000 -0.0000  0.0000  0.0000  0.0000  0.0000  0.0000  0.0000 -0.0000  0.0000 -0.0000  0.0000  0.0000 -0.0000 -0.0000 -0.0000 -0.0000 -0.0000 -0.0000 -0.0000 -0.0000 -0.0000 -0.0000 -0.0000 -0.0000 -0.0000 -0.0000 -0.0000 -0.0000 -0.0000 -0.0000 -0.0000 -0.0000 -0.0000 -0.0000 -0.0000 -0.0000 -0.0000 -0.0000 -0.0000 -0.0000 -0.0000 -0.0000 -0.0000 -0.0000 -0.0000 -0.0000 -0.0000 -0.0000 -0.0000  0.0000 -0.0000 -0.0000  0.0000  0.0000  0.0000  0.0000  0.0000 -0.0000  0.0000 -0.0000  0.0000  0.0008  0.0011 -0.0001 -0.0016 -0.0015 -0.0008 -0.0017 -0.0008 -0.0011  0.0010  0.0111  0.0147  0.0119  0.0022 -0.0011 -0.0061  0.0047  0.0009  0.0020 -0.0341  0.0281  0.0152 -0.0411 -0.0138 -0.0065 -0.0038  0.0226  0.0399 -0.0002 -0.0821  0.0017
 0.4200000E-01 0.1224490E+03 0.3600000E+02 0.6396038E+01 0.1757910E-01 0.4847212E-02 0.1972920E-01
 -0.0000 -0.0000  0.0000 -0.0000  0.0000  0.0000 -0.0000 -0.0000 -0.0000  0.0000  0.0000  0.0000  0.0000  0.0000 -0.0000  0.0000 -0.0000  0.0000  0.0000 -0.0000 -0.0000 -0.0000 -0.0000 -0.0000 -0.0000 -0.0000 -0.0000 -0.0000 -0.0000 -0.0000 -0.0000 -0.0000 -0.0000 -0.0000 -0.0000 -0.0000 -0.0000 -0.0000 -0.0000 -0.0000 -0.0000 -0.0000 -0.0000 -0.0000 -0.0000 -0.0000 -0.0000 -0.0000 -0.0000 -0.0000 -0.0000 -0.0000 -0.0000 -0.0000 -0.0000 -0.0000  0.0000 -0.0000 -0.0000  0.0000  0.0000  0.0000  0.0000  0.0000 -0.0000 -0.0000  0.0000  0.0000  0.0010  0.0010  0.0002 -0.0011 -0.0015 -0.0007 -0.0023 -0.0012  0.0006  0.0016  0.0117  0.0147  0.0130  0.0049 -0.0013 -0.0066  0.0035  0.0039 -0.0024 -0.0335  0.0300  0.0197 -0.0368 -0.0071  0.0031 -0.0128 -0.0051  0.0313  0.0038 -0.0906  0.0008
 0.4800000E-01 0.1071429E+03 0.3600000E+02 0.5874889E+01 0.1668829E-01 0.4441576E-02 0.1862745E-01
 -0.0000 -0.0000  0.0000 -0.0000  0.0000  0.0000 -0.0000 -0.0000 -0.0000  0.0000  0.0000  0.0000  0.0000  0.0000 -0.0000  0.0000 -0.0000  0.0000  0.0000 -0.0000 -0.0000 -0.0000 -0.0000 -0.0000 -0.0000 -0.0000 -0.0000 -0.0000 -0.0000 -0.0000 -0.0000 -0.0000 -0.0000 -0.0000 -0.0000 -0.0000 -0.0000 -0.0000 -0.0000 -0.0000 -0.0000 -0.0000 -0.0000 -0.0000 -0.0000 -0.0000 -0.0000 -0.0000 -0.0000 -0.0000 -0.0000 -0.0000 -0.0000 -0.0000 -0.0000 -0.0000  0.0000 -0.0000 -0.0000  0.0000  0.0000  0.0000  0.0000  0.0000 -0.0000  0.0000 -0.0000  0.0000  0.0009  0.0010 -0.0004 -0.0018 -0.0011 -0.0012 -0.0025 -0.0017  0.0005  0.0014  0.0129  0.0163  0.0121  0.0066 -0.0031 -0.0086  0.0007  0.0000 -0.0090 -0.0276  0.0246  0.0207 -0.0363 -0.0252 -0.0064 -0.0017  0.0307  0.0372 -0.0043 -0.0847  0.0008
 0.5400000E-01 0.9523809E+02 0.3600000E+02 0.5437522E+01 0.1589072E-01 0.4448078E-02 0.1768315E-01
 -0.0000 -0.0000  0.0000  0.0000  0.0000 -0.0000 -0.0000 -0.0000 -0.0000 -0.0000  0.0000  0.0000  0.0000 -0.0000 -0.0000  0.0000  0.0000  0.0000 -0.0000 -0.0000 -0.0000 -0.0000 -0.0000 -0.0000 -0.0000 -0.0000 -0.0000 -0.0000 -0.0000 -0.0000 -0.0000 -0.0000 -0.0000 -0.0000 -0.0000 -0.0000 -0.0000 -0.0000 -0.0000 -0.0000 -0.0000 -0.0000 -0.0000 -0.0000 -0.0000 -0.0000 -0.0000 -0.0000 -0.0000 -0.0000 -0.0000 -0.0000 -0.0000 -0.0000 -0.0000 -0.0000  0.0000 -0.0000 -0.0000 -0.0000  0.0000  0.0000  0.0000  0.0000  0.0000  0.0000  0.0000  0.0000  0.0011  0.0005  0.0001 -0.0014 -0.0011 -0.0011 -0.0022 -0.0010  0.0013  0.0005  0.0142  0.0171  0.0103  0.0028 -0.0042 -0.0045  0.0068 -0.0011 -0.0005 -0.0363  0.0256  0.0101 -0.0415 -0.0138 -0.0119 -0.0096  0.0058  0.0283 -0.0065 -0.0886 -0.0001
 0.6050000E-01 0.8500591E+02 0.3600000E+02 0.4956682E+01 0.1416260E-01 0.3929653E-02 0.1596684E-01
  0.0000 -0.0000  0.0000  0.0000  0.0000 -0.0000  0.0000 -0.0000 -0.0000 -0.0000  0.0000  0.0000  0.0000 -0.0000 -0.0000  0.0000  0.0000  0.0000 -0.0000  0.0000 -0.0000 -0.0000 -0.0000 -0.0000 -0.0000 -0.0000 -0.0000 -0.0000 -0.0000 -0.0000 -0.0000 -0.0000 -0.0000 -0.0000 -0.0000 -0.0000 -0.0000 -0.0000 -0.0000 -0.0000 -0.0000 -0.0000 -0.0000 -0.0000 -0.0000 -0.0000 -0.0000 -0.0000 -0.0000 -0.0000 -0.0000 -0.0000 -0.0000 -0.0000 -0.0000  0.0000  0.0000 -0.0000 -0.0000 -0.0000  0.0000  0.0000  0.0000  0.0000  0.0000  0.0000  0.0000  0.0000  0.0014  0.0004  0.0008 -0.0017 -0.0016 -0.0009 -0.0025 -0.0008  0.0036  0.0007  0.0143  0.0176  0.0128  0.0065 -0.0041 -0.0086  0.0017  0.0040 -0.0033 -0.0256  0.0286  0.0200 -0.0512 -0.0159 -0.0042 -0.0047  0.0281  0.0291 -0.0161 -0.0910  0.0021
 0.6800000E-01 0.7563025E+02 0.3600000E+02 0.4506842E+01 0.1269900E-01 0.3873962E-02 0.1440756E-01
  0.0000 -0.0000 -0.0000  0.0000  0.0000 -0.0000  0.0000  0.0000 -0.0000 -0.0000  0.0000  0.0000  0.0000 -0.0000 -0.0000 -0.0000  0.0000 -0.0000 -0.0000  0.0000 -0.0000 -0.0000 -0.0000 -0.0000 -0.0000 -0.0000 -0.0000 -0.0000 -0.0000 -0.0000 -0.0000 -0.0000 -0.0000 -0.0000 -0.0000 -0.0000 -0.0000 -0.0000 -0.0000 -0.0000 -0.0000 -0.0000 -0.0000 -0.0000 -0.0000 -0.0000 -0.0000 -0.0000 -0.0000 -0.0000 -0.0000 -0.0000 -0.0000 -0.0000 -0.0000  0.0000  0.0000 -0.0000 -0.0000 -0.0000  0.0000  0.0000  0.0000  0.0000  0.0000  0.0000  0.0000  0.0000  0.0012 -0.0001  0.0009 -0.0012 -0.0012 -0.0003 -0.0022 -0.0013  0.0035  0.0010  0.0137  0.0184  0.0128  0.0035 -0.0022 -0.0061  0.0070  0.0016 -0.0041 -0.0423  0.0290  0.0123 -0.0415 -0.0193 -0.0035 -0.0021  0.0012  0.0267 -0.0168 -0.0932 -0.0028
 0.7650000E-01 0.6722689E+02 0.3600000E+02 0.3987718E+01 0.1135852E-01 0.2977354E-02 0.1275805E-01
  0.0000 -0.0000  0.0000  0.0000  0.0000 -0.0000  0.0000 -0.0000 -0.0000 -0.0000  0.0000  0.0000  0.0000 -0.0000 -0.0000 -0.0000  0.0000 -0.0000 -0.0000  0.0000 -0.0000 -0.0000 -0.0000 -0.0000 -0.0000 -0.0000 -0.0000 -0.0000 -0.0000 -0.0000 -0.0000 -0.0000 -0.0000 -0.0000 -0.0000 -0.0000 -0.0000 -0.0000 -0.0000 -0.0000 -0.0000 -0.0000 -0.0000 -0.0000 -0.0000 -0.0000 -0.0000 -0.0000 -0.0000 -0.0000 -0.0000 -0.0000 -0.0000 -0.0000 -0.0000  0.0000  0.0000  0.0000 -0.0000 -0.0000  0.0000  0.0000  0.0000  0.0000  0.0000  0.0000  0.0000  0.0000  0.0019  0.0002  0.0016 -0.0011 -0.0022 -0.0006 -0.0031 -0.0005  0.0045  0.0006  0.0145  0.0164  0.0147  0.0072 -0.0053 -0.0092  0.0007  0.0034 -0.0077 -0.0366  0.0233  0.0231 -0.0485 -0.0203  0.0075 -0.0083  0.0049  0.0235 -0.0204 -0.0913 -0.0056
 0.8600000E-01 0.5980066E+02 0.3600000E+02 0.3561200E+01 0.1004882E-01 0.2804884E-02 0.1137878E-01
  0.0000 -0.0000 -0.0000  0.0000  0.0000 -0.0000  0.0000  0.0000 -0.0000 -0.0000  0.0000  0.0000  0.0000 -0.0000 -0.0000 -0.0000  0.0000 -0.0000 -0.0000  0.0000 -0.0000 -0.0000 -0.0000 -0.0000 -0.0000 -0.0000 -0.0000 -0.0000 -0.0000 -0.0000 -0.0000 -0.0000 -0.0000 -0.0000 -0.0000 -0.0000 -0.0000 -0.0000 -0.0000 -0.0000 -0.0000 -0.0000 -0.0000 -0.0000 -0.0000 -0.0000 -0.0000 -0.0000 -0.0000 -0.0000 -0.0000 -0.0000 -0.0000 -0.0000 -0.0000  0.0000 -0.0000  0.0000 -0.0000 -0.0000  0.0000  0.0000  0.0000  0.0000  0.0000  0.0000  0.0000  0.0000  0.0017  0.0001  0.0015 -0.0010 -0.0006 -0.0001 -0.0031  0.0001  0.0040 -0.0004  0.0122  0.0168  0.0115  0.0046  0.0008 -0.0074  0.0009  0.0017 -0.0006 -0.0373  0.0201  0.0203 -0.0390 -0.0102 -0.0048 -0.0374  0.0218  0.0282 -0.0251 -0.0916 -0.0067
 0.9650000E-01 0.5329385E+02 0.3600000E+02 0.3137524E+01 0.8949092E-02 0.2391932E-02 0.1006042E-01
  0.0000 -0.0000 -0.0000  0.0000  0.0000 -0.0000  0.0000  0.0000 -0.0000 -0.0000  0.0000  0.0000  0.0000 -0.0000 -0.0000 -0.0000  0.0000 -0.0000 -0.0000  0.0000 -0.0000 -0.0000 -0.0000 -0.0000 -0.0000 -0.0000 -0.0000 -0.0000 -0.0000 -0.0000 -0.0000 -0.0000 -0.0000 -0.0000 -0.0000 -0.0000 -0.0000 -0.0000 -0.0000 -0.0000 -0.0000 -0.0000 -0.0000 -0.0000 -0.0000 -0.0000 -0.0000 -0.0000 -0.0000 -0.0000 -0.0000 -0.0000 -0.0000 -0.0000 -0.0000  0.0000 -0.0000  0.0000 -0.0000 -0.0000  0.0000  0.0000  0.0000  0.0000  0.0000  0.0000  0.0000  0.0000  0.0021 -0.0002  0.0022 -0.0002 -0.0009 -0.0008 -0.0037  0.0004  0.0053 -0.0003  0.0119  0.0172  0.0132  0.0069 -0.0033 -0.0077 -0.0002  0.0075 -0.0078 -0.0373  0.0201  0.0126 -0.0413 -0.0082  0.0060 -0.0085  0.0217  0.0307 -0.0329 -0.0915 -0.0075
 0.1080000E+00 0.4761905E+02 0.3600000E+02 0.2756601E+01 0.8062661E-02 0.1868441E-02 0.8979639E-02
  0.0000 -0.0000 -0.0000  0.0000  0.0000 -0.0000  0.0000  0.0000 -0.0000 -0.0000 -0.0000  0.0000  0.0000 -0.0000 -0.0000 -0.0000  0.0000 -0.0000 -0.0000  0.0000 -0.0000 -0.0000 -0.0000 -0.0000 -0.0000 -0.0000 -0.0000 -0.0000 -0.0000 -0.0000 -0.0000 -0.0000 -0.0000 -0.0000 -0.0000 -0.0000 -0.0000 -0.0000 -0.0000 -0.0000 -0.0000 -0.0000 -0.0000 -0.0000 -0.0000 -0.0000 -0.0000 -0.0000 -0.0000 -0.0000 -0.0000 -0.0000 -0.0000 -0.0000 -0.0000  0.0000 -0.0000  0.0000 -0.0000 -0.0000 -0.0000  0.0000 -0.0000 -0.0000  0.0000  0.0000  0.0000  0.0000  0.0017 -0.0003  0.0021  0.0004 -0.0011 -0.0005 -0.0035  0.0010  0.0065 -0.0008  0.0114  0.0180  0.0126  0.0050 -0.0002 -0.0060  0.0012  0.0067 -0.0053 -0.0440  0.0199  0.0145 -0.0393 -0.0042  0.0071 -0.0093  0.0001  0.0256 -0.0327 -0.0955 -0.0088
 0.1210000E+00 0.4250295E+02 0.3600000E+02 0.2370963E+01 0.6906661E-02 0.2062059E-02 0.7687746E-02
  0.0000 -0.0000 -0.0000  0.0000  0.0000 -0.0000  0.0000  0.0000 -0.0000 -0.0000 -0.0000  0.0000  0.0000 -0.0000 -0.0000 -0.0000  0.0000 -0.0000 -0.0000  0.0000 -0.0000 -0.0000 -0.0000 -0.0000 -0.0000 -0.0000 -0.0000 -0.0000 -0.0000 -0.0000 -0.0000 -0.0000 -0.0000 -0.0000 -0.0000 -0.0000 -0.0000 -0.0000 -0.0000 -0.0000 -0.0000 -0.0000 -0.0000 -0.0000 -0.0000 -0.0000 -0.0000 -0.0000 -0.0000 -0.0000 -0.0000 -0.0000 -0.0000 -0.0000 -0.0000  0.0000 -0.0000  0.0000 -0.0000 -0.0000  0.0000  0.0000  0.0000 -0.0000  0.0000  0.0000  0.0000  0.0000  0.0017 -0.0005  0.0022 -0.0002 -0.0014 -0.0000 -0.0035  0.0009  0.0059 -0.0003  0.0104  0.0163  0.0112  0.0053  0.0012 -0.0073 -0.0007  0.0038 -0.0057 -0.0335  0.0150  0.0161 -0.0294 -0.0211  0.0033 -0.0097  0.0121  0.0202 -0.0349 -0.0847 -0.0076
 0.1365000E+00 0.3767661E+02 0.3600000E+02 0.2017484E+01 0.5681380E-02 0.1597995E-02 0.6337519E-02
  0.0000 -0.0000 -0.0000  0.0000  0.0000 -0.0000  0.0000  0.0000 -0.0000 -0.0000 -0.0000 -0.0000  0.0000 -0.0000 -0.0000 -0.0000  0.0000 -0.0000 -0.0000  0.0000 -0.0000 -0.0000 -0.0000 -0.0000 -0.0000 -0.0000 -0.0000 -0.0000 -0.0000 -0.0000 -0.0000 -0.0000 -0.0000 -0.0000 -0.0000 -0.0000 -0.0000 -0.0000 -0.0000 -0.0000 -0.0000 -0.0000 -0.0000 -0.0000 -0.0000 -0.0000 -0.0000 -0.0000 -0.0000 -0.0000 -0.0000 -0.0000 -0.0000 -0.0000 -0.0000  0.0000 -0.0000  0.0000 -0.0000 -0.0000 -0.0000  0.0000  0.0000 -0.0000  0.0000  0.0000  0.0000  0.0000  0.0018 -0.0006  0.0022  0.0004 -0.0001  0.0001 -0.0041  0.0019  0.0062 -0.0008  0.0088  0.0163  0.0094  0.0037 -0.0013 -0.0068 -0.0000  0.0119 -0.0063 -0.0293  0.0117  0.0085 -0.0315 -0.0040  0.0065 -0.0074  0.0143  0.0172 -0.0391 -0.0902 -0.0044
 0.1550000E+00 0.3317972E+02 0.3600000E+02 0.1686588E+01 0.4858805E-02 0.1203104E-02 0.5375250E-02
  0.0000 -0.0000 -0.0000  0.0000  0.0000 -0.0000  0.0000  0.0000 -0.0000 -0.0000 -0.0000 -0.0000  0.0000 -0.0000 -0.0000 -0.0000  0.0000 -0.0000 -0.0000  0.0000 -0.0000 -0.0000 -0.0000 -0.0000 -0.0000 -0.0000 -0.0000 -0.0000 -0.0000 -0.0000 -0.0000 -0.0000 -0.0000 -0.0000 -0.0000 -0.0000 -0.0000 -0.0000 -0.0000 -0.0000 -0.0000 -0.0000 -0.0000 -0.0000 -0.0000 -0.0000 -0.0000 -0.0000 -0.0000 -0.0000 -0.0000 -0.0000 -0.0000 -0.0000 -0.0000  0.0000 -0.0000  0.0000 -0.0000 -0.0000 -0.0000  0.0000 -0.0000  0.0000  0.0000  0.0000  0.0000  0.0000  0.0017 -0.0008  0.0027  0.0007 -0.0005 -0.0003 -0.0048  0.0023  0.0057 -0.0007  0.0056  0.0163  0.0110  0.0031 -0.0000 -0.0122 -0.0031  0.0114 -0.0079 -0.0270  0.0112  0.0087 -0.0324 -0.0091  0.0053  0.0032  0.0108  0.0115 -0.0437 -0.0913 -0.0066
 0.1770000E+00 0.2905569E+02 0.3600000E+02 0.1384305E+01 0.4019578E-02 0.1150557E-02 0.4475248E-02
  0.0000 -0.0000 -0.0000  0.0000  0.0000 -0.0000  0.0000  0.0000 -0.0000 -0.0000 -0.0000 -0.0000  0.0000 -0.0000 -0.0000 -0.0000  0.0000 -0.0000 -0.0000  0.0000 -0.0000 -0.0000 -0.0000 -0.0000 -0.0000 -0.0000 -0.0000 -0.0000 -0.0000 -0.0000 -0.0000 -0.0000 -0.0000 -0.0000 -0.0000 -0.0000 -0.0000 -0.0000 -0.0000 -0.0000 -0.0000 -0.0000 -0.0000 -0.0000 -0.0000 -0.0000 -0.0000 -0.0000 -0.0000 -0.0000 -0.0000 -0.0000 -0.0000 -0.0000 -0.0000  0.0000 -0.0000  0.0000 -0.0000 -0.0000 -0.0000  0.0000 -0.0000  0.0000  0.0000  0.0000  0.0000  0.0000  0.0018 -0.0001  0.0026  0.0011 -0.0006 -0.0004 -0.0048  0.0023  0.0037 -0.0016  0.0053  0.0141  0.0077  0.0032 -0.0018 -0.0048 -0.0015  0.0075  0.0015 -0.0235  0.0113  0.0073 -0.0229 -0.0106 -0.0017  0.0030  0.0025  0.0163 -0.0419 -0.0970 -0.0052
 0.2040000E+00 0.2521008E+02 0.3600000E+02 0.1100690E+01 0.3229776E-02 0.8041714E-03 0.3592731E-02
  0.0000 -0.0000 -0.0000  0.0000 -0.0000  0.0000  0.0000  0.0000 -0.0000 -0.0000 -0.0000 -0.0000 -0.0000 -0.0000  0.0000 -0.0000  0.0000 -0.0000 -0.0000  0.0000 -0.0000 -0.0000 -0.0000 -0.0000 -0.0000 -0.0000 -0.0000 -0.0000 -0.0000 -0.0000 -0.0000 -0.0000 -0.0000 -0.0000 -0.0000 -0.0000 -0.0000 -0.0000 -0.0000 -0.0000 -0.0000 -0.0000 -0.0000 -0.0000 -0.0000 -0.0000 -0.0000 -0.0000 -0.0000 -0.0000 -0.0000 -0.0000 -0.0000 -0.0000 -0.0000  0.0000 -0.0000  0.0000 -0.0000  0.0000 -0.0000  0.0000 -0.0000  0.0000  0.0000 -0.0000  0.0000 -0.0000  0.0009 -0.0001  0.0028  0.0020  0.0004 -0.0007 -0.0050  0.0039  0.0034 -0.0022 -0.0015  0.0132  0.0102  0.0025 -0.0045 -0.0095  0.0059  0.0099 -0.0011 -0.0273  0.0167  0.0017 -0.0158 -0.0143 -0.0097 -0.0041 -0.0086 -0.0074 -0.0435 -0.1043 -0.0027
 0.2385000E+00 0.2156334E+02 0.3600000E+02 0.8493971E+00 0.2464222E-02 0.6244280E-03 0.2762264E-02
  0.0000  0.0000 -0.0000  0.0000 -0.0000  0.0000 -0.0000  0.0000 -0.0000 -0.0000 -0.0000 -0.0000 -0.0000 -0.0000  0.0000 -0.0000  0.0000 -0.0000 -0.0000  0.0000 -0.0000 -0.0000 -0.0000 -0.0000 -0.0000 -0.0000 -0.0000 -0.0000 -0.0000 -0.0000 -0.0000 -0.0000 -0.0000 -0.0000 -0.0000 -0.0000 -0.0000 -0.0000 -0.0000 -0.0000 -0.0000 -0.0000 -0.0000 -0.0000 -0.0000 -0.0000 -0.0000 -0.0000 -0.0000 -0.0000 -0.0000 -0.0000 -0.0000 -0.0000 -0.0000  0.0000 -0.0000  0.0000 -0.0000  0.0000 -0.0000  0.0000 -0.0000  0.0000  0.0000 -0.0000  0.0000 -0.0000  0.0010  0.0000  0.0026  0.0026  0.0003 -0.0005 -0.0053  0.0039  0.0019 -0.0021 -0.0043  0.0123  0.0089  0.0013 -0.0004 -0.0109  0.0047  0.0124 -0.0045 -0.0238  0.0125 -0.0025 -0.0049 -0.0109 -0.0018 -0.0161  0.0052 -0.0089 -0.0506 -0.1084 -0.0026
 0.2850000E+00 0.1804511E+02 0.3600000E+02 0.6138197E+00 0.1773413E-02 0.4933451E-03 0.2176301E-02
  0.0000  0.0000  0.0000  0.0000 -0.0000  0.0000 -0.0000 -0.0000 -0.0000 -0.0000 -0.0000 -0.0000 -0.0000 -0.0000  0.0000 -0.0000 -0.0000 -0.0000  0.0000 -0.0000 -0.0000 -0.0000 -0.0000 -0.0000 -0.0000 -0.0000 -0.0000 -0.0000 -0.0000 -0.0000 -0.0000 -0.0000 -0.0000 -0.0000 -0.0000 -0.0000 -0.0000 -0.0000 -0.0000 -0.0000 -0.0000 -0.0000 -0.0000 -0.0000 -0.0000 -0.0000 -0.0000 -0.0000 -0.0000 -0.0000 -0.0000 -0.0000 -0.0000 -0.0000 -0.0000  0.0000 -0.0000  0.0000  0.0000  0.0000 -0.0000 -0.0000 -0.0000  0.0000 -0.0000 -0.0000  0.0000 -0.0000  0.0015  0.0014  0.0036  0.0026  0.0003  0.0004 -0.0056  0.0052 -0.0015 -0.0029 -0.0087  0.0156  0.0218 -0.0008 -0.0026 -0.0101  0.0033  0.0185 -0.0030 -0.0278  0.0270 -0.0028 -0.0318 -0.0252 -0.0091  0.0065  0.0107  0.0045 -0.0561 -0.1667 -0.0083
 0.3515000E+00 0.1463117E+02 0.3600000E+02 0.4095362E+00 0.1233788E-02 0.3420099E-03 0.1513040E-02
 -0.0000  0.0000  0.0000 -0.0000 -0.0000  0.0000 -0.0000 -0.0000 -0.0000 -0.0000 -0.0000 -0.0000 -0.0000  0.0000  0.0000 -0.0000 -0.0000 -0.0000  0.0000 -0.0000 -0.0000 -0.0000 -0.0000 -0.0000 -0.0000 -0.0000 -0.0000 -0.0000 -0.0000 -0.0000 -0.0000 -0.0000 -0.0000 -0.0000 -0.0000 -0.0000 -0.0000 -0.0000 -0.0000 -0.0000 -0.0000 -0.0000 -0.0000 -0.0000 -0.0000 -0.0000 -0.0000 -0.0000 -0.0000 -0.0000 -0.0000 -0.0000 -0.0000 -0.0000 -0.0000  0.0000 -0.0000  0.0000  0.0000  0.0000 -0.0000 -0.0000 -0.0000  0.0000 -0.0000 -0.0000  0.0000 -0.0000  0.0008  0.0017  0.0032  0.0029  0.0002  0.0008 -0.0038  0.0051 -0.0024 -0.0021 -0.0138  0.0096  0.0174  0.0014  0.0058 -0.0149  0.0065  0.0175  0.0024 -0.0279  0.0237 -0.0059 -0.0196 -0.0169  0.0181  0.0059  0.0176 -0.0015 -0.0612 -0.1759 -0.0081
 0.4575000E+00 0.1124122E+02 0.3600000E+02 0.2392309E+00 0.7251363E-03 0.1962292E-03 0.8961075E-03
 -0.0000  0.0000  0.0000 -0.0000 -0.0000  0.0000 -0.0000 -0.0000  0.0000  0.0000 -0.0000  0.0000 -0.0000  0.0000  0.0000  0.0000 -0.0000 -0.0000  0.0000 -0.0000 -0.0000 -0.0000 -0.0000 -0.0000 -0.0000 -0.0000 -0.0000 -0.0000 -0.0000 -0.0000 -0.0000 -0.0000 -0.0000 -0.0000 -0.0000 -0.0000 -0.0000 -0.0000 -0.0000 -0.0000 -0.0000 -0.0000 -0.0000 -0.0000 -0.0000 -0.0000 -0.0000 -0.0000 -0.0000 -0.0000 -0.0000 -0.0000 -0.0000 -0.0000 -0.0000 -0.0000  0.0000  0.0000  0.0000  0.0000  0.0000 -0.0000 -0.0000  0.0000 -0.0000 -0.0000 -0.0000 -0.0000 -0.0003  0.0028  0.0019  0.0021 -0.0008  0.0009  0.0005  0.0055 -0.0059 -0.0012 -0.0209 -0.0010  0.0146  0.0034  0.0031 -0.0106  0.0066  0.0130  0.0071 -0.0217  0.0246 -0.0116 -0.0286 -0.0150  0.0008  0.0084  0.0211 -0.0199 -0.0655 -0.1819 -0.0052
 0.6095000E+00 0.8437830E+01 0.3600000E+02 0.1247929E+00 0.4564054E-03 0.1444747E-03 0.5541688E-03
 -0.0000  0.0000  0.0000 -0.0000 -0.0000  0.0000 -0.0000 -0.0000 -0.0000  0.0000 -0.0000  0.0000 -0.0000  0.0000  0.0000  0.0000 -0.0000  0.0000  0.0000 -0.0000 -0.0000 -0.0000 -0.0000 -0.0000 -0.0000 -0.0000 -0.0000 -0.0000 -0.0000 -0.0000 -0.0000 -0.0000 -0.0000 -0.0000 -0.0000 -0.0000 -0.0000 -0.0000 -0.0000 -0.0000 -0.0000 -0.0000 -0.0000 -0.0000 -0.0000 -0.0000 -0.0000 -0.0000 -0.0000 -0.0000 -0.0000 -0.0000 -0.0000 -0.0000 -0.0000 -0.0000  0.0000  0.0000  0.0000  0.0000  0.0000 -0.0000 -0.0000  0.0000 -0.0000 -0.0000 -0.0000 -0.0000 -0.0013  0.0049 -0.0006  0.0006  0.0001  0.0050  0.0082  0.0014 -0.0144  0.0029 -0.0344 -0.0192  0.0130  0.0032  0.0087 -0.0085  0.0128  0.0025  0.0070 -0.0151  0.0225 -0.0252 -0.0230 -0.0179 -0.0001 -0.0060  0.0164 -0.0454 -0.0635 -0.1973  0.0076
 0.8065000E+00 0.6376760E+01 0.3600000E+02 0.6311824E-01 0.2866936E-03 0.8957922E-04 0.3409518E-03
 -0.0000  0.0000  0.0000 -0.0000 -0.0000  0.0000 -0.0000 -0.0000  0.0000  0.0000  0.0000  0.0000 -0.0000  0.0000  0.0000  0.0000 -0.0000  0.0000  0.0000 -0.0000 -0.0000 -0.0000 -0.0000 -0.0000 -0.0000 -0.0000 -0.0000 -0.0000 -0.0000 -0.0000 -0.0000 -0.0000 -0.0000 -0.0000 -0.0000 -0.0000 -0.0000 -0.0000 -0.0000 -0.0000 -0.0000 -0.0000 -0.0000 -0.0000 -0.0000 -0.0000 -0.0000 -0.0000 -0.0000 -0.0000 -0.0000 -0.0000 -0.0000 -0.0000 -0.0000 -0.0000  0.0000 -0.0000  0.0000  0.0000  0.0000 -0.0000 -0.0000  0.0000 -0.0000 -0.0000 -0.0000 -0.0000 -0.0020  0.0059 -0.0021 -0.0014 -0.0003  0.0092  0.0175 -0.0072 -0.0203  0.0057 -0.0463 -0.0448  0.0108  0.0065  0.0085  0.0046  0.0143  0.0002  0.0061 -0.0192  0.0176 -0.0233 -0.0327  0.0177  0.0082  0.0073  0.0518 -0.0749 -0.0811 -0.2052  0.0094
 0.1035500E+01 0.4966545E+01 0.3600000E+02 0.3310802E-01 0.2010446E-03 0.5526145E-04 0.2297705E-03
 -0.0000  0.0000  0.0000 -0.0000 -0.0000  0.0000  0.0000 -0.0000 -0.0000  0.0000  0.0000  0.0000 -0.0000  0.0000  0.0000  0.0000 -0.0000  0.0000  0.0000 -0.0000 -0.0000 -0.0000 -0.0000 -0.0000 -0.0000 -0.0000 -0.0000 -0.0000 -0.0000 -0.0000 -0.0000 -0.0000 -0.0000 -0.0000 -0.0000 -0.0000 -0.0000 -0.0000 -0.0000 -0.0000 -0.0000 -0.0000 -0.0000 -0.0000 -0.0000 -0.0000 -0.0000 -0.0000 -0.0000 -0.0000 -0.0000 -0.0000 -0.0000 -0.0000 -0.0000 -0.0000  0.0000 -0.0000  0.0000  0.0000  0.0000 -0.0000  0.0000  0.0000 -0.0000 -0.0000 -0.0000 -0.0000 -0.0026  0.0056 -0.0002 -0.0052 -0.0013  0.0155  0.0264 -0.0156 -0.0246  0.0071 -0.0588 -0.0624  0.0120  0.0099  0.0126  0.0071  0.0154 -0.0087  0.0068 -0.0186  0.0277  0.0157 -0.0077  0.0286  0.0144 -0.0073  0.0536 -0.1134 -0.0770 -0.2241  0.0247
 0.1324500E+01 0.3882867E+01 0.3600000E+02 0.1749845E-01 0.1212023E-03 0.2952681E-04 0.1402888E-03
 -0.0000  0.0000  0.0000  0.0000 -0.0000  0.0000  0.0000 -0.0000 -0.0000  0.0000  0.0000  0.0000 -0.0000  0.0000  0.0000  0.0000 -0.0000  0.0000  0.0000 -0.0000 -0.0000 -0.0000 -0.0000 -0.0000 -0.0000 -0.0000 -0.0000 -0.0000 -0.0000 -0.0000 -0.0000 -0.0000 -0.0000 -0.0000 -0.0000 -0.0000 -0.0000 -0.0000 -0.0000 -0.0000 -0.0000 -0.0000 -0.0000 -0.0000 -0.0000 -0.0000 -0.0000 -0.0000 -0.0000 -0.0000 -0.0000 -0.0000 -0.0000 -0.0000 -0.0000 -0.0000  0.0000 -0.0000  0.0000  0.0000  0.0000 -0.0000  0.0000  0.0000 -0.0000 -0.0000 -0.0000 -0.0000 -0.0026  0.0072  0.0040 -0.0079 -0.0031  0.0207  0.0281 -0.0196 -0.0329 -0.0013 -0.0611 -0.0610  0.0126  0.0057  0.0089  0.0008  0.0040  0.0107 -0.0076 -0.0199 -0.0032 -0.0036 -0.0576  0.0292  0.0225  0.0998  0.0720 -0.0970 -0.0630 -0.3001  0.0087
 0.1721500E+01 0.2987428E+01 0.3600000E+02 0.8787571E-02 0.7470640E-04 0.1785853E-04 0.8367922E-04
 -0.0000  0.0000  0.0000  0.0000 -0.0000 -0.0000  0.0000 -0.0000 -0.0000  0.0000  0.0000  0.0000 -0.0000  0.0000  0.0000  0.0000 -0.0000  0.0000  0.0000 -0.0000 -0.0000 -0.0000 -0.0000 -0.0000 -0.0000 -0.0000 -0.0000 -0.0000 -0.0000 -0.0000 -0.0000 -0.0000 -0.0000 -0.0000 -0.0000 -0.0000 -0.0000 -0.0000 -0.0000 -0.0000 -0.0000 -0.0000 -0.0000 -0.0000 -0.0000 -0.0000 -0.0000 -0.0000 -0.0000 -0.0000 -0.0000 -0.0000 -0.0000 -0.0000 -0.0000 -0.0000  0.0000 -0.0000  0.0000  0.0000  0.0000 -0.0000  0.0000  0.0000 -0.0000 -0.0000 -0.0000  0.0000 -0.0010  0.0045  0.0076 -0.0140 -0.0068  0.0229  0.0301 -0.0130 -0.0288 -0.0133 -0.0666 -0.0576  0.0140  0.0085  0.0012  0.0009 -0.0003 -0.0017  0.0419 -0.0109 -0.0143  0.0358 -0.0768  0.0125  0.0184  0.0534  0.0664 -0.1446 -0.0633 -0.2998 -0.0022
 0.2234500E+01 0.2301570E+01 0.3600000E+02 0.4457479E-02 0.4697922E-04 0.1246419E-04 0.5237455E-04
 -0.0000  0.0000  0.0000  0.0000 -0.0000 -0.0000  0.0000 -0.0000 -0.0000  0.0000  0.0000  0.0000  0.0000  0.0000  0.0000  0.0000 -0.0000  0.0000  0.0000 -0.0000 -0.0000 -0.0000 -0.0000 -0.0000 -0.0000 -0.0000 -0.0000 -0.0000 -0.0000 -0.0000 -0.0000 -0.0000 -0.0000 -0.0000 -0.0000 -0.0000 -0.0000 -0.0000 -0.0000 -0.0000 -0.0000 -0.0000 -0.0000 -0.0000 -0.0000 -0.0000 -0.0000 -0.0000 -0.0000 -0.0000 -0.0000 -0.0000 -0.0000 -0.0000 -0.0000 -0.0000  0.0000 -0.0000  0.0000  0.0000  0.0000 -0.0000  0.0000  0.0000 -0.0000 -0.0000 -0.0000  0.0000 -0.0031  0.0027  0.0062 -0.0155 -0.0012  0.0178  0.0267 -0.0033 -0.0265 -0.0206 -0.0657 -0.0490  0.0110 -0.0003 -0.0070 -0.0174  0.0090  0.0354 -0.0057  0.0257 -0.0165  0.0163 -0.0636  0.0198  0.0635 -0.0540  0.1617 -0.2013 -0.0795 -0.3082  0.0024
 0.2899500E+01 0.1773705E+01 0.3600000E+02 0.2324177E-02 0.2955203E-04 0.7713219E-05 0.3227073E-04
 -0.0000  0.0000  0.0000  0.0000 -0.0000 -0.0000  0.0000 -0.0000 -0.0000  0.0000  0.0000  0.0000  0.0000  0.0000  0.0000  0.0000 -0.0000  0.0000  0.0000  0.0000 -0.0000 -0.0000 -0.0000 -0.0000 -0.0000 -0.0000 -0.0000 -0.0000 -0.0000 -0.0000 -0.0000 -0.0000 -0.0000 -0.0000 -0.0000 -0.0000 -0.0000 -0.0000 -0.0000 -0.0000 -0.0000 -0.0000 -0.0000 -0.0000 -0.0000 -0.0000 -0.0000 -0.0000 -0.0000 -0.0000 -0.0000 -0.0000 -0.0000 -0.0000 -0.0000 -0.0000  0.0000 -0.0000 -0.0000  0.0000  0.0000 -0.0000  0.0000  0.0000 -0.0000 -0.0000  0.0000  0.0000 -0.0055  0.0009  0.0065 -0.0183 -0.0021  0.0166  0.0303 -0.0091 -0.0208 -0.0232 -0.0732 -0.0513  0.0126  0.0032 -0.0163 -0.0127 -0.0021  0.0250  0.0163  0.0097 -0.0093  0.0714 -0.0417  0.0251 -0.0153  0.0604  0.1256 -0.2253 -0.0766 -0.3240 -0.0015
 0.4138500E+01 0.1242686E+01 0.3600000E+02 0.1022242E-02 0.1309021E-04 0.3010984E-05 0.1427944E-04
  0.0000  0.0000  0.0000  0.0000 -0.0000 -0.0000  0.0000 -0.0000 -0.0000  0.0000  0.0000  0.0000  0.0000  0.0000  0.0000  0.0000 -0.0000  0.0000  0.0000  0.0000 -0.0000 -0.0000 -0.0000 -0.0000 -0.0000 -0.0000 -0.0000 -0.0000 -0.0000 -0.0000 -0.0000 -0.0000 -0.0000 -0.0000 -0.0000 -0.0000 -0.0000 -0.0000 -0.0000 -0.0000 -0.0000 -0.0000 -0.0000 -0.0000 -0.0000 -0.0000 -0.0000 -0.0000 -0.0000 -0.0000 -0.0000 -0.0000 -0.0000 -0.0000 -0.0000 -0.0000  0.0000 -0.0000  0.0000 -0.0000  0.0000 -0.0000  0.0000  0.0000 -0.0000 -0.0000 -0.0000  0.0000 -0.0063 -0.0008  0.0041 -0.0198  0.0050  0.0143  0.0287 -0.0146 -0.0152 -0.0244 -0.0860 -0.0649  0.0182 -0.0071  0.0073 -0.0340 -0.0103  0.0348 -0.0346  0.0002  0.0085  0.0911 -0.0000  0.0246 -0.0444  0.0302  0.0704 -0.2595 -0.0690 -0.3424 -0.0188
 0.7500000E+01 0.6857143E+00 0.3600000E+02 0.3029542E-03 0.4277452E-05 0.1039938E-05 0.4650770E-05
 -0.0000  0.0000  0.0000  0.0000 -0.0000  0.0000  0.0000 -0.0000 -0.0000  0.0000  0.0000  0.0000 -0.0000  0.0000  0.0000  0.0000 -0.0000  0.0000  0.0000 -0.0000 -0.0000 -0.0000 -0.0000 -0.0000 -0.0000 -0.0000 -0.0000 -0.0000 -0.0000 -0.0000 -0.0000 -0.0000 -0.0000 -0.0000 -0.0000 -0.0000 -0.0000 -0.0000 -0.0000 -0.0000 -0.0000 -0.0000 -0.0000 -0.0000 -0.0000 -0.0000 -0.0000 -0.0000 -0.0000 -0.0000 -0.0000 -0.0000 -0.0000 -0.0000 -0.0000 -0.0000  0.0000 -0.0000  0.0000  0.0000  0.0000 -0.0000  0.0000  0.0000 -0.0000 -0.0000  0.0000  0.0000 -0.0107 -0.0004  0.0085 -0.0158  0.0054  0.0136  0.0233 -0.0141  0.0042 -0.0290 -0.0749 -0.0649  0.0255 -0.0008  0.0228 -0.0139  0.0026  0.0581 -0.0269  0.0162  0.0070  0.0790 -0.0038  0.0506  0.1888  0.0371  0.0927 -0.2275 -0.1105 -0.3274 -0.0428
