   20.0000000000    1.0000000000    2.8571429253    3.2186369896    0.0121291038    0.0279901344    0.0305051282
   20.0000000000    3.0000000000    0.9523809552    6.6764640808    0.0169433970    0.0391948745    0.0427003168
   20.0000000000    5.0000000000    0.5714285970    6.7373948097    0.0177166592    0.0413921811    0.0450243540
   20.0000000000    7.0000000000    0.4081632793    5.8720641136    0.0164935216    0.0330520049    0.0369387493
   20.0000000000    9.0000000000    0.3174603283    4.8631105423    0.0152197685    0.0271443669    0.0311200581
   20.0000000000   11.5000000000    0.2484472096    3.8928833008    0.0102032898    0.0215502139    0.0238436330
   20.0000000000   14.5000000000    0.1970443279    2.9950072765    0.0087787900    0.0167415626    0.0189036261
   20.0000000000   18.0000000000    0.1587301642    2.2661545277    0.0062870136    0.0130829802    0.0145151960
   20.0000000000   22.5000000000    0.1269841343    1.6261283159    0.0045181504    0.0093529383    0.0103870658
   20.0000000000   27.5000000000    0.1038961038    1.1629480124    0.0038258182    0.0069717295    0.0079524778
   20.0000000000   33.5000000000    0.0852878466    0.8094245195    0.0025571319    0.0050703618    0.0056786877
   20.0000000000   41.0000000000    0.0696864128    0.5488065481    0.0019770376    0.0037168181    0.0042099184
   20.0000000000   50.0000000000    0.0571428575    0.3565557003    0.0014163766    0.0025485067    0.0029156490
   20.0000000000   60.0000000000    0.0476190485    0.2303179204    0.0011635607    0.0016677383    0.0020335251
   20.0000000000   70.0000000000    0.0408163257    0.1531366110    0.0009731044    0.0011234805    0.0014863178
   20.0000000000   80.0000000000    0.0357142873    0.1031913012    0.0007931066    0.0007442574    0.0010876291
   20.0000000000   95.0000000000    0.0300751887    0.0580181628    0.0003819950    0.0004217840    0.0005690535
   20.0000000000  127.5000000000    0.0224089641    0.0224006306    0.0001481392    0.0001603347    0.0002182944
   20.0000000000  175.0000000000    0.0163265299    0.0063498253    0.0000725974    0.0000496974    0.0000879785
   20.0000000000  550.0000000000    0.0051948051    0.0002561816    0.0000037119    0.0000024396    0.0000044418
