   20.0000000000    1.0000000000    2.8571429253    2.5630531311    0.0109167835    0.0217750072    0.0243583061
   20.0000000000    3.0000000000    0.9523809552    5.3411870003    0.0155959120    0.0364167690    0.0396158248
   20.0000000000    5.0000000000    0.5714285970    5.3317928314    0.0163866524    0.0285658911    0.0329322405
   20.0000000000    7.0000000000    0.4081632793    4.6470327377    0.0147808539    0.0238587297    0.0280662179
   20.0000000000    9.0000000000    0.3174603283    3.9229519367    0.0137356017    0.0194957554    0.0238485057
   20.0000000000   11.5000000000    0.2484472096    3.1519553661    0.0094770994    0.0136824641    0.0166440737
   20.0000000000   14.5000000000    0.1970443279    2.4430763721    0.0086103883    0.0114692757    0.0143416543
   20.0000000000   18.0000000000    0.1587301642    1.8474870920    0.0060227979    0.0093821865    0.0111489696
   20.0000000000   22.5000000000    0.1269841343    1.3241131306    0.0044807685    0.0069055245    0.0082318624
   20.0000000000   27.5000000000    0.1038961038    0.9557611346    0.0037528025    0.0050930823    0.0063263746
   20.0000000000   33.5000000000    0.0852878466    0.6669278741    0.0025252150    0.0038630050    0.0046151401
   20.0000000000   41.0000000000    0.0696864128    0.4441703856    0.0018809251    0.0026029756    0.0032114421
   20.0000000000   50.0000000000    0.0571428575    0.2869898081    0.0013388022    0.0018914498    0.0023173203
   20.0000000000   60.0000000000    0.0476190485    0.1869300306    0.0011163778    0.0013868673    0.0017803651
   20.0000000000   70.0000000000    0.0408163257    0.1238353923    0.0009313918    0.0009841959    0.0013550395
   20.0000000000   80.0000000000    0.0357142873    0.0847606435    0.0007589683    0.0006717296    0.0010135352
   20.0000000000   95.0000000000    0.0300751887    0.0478084050    0.0003611373    0.0003444671    0.0004990769
   20.0000000000  127.5000000000    0.0224089641    0.0186616350    0.0001394620    0.0001153509    0.0001809848
   20.0000000000  175.0000000000    0.0163265299    0.0051680757    0.0000707607    0.0000365715    0.0000796528
   20.0000000000  550.0000000000    0.0051948051    0.0002023156    0.0000035914    0.0000020712    0.0000041458
