8.228393000000000079e-04 9.076880000000000503e-01 4.832468999999999681e+00 1.416473707345094226e+02 3.989238442796823847e+02 4.009440728117999342e+00
1.103384999999999913e-03 8.373857000000000106e-01 5.112779999999999880e+00 9.851226680907385003e+01 1.291870037751658060e+02 2.102404262451999628e+00
1.547350999999999978e-03 7.817724000000000339e-01 5.345869000000000426e+00 4.946073731211026825e+01 4.697649877722064105e+01 1.116426154355000033e+00
1.606809999999999966e-03 7.942293999999999743e-01 1.039231000000000016e+01 6.240572314984316336e+02 3.563976523810842991e+02 6.539005022040000448e+00
2.073465999999999938e-03 7.207905999999999480e-01 5.403634000000000270e+00 1.410261776345754114e+01 2.266791252511521293e+01 5.702294503700000572e-01
2.191723999999999929e-03 9.071384000000000114e-01 1.198652000000000051e+01 6.088758151609177816e+01 9.038949359095886393e+01 1.185998844810000064e+00
2.914018999999999898e-03 6.836387999999999909e-01 5.701776999999999873e+00 1.491579136484487478e+01 9.828072099232146641e+00 3.195487754315999851e-01
2.961505000000000127e-03 8.188919999999999533e-01 1.250478000000000023e+01 5.359055706406751085e+01 2.958274927447038749e+01 2.653728907949999896e-02
3.946973000000000321e-03 6.557581000000000104e-01 5.955206999999999695e+00 6.053274588987562765e-01 4.621504323474226794e+00 2.399181333900000102e-01
4.000474000000000391e-03 7.637692000000000370e-01 1.336111000000000004e+01 1.370147306903360374e+01 1.091329029561781283e+01 2.267964812537999753e-01
5.341847000000000262e-03 5.893606999999999596e-01 6.132393000000000427e+00 5.191287379589967443e+00 2.705055060430870739e+00 1.869778495905800031e-01
5.435963000000000253e-03 7.431569000000000091e-01 1.491398000000000046e+01 5.384157968739829769e+00 5.028247132612362336e+00 1.795823495960000016e-02
7.453259000000000273e-03 5.219310000000000338e-01 6.245258999999999894e+00 1.760022659030337389e+00 1.506668596135579241e+00 9.420975690561000926e-02
7.535110000000000245e-03 7.007185000000000219e-01 1.586425000000000018e+01 1.769145256274674782e+00 2.186919721815334228e+00 5.319590395004999972e-02
1.017312000000000077e-02 4.596814000000000178e-01 6.403253999999999557e+00 4.694435475954118475e-01 8.268312060198164115e-01 8.086887496527001007e-02
1.027343000000000006e-02 6.610458999999999641e-01 1.771545000000000059e+01 2.728619745524333950e+00 9.965566635147399266e-01 1.022947573232699942e-02
1.383413999999999998e-02 4.071106999999999920e-01 6.466582999999999970e+00 4.516902796348262750e-01 5.117220876853308953e-01 5.216065525200000441e-02
1.394597000000000024e-02 6.271948000000000523e-01 1.964489000000000019e+01 9.778361751663928736e-01 5.256842290257190964e-01 1.535564341340000041e-02
1.507257000000000041e-02 9.373892000000000335e-01 1.062584999999999980e+02 1.237904647011443515e+01 1.338995565919965003e+01 1.278207581387999781e-01
1.920211000000000140e-02 3.508186999999999833e-01 6.544540999999999720e+00 4.002103586418744863e-01 3.391153415865181819e-01 1.363168031377999870e-02
1.935372999999999954e-02 5.872908999999999491e-01 2.248636000000000124e+01 3.856787357983838538e-01 2.939628986531319099e-01 2.049419751435999776e-02
2.001787000000000011e-02 8.558080000000000132e-01 1.170955000000000013e+02 4.904712559682857353e+00 3.359425355091775423e+00 3.371116405860000165e-01
2.625492999999999924e-02 3.007385000000000197e-01 6.610382999999999676e+00 2.732826475452122539e-01 1.987144107687190131e-01 2.320669149792000188e-02
2.646696999999999939e-02 5.523841000000000445e-01 2.522205999999999904e+01 4.113147040173356084e-01 1.456203822547550986e-01 7.919585581279999648e-03
2.716661000000000076e-02 8.291503000000000068e-01 1.213499000000000052e+02 2.133661235008200485e+00 9.298822904782112486e-01 6.910934158199999455e-02
3.584376000000000229e-02 2.572804000000000202e-01 6.676606999999999736e+00 4.142656974043628093e-01 1.257833342006209887e-01 1.821771231296000215e-02
3.603216000000000058e-02 5.122143999999999586e-01 2.807666000000000039e+01 1.540088129749179191e-01 8.171630550538942772e-02 1.201412966543999837e-02
3.681177000000000060e-02 7.857473999999999847e-01 1.290755000000000052e+02 1.048942040614263993e+00 3.349322095239949393e-01 2.240910517883899777e-02
4.939128999999999742e-02 2.109138999999999875e-01 6.695579000000000391e+00 2.361370559059450258e-01 9.063059827190199369e-02 4.723533430334999651e-03
4.961197999999999997e-02 4.605064999999999853e-01 3.063049000000000177e+01 1.424815196061740008e-01 5.095575501151509284e-02 7.519601949767000179e-03
5.048960999999999727e-02 7.357390000000000319e-01 1.383583999999999889e+02 2.525169404392967332e-01 1.506469540193811074e-01 1.101741726028999946e-02
6.807072999999999596e-02 1.737666999999999962e-01 6.716169999999999973e+00 1.185507527839947395e-01 5.513656743006278144e-02 5.161461808000000241e-03
6.840419000000000360e-02 4.155881000000000158e-01 3.332159999999999656e+01 1.377099439276082971e-01 2.736298977461968859e-02 2.722856190298000075e-03
6.947857999999999812e-02 6.965662999999999716e-01 1.506083000000000141e+02 4.415047445244890678e-02 5.785372442005245336e-02 3.979089890048000469e-03
9.288211999999999857e-02 1.411737999999999882e-01 6.764471000000000345e+00 1.062460524377525362e-01 3.571985686042184610e-02 8.036365618425000620e-03
9.324013999999999913e-02 3.674625999999999726e-01 3.549958999999999776e+01 7.343025134538831711e-02 1.561671917652619757e-02 4.384432767764000552e-03
9.426513999999999727e-02 6.521303999999999990e-01 1.628890000000000100e+02 3.966972620644451664e-02 2.615946861843155766e-02 1.560917791005999840e-03
1.257125000000000048e-01 1.185083999999999999e-01 7.187219999999999942e+00 5.978978498438652922e-02 2.879351916107641615e-02 4.147917134033000074e-03
1.270234000000000085e-01 3.108812000000000242e-01 3.669429000000000229e+01 4.663471614249158070e-02 1.081189936810280847e-02 1.899134962440999965e-03
1.278776000000000079e-01 5.912140999999999647e-01 1.768200999999999965e+02 3.927795004188952555e-02 1.457932598673356006e-02 9.441191581250000641e-04
1.408230000000000037e-01 8.605802999999999647e-01 1.116794000000000096e+03 2.041209777167839745e-01 3.542795667876825760e-01 3.442623397478000030e-02
1.731579000000000035e-01 1.022030000000000022e-01 8.185409999999999187e+00 5.545906690532563521e-02 2.326409829321952547e-02 7.614638384639999501e-03
1.768650999999999973e-01 2.622580999999999940e-01 3.816076999999999941e+01 4.547628733546876800e-02 6.134231301163106144e-03 8.022284412599999925e-04
1.786236999999999964e-01 5.405423000000000311e-01 1.957758000000000038e+02 2.145454578216153194e-02 6.457241684689663322e-03 2.380350505733999807e-04
1.876185999999999965e-01 8.516639999999999766e-01 1.123707000000000107e+03 1.117303546864379174e-02 5.872916005307306925e-02 9.588234120210000974e-03
2.240888000000000047e-01 9.281169000000000224e-02 9.187124999999999986e+00 8.053889609484783663e-02 2.837568263250936362e-02 8.759646211110000413e-03
2.413089999999999957e-01 2.263060000000000072e-01 3.996184999999999832e+01 2.699011147105040420e-02 3.391291362328999540e-03 1.760411845524799835e-03
2.429870000000000085e-01 4.985762000000000249e-01 2.174876999999999896e+02 1.519142082125097236e-02 2.951312050205329249e-03 8.828988524949999556e-04
2.506768999999999803e-01 8.190243999999999858e-01 1.182420000000000073e+03 2.454960493035482014e-02 1.520831986637672523e-02 2.363718880969000336e-03
3.231507000000000129e-01 1.907764000000000126e-01 4.242132000000000147e+01 9.727749231060924678e-03 2.245209062183814268e-03 1.321522132070400131e-04
3.233805000000000152e-01 4.339875000000000260e-01 2.301015999999999906e+02 9.060414007222565569e-03 1.675078319068241213e-03 2.538268674659999841e-04
3.253117999999999843e-01 7.596057000000000503e-01 1.227315000000000055e+03 4.386812025394622519e-03 5.908355480046405088e-03 6.763456423019999610e-04
4.555933999999999817e-01 1.582396000000000080e-01 4.727873000000000303e+01 5.330205118389179722e-03 1.006417070083089190e-03 7.366351831199999820e-05
4.609745000000000092e-01 3.558091999999999921e-01 2.446337000000000046e+02 4.378032406327543244e-03 5.932849782172514713e-04 4.562619468880000707e-05
4.728630999999999807e-01 6.445214000000000221e-01 1.295019999999999982e+03 5.123345111002599109e-06 1.191397478348091461e-03 1.934258859399999900e-04
6.209527000000000241e-01 1.393310000000000104e-01 5.337973999999999819e+01 1.198948629537260674e-03 2.359805780679767335e-04 1.238189182756800090e-04
6.276348999999999956e-01 3.216036999999999924e-01 2.670056999999999903e+02 6.600290884296984789e-04 1.027776488613118709e-04 5.601890013454999777e-05
6.390093999999999497e-01 5.975781000000000009e-01 1.360278000000000020e+03 4.820031879999176622e-04 1.388575302669257624e-04 5.218503864530000086e-06
8.177484999999999893e-01 1.239250999999999964e-01 5.954731000000000307e+01 4.806224009237899697e-05 2.104252008701775660e-05 4.450458833352000692e-06
8.252698000000000533e-01 2.912018000000000106e-01 2.887386000000000195e+02 3.255905840036843517e-05 5.736683819242511804e-06 2.614444301107000155e-06
8.349974999999999481e-01 5.520625999999999589e-01 1.431112000000000080e+03 1.666453926132097665e-05 5.057461018830081395e-06 1.442869318063999973e-06
