8.228393000000000079e-04 9.076880000000000503e-01 4.832468999999999681e+00 -4.449458988371777650e+02 3.989238442796823847e+02 5.823491289034203433e+00
1.103384999999999913e-03 8.373857000000000106e-01 5.112779999999999880e+00 2.407133593707610686e+01 1.291870037751658060e+02 2.713775148929979952e+00
1.547350999999999978e-03 7.817724000000000339e-01 5.345869000000000426e+00 2.023372077177268480e+01 4.697649877722064105e+01 2.243584466338611527e+00
1.606809999999999966e-03 7.942293999999999743e-01 1.039231000000000016e+01 7.397378642088348215e+02 3.563976523810842991e+02 8.087681463291282569e+00
2.073465999999999938e-03 7.207905999999999480e-01 5.403634000000000270e+00 2.812222250013885372e+01 2.266791252511521293e+01 6.112826208999039279e-01
2.191723999999999929e-03 9.071384000000000114e-01 1.198652000000000051e+01 5.971831613416252793e+01 9.038949359095886393e+01 2.274449775474594038e+00
2.914018999999999898e-03 6.836387999999999909e-01 5.701776999999999873e+00 5.201605371261219801e+00 9.828072099232146641e+00 4.620817544024332091e-01
2.961505000000000127e-03 8.188919999999999533e-01 1.250478000000000023e+01 1.492625624892002634e+01 2.958274927447038749e+01 6.811418755978696504e-01
3.946973000000000321e-03 6.557581000000000104e-01 5.955206999999999695e+00 1.014916962483662033e+01 4.621504323474226794e+00 4.861211059961528247e-01
4.000474000000000391e-03 7.637692000000000370e-01 1.336111000000000004e+01 -5.953754460684748118e-01 1.091329029561781283e+01 2.844171017924091438e-01
5.341847000000000262e-03 5.893606999999999596e-01 6.132393000000000427e+00 2.833097606997972751e+00 2.705055060430870739e+00 2.705312061276520241e-01
5.435963000000000253e-03 7.431569000000000091e-01 1.491398000000000046e+01 -2.493743317172214979e+00 5.028247132612362336e+00 1.314847812913877700e-01
7.453259000000000273e-03 5.219310000000000338e-01 6.245258999999999894e+00 1.172461919354196302e+00 1.506668596135579241e+00 1.286961764054033452e-01
7.535110000000000245e-03 7.007185000000000219e-01 1.586425000000000018e+01 -1.025689175121511809e+00 2.186919721815334228e+00 8.041859227226014206e-02
1.017312000000000077e-02 4.596814000000000178e-01 6.403253999999999557e+00 1.112832803599920428e+00 8.268312060198164115e-01 1.690231781621521767e-01
1.027343000000000006e-02 6.610458999999999641e-01 1.771545000000000059e+01 8.025493319174352713e-01 9.965566635147399266e-01 5.568146002284330570e-02
1.383413999999999998e-02 4.071106999999999920e-01 6.466582999999999970e+00 5.689699008554029991e-01 5.117220876853308953e-01 9.795437989434054027e-02
1.394597000000000024e-02 6.271948000000000523e-01 1.964489000000000019e+01 1.342907509516368503e+00 5.256842290257190964e-01 3.228094732443541337e-02
1.507257000000000041e-02 9.373892000000000335e-01 1.062584999999999980e+02 1.741398364171008240e+01 1.338995565919965003e+01 3.733150014123232108e-01
1.920211000000000140e-02 3.508186999999999833e-01 6.544540999999999720e+00 1.677160737709103566e-01 3.391153415865181819e-01 2.952582620528254598e-02
1.935372999999999954e-02 5.872908999999999491e-01 2.248636000000000124e+01 6.541676705824868154e-01 2.939628986531319099e-01 6.163198642411335526e-02
2.001787000000000011e-02 8.558080000000000132e-01 1.170955000000000013e+02 3.685764340895303803e+00 3.359425355091775423e+00 3.509223417527569944e-01
2.625492999999999924e-02 3.007385000000000197e-01 6.610382999999999676e+00 7.322644350079865472e-01 1.987144107687190131e-01 4.182183824408083894e-02
2.646696999999999939e-02 5.523841000000000445e-01 2.522205999999999904e+01 6.344792399389315163e-02 1.456203822547550986e-01 1.346778337134211558e-02
2.716661000000000076e-02 8.291503000000000068e-01 1.213499000000000052e+02 -1.571947333009593439e-01 9.298822904782112486e-01 6.978678280650563170e-02
3.584376000000000229e-02 2.572804000000000202e-01 6.676606999999999736e+00 6.340696142272395086e-03 1.257833342006209887e-01 3.535581237236834484e-02
3.603216000000000058e-02 5.122143999999999586e-01 2.807666000000000039e+01 2.467189426242928085e-01 8.171630550538942772e-02 1.748262371283007197e-02
3.681177000000000060e-02 7.857473999999999847e-01 1.290755000000000052e+02 3.383514396157897286e-01 3.349322095239949393e-01 2.703629120171405220e-02
4.939128999999999742e-02 2.109138999999999875e-01 6.695579000000000391e+00 4.191241833307745024e-01 9.063059827190199369e-02 1.011424876739137543e-02
4.961197999999999997e-02 4.605064999999999853e-01 3.063049000000000177e+01 2.243133199185137761e-01 5.095575501151509284e-02 2.017193675512076248e-02
5.048960999999999727e-02 7.357390000000000319e-01 1.383583999999999889e+02 2.523860929231330763e-02 1.506469540193811074e-01 1.544559848095520931e-02
6.807072999999999596e-02 1.737666999999999962e-01 6.716169999999999973e+00 1.008674048952052371e-01 5.513656743006278144e-02 1.018451013767217306e-02
6.840419000000000360e-02 4.155881000000000158e-01 3.332159999999999656e+01 1.335486957480944425e-01 2.736298977461968859e-02 3.199286722283990834e-03
6.947857999999999812e-02 6.965662999999999716e-01 1.506083000000000141e+02 1.410904470366114993e-01 5.785372442005245336e-02 4.182677866382328823e-03
9.288211999999999857e-02 1.411737999999999882e-01 6.764471000000000345e+00 7.746427034799246991e-02 3.571985686042184610e-02 1.292903103971799507e-02
9.324013999999999913e-02 3.674625999999999726e-01 3.549958999999999776e+01 9.041389854392821446e-02 1.561671917652619757e-02 6.117657453164514897e-03
9.426513999999999727e-02 6.521303999999999990e-01 1.628890000000000100e+02 2.356667180050693589e-02 2.615946861843155766e-02 3.685438459712654310e-03
1.257125000000000048e-01 1.185083999999999999e-01 7.187219999999999942e+00 2.415633117114654449e-02 2.879351916107641615e-02 4.926234848349494641e-03
1.270234000000000085e-01 3.108812000000000242e-01 3.669429000000000229e+01 5.078630673602773510e-02 1.081189936810280847e-02 4.504690472001058460e-03
1.278776000000000079e-01 5.912140999999999647e-01 1.768200999999999965e+02 5.229537292517996705e-02 1.457932598673356006e-02 3.292473927477504274e-03
1.408230000000000037e-01 8.605802999999999647e-01 1.116794000000000096e+03 3.314480685719574660e-01 3.542795667876825760e-01 3.448725786546498473e-02
1.731579000000000035e-01 1.022030000000000022e-01 8.185409999999999187e+00 1.180571050250252968e-02 2.326409829321952547e-02 7.657776885540806301e-03
1.768650999999999973e-01 2.622580999999999940e-01 3.816076999999999941e+01 5.611282688016477893e-02 6.134231301163106144e-03 8.350293294850107172e-04
1.786236999999999964e-01 5.405423000000000311e-01 1.957758000000000038e+02 3.057783842181296952e-02 6.457241684689663322e-03 2.618261011298889107e-04
1.876185999999999965e-01 8.516639999999999766e-01 1.123707000000000107e+03 1.220148075036864635e-02 5.872916005307306925e-02 9.588793996891652530e-03
2.240888000000000047e-01 9.281169000000000224e-02 9.187124999999999986e+00 1.010028372543791270e-02 2.837568263250936362e-02 9.024990042845563998e-03
2.413089999999999957e-01 2.263060000000000072e-01 3.996184999999999832e+01 3.291921953428502551e-02 3.391291362328999540e-03 2.651090363252486294e-03
2.429870000000000085e-01 4.985762000000000249e-01 2.174876999999999896e+02 1.789254634048784848e-02 2.951312050205329249e-03 1.528011021571119583e-03
2.506768999999999803e-01 8.190243999999999858e-01 1.182420000000000073e+03 2.341897226002255528e-02 1.520831986637672523e-02 2.688655769447549811e-03
3.231507000000000129e-01 1.907764000000000126e-01 4.242132000000000147e+01 1.468993910631779219e-02 2.245209062183814268e-03 3.269091302592918072e-04
3.233805000000000152e-01 4.339875000000000260e-01 2.301015999999999906e+02 6.630342421370533958e-03 1.675078319068241213e-03 4.936614989235078160e-04
3.253117999999999843e-01 7.596057000000000503e-01 1.227315000000000055e+03 5.150547601268766658e-03 5.908355480046405088e-03 7.761757348155005898e-04
4.555933999999999817e-01 1.582396000000000080e-01 4.727873000000000303e+01 7.318483423720153341e-03 1.006417070083089190e-03 1.361013547431268991e-04
4.609745000000000092e-01 3.558091999999999921e-01 2.446337000000000046e+02 4.160451735582900920e-03 5.932849782172514713e-04 1.060198420178040218e-04
4.728630999999999807e-01 6.445214000000000221e-01 1.295019999999999982e+03 -3.745287162594775673e-04 1.191397478348091461e-03 1.946114503297769382e-04
6.209527000000000241e-01 1.393310000000000104e-01 5.337973999999999819e+01 1.360535247467488515e-03 2.359805780679767335e-04 2.073358299374639200e-04
6.276348999999999956e-01 3.216036999999999924e-01 2.670056999999999903e+02 9.043603853577261925e-04 1.027776488613118709e-04 9.945216526894555163e-05
6.390093999999999497e-01 5.975781000000000009e-01 1.360278000000000020e+03 9.383380579660766953e-05 1.388575302669257624e-04 2.879009623543640902e-05
8.177484999999999893e-01 1.239250999999999964e-01 5.954731000000000307e+01 9.331016717875609463e-05 2.104252008701775660e-05 9.758948247540263091e-06
8.252698000000000533e-01 2.912018000000000106e-01 2.887386000000000195e+02 2.239925380247916899e-05 5.736683819242511804e-06 3.692832345891692704e-06
8.349974999999999481e-01 5.520625999999999589e-01 1.431112000000000080e+03 2.091052778279203693e-05 5.057461018830081395e-06 1.517786263752420357e-06
