x_cent  Min.  Max.  <M>  <x_F> <p_T> Sigma    Stat.    Syst.    Rad. Corr. Sigma    Stat.    Syst.
0  4.2   4.7   4.64 0.046 0.65  7.92E+01 5.60E+01 1.06E+01 0.984      7.79E+01 5.51E+01 1.04E+01
0  4.7   5.2   5.01 0.044 0.36  1.23E+01 6.75E+00 1.11E+00 0.985      1.21E+01 6.65E+00 1.09E+00
0  5.2   5.7   5.45 0.039 0.48  3.01E+01 1.81E+01 3.84E+00 0.986      2.97E+01 1.78E+01 3.79E+00
0  5.7   6.2   6.07 0.036 1.10  4.02E+01 1.47E+01 3.06E+00 0.987      3.97E+01 1.45E+01 3.02E+00
0  6.2   6.7   6.46 0.029 0.93  1.08E+01 3.52E+00 5.38E-01 0.988      1.07E+01 3.48E+00 5.32E-01
0  6.7   7.2   6.89 0.019 0.68  7.46E+00 2.07E+00 2.78E-01 0.989      7.38E+00 2.05E+00 2.75E-01
0  7.2   7.7   7.54 0.024 0.84  6.17E+00 2.56E+00 4.24E-01 0.990      6.11E+00 2.53E+00 4.20E-01
0  7.7   8.2   8.04 0.028 0.94  5.50E+00 9.03E-01 1.91E-01 0.991      5.45E+00 8.95E-01 1.89E-01
0  8.2   8.7   8.46 0.016 0.85  3.70E+00 4.69E-01 1.07E-01 0.993      3.67E+00 4.66E-01 1.06E-01
0 10.85 11.85 10.86 0.047 1.43  8.02E+00 8.02E+00 8.85E-01 0.997      8.00E+00 8.00E+00 8.83E-01
0.075  4.2   4.7   4.46 0.083 0.77  2.67E+01 2.76E+00 7.73E-01 1.008      2.69E+01 2.78E+00 7.79E-01
0.075  4.7   5.2   4.90 0.080 0.76  1.54E+01 2.28E+00 7.09E-01 1.007      1.55E+01 2.30E+00 7.14E-01
0.075  5.2   5.7   5.43 0.083 0.86  1.06E+01 2.83E+00 1.03E+00 1.008      1.07E+01 2.85E+00 1.04E+00
0.075  5.7   6.2   5.95 0.083 0.94  1.24E+01 2.59E+00 7.74E-01 1.008      1.25E+01 2.61E+00 7.80E-01
0.075  6.2   6.7   6.48 0.078 0.98  6.37E+00 1.82E+00 4.82E-01 1.008      6.42E+00 1.83E+00 4.86E-01
0.075  6.7   7.2   6.93 0.076 0.86  6.13E+00 2.08E+00 2.29E-01 1.008      6.18E+00 2.10E+00 2.31E-01
0.075  7.2   7.7   7.50 0.080 0.98  6.60E+00 1.95E+00 4.68E-01 1.008      6.65E+00 1.97E+00 4.72E-01
0.075  7.7   8.2   7.95 0.078 1.04  4.17E+00 5.43E-01 2.23E-01 1.009      4.21E+00 5.48E-01 2.25E-01
0.075  8.2   8.7   8.44 0.077 1.03  3.71E+00 4.83E-01 1.75E-01 1.008      3.74E+00 4.87E-01 1.76E-01
0.075 10.85 11.85 11.17 0.081 1.15  3.46E+00 1.51E+00 7.66E-02 1.012      3.50E+00 1.53E+00 7.75E-02
0.125  4.2   4.7   4.43 0.129 0.91  2.34E+01 1.38E+00 5.31E-01 1.022      2.39E+01 1.41E+00 5.43E-01
0.125  4.7   5.2   4.92 0.127 0.90  1.59E+01 1.26E+00 4.18E-01 1.021      1.62E+01 1.29E+00 4.27E-01
0.125  5.2   5.7   5.41 0.130 0.92  1.54E+01 1.58E+00 5.82E-01 1.021      1.57E+01 1.61E+00 5.94E-01
0.125  5.7   6.2   5.95 0.128 0.91  1.26E+01 1.45E+00 3.60E-01 1.020      1.29E+01 1.48E+00 3.67E-01
0.125  6.2   6.7   6.44 0.130 1.04  9.98E+00 1.22E+00 2.94E-01 1.020      1.02E+01 1.24E+00 3.00E-01
0.125  6.7   7.2   6.97 0.130 0.99  6.86E+00 1.05E+00 3.05E-01 1.020      7.00E+00 1.07E+00 3.11E-01
0.125  7.2   7.7   7.46 0.128 1.10  5.06E+00 4.80E-01 1.84E-01 1.020      5.16E+00 4.90E-01 1.88E-01
0.125  7.7   8.2   7.95 0.127 1.10  4.56E+00 3.67E-01 1.47E-01 1.020      4.65E+00 3.74E-01 1.50E-01
0.125  8.2   8.7   8.44 0.127 1.12  3.11E+00 2.61E-01 9.49E-02 1.020      3.17E+00 2.66E-01 9.68E-02
0.125 10.85 11.85 11.22 0.129 1.10  1.36E+00 3.42E-01 5.81E-02 1.022      1.39E+00 3.50E-01 5.94E-02
0.175  4.2   4.7   4.43 0.177 1.00  1.92E+01 9.66E-01 1.21E+00 1.032      1.98E+01 9.97E-01 1.25E+00
0.175  4.7   5.2   4.94 0.177 0.96  1.45E+01 7.20E-01 2.55E-01 1.031      1.49E+01 7.42E-01 2.63E-01
0.175  5.2   5.7   5.43 0.177 1.02  1.20E+01 9.89E-01 2.71E-01 1.030      1.24E+01 1.02E+00 2.79E-01
0.175  5.7   6.2   5.91 0.178 1.02  8.96E+00 7.88E-01 1.99E-01 1.030      9.23E+00 8.12E-01 2.05E-01
0.175  6.2   6.7   6.45 0.179 1.02  8.04E+00 8.68E-01 3.04E-01 1.029      8.28E+00 8.94E-01 3.13E-01
0.175  6.7   7.2   6.96 0.179 1.06  6.22E+00 4.59E-01 1.98E-01 1.030      6.40E+00 4.73E-01 2.04E-01
0.175  7.2   7.7   7.46 0.177 1.12  4.82E+00 2.98E-01 1.18E-01 1.030      4.96E+00 3.07E-01 1.21E-01
0.175  7.7   8.2   7.94 0.176 1.12  3.61E+00 2.45E-01 9.41E-02 1.030      3.72E+00 2.52E-01 9.69E-02
0.175  8.2   8.7   8.44 0.176 1.19  3.00E+00 1.98E-01 6.28E-02 1.030      3.09E+00 2.04E-01 6.47E-02
0.175 10.85 11.85 11.18 0.178 1.09  1.08E+00 2.41E-01 7.37E-02 1.030      1.11E+00 2.48E-01 7.59E-02
0.175 11.85 12.85 12.23 0.177 1.37  1.25E+00 5.62E-01 1.54E-01 1.031      1.29E+00 5.79E-01 1.59E-01
0.175 12.85 14.85 13.31 0.185 1.24  1.17E+01 1.03E+01 3.13E-01 1.032      1.21E+01 1.06E+01 3.23E-01
0.225  4.2   4.7   4.43 0.226 1.02  1.68E+01 6.71E-01 2.97E-01 1.038      1.74E+01 6.97E-01 3.08E-01
0.225  4.7   5.2   4.93 0.225 1.02  1.26E+01 6.54E-01 2.35E-01 1.038      1.31E+01 6.79E-01 2.44E-01
0.225  5.2   5.7   5.43 0.225 1.00  9.38E+00 5.79E-01 1.77E-01 1.037      9.73E+00 6.01E-01 1.84E-01
0.225  5.7   6.2   5.95 0.228 1.05  8.45E+00 5.19E-01 2.48E-01 1.037      8.76E+00 5.38E-01 2.57E-01
0.225  6.2   6.7   6.46 0.228 0.99  7.22E+00 3.73E-01 1.88E-01 1.037      7.48E+00 3.87E-01 1.95E-01
0.225  6.7   7.2   6.95 0.227 1.09  5.18E+00 2.72E-01 1.09E-01 1.037      5.37E+00 2.82E-01 1.13E-01
0.225  7.2   7.7   7.45 0.227 1.12  3.91E+00 2.28E-01 1.13E-01 1.036      4.05E+00 2.36E-01 1.17E-01
0.225  7.7   8.2   7.94 0.225 1.16  3.73E+00 1.97E-01 8.98E-02 1.036      3.87E+00 2.04E-01 9.31E-02
0.225  8.2   8.7   8.44 0.224 1.19  2.76E+00 1.89E-01 6.10E-02 1.037      2.86E+00 1.96E-01 6.32E-02
0.225 10.85 11.85 11.22 0.231 1.45  7.48E-01 1.34E-01 4.23E-02 1.038      7.76E-01 1.39E-01 4.39E-02
0.225 11.85 12.85 12.33 0.226 1.33  2.02E+00 7.89E-01 6.25E-01 1.038      2.10E+00 8.19E-01 6.49E-01
0.225 12.85 14.85 13.22 0.226 1.04  2.36E+00 1.82E+00 3.90E-01 1.039      2.45E+00 1.89E+00 4.05E-01
0.275  4.2   4.7   4.44 0.274 1.04  1.23E+01 5.17E-01 2.79E-01 1.042      1.28E+01 5.39E-01 2.91E-01
0.275  4.7   5.2   4.95 0.276 1.04  1.01E+01 4.91E-01 1.74E-01 1.042      1.05E+01 5.12E-01 1.81E-01
0.275  5.2   5.7   5.44 0.276 1.04  7.25E+00 4.24E-01 2.03E-01 1.042      7.55E+00 4.42E-01 2.11E-01
0.275  5.7   6.2   5.94 0.277 1.01  7.53E+00 3.04E-01 1.93E-01 1.042      7.84E+00 3.17E-01 2.01E-01
0.275  6.2   6.7   6.45 0.276 1.04  5.64E+00 2.62E-01 1.49E-01 1.041      5.87E+00 2.73E-01 1.55E-01
0.275  6.7   7.2   6.94 0.276 1.09  4.46E+00 2.09E-01 8.33E-02 1.042      4.65E+00 2.18E-01 8.68E-02
0.275  7.2   7.7   7.43 0.275 1.12  3.31E+00 1.77E-01 7.80E-02 1.042      3.45E+00 1.84E-01 8.12E-02
0.275  7.7   8.2   7.94 0.276 1.17  2.93E+00 1.67E-01 5.92E-02 1.041      3.05E+00 1.74E-01 6.16E-02
0.275  8.2   8.7   8.44 0.275 1.26  2.69E+00 1.53E-01 5.86E-02 1.042      2.80E+00 1.59E-01 6.10E-02
0.275 10.85 11.85 11.23 0.278 1.19  6.93E-01 1.09E-01 5.55E-02 1.043      7.23E-01 1.14E-01 5.79E-02
0.275 11.85 12.85 12.29 0.282 1.31  4.83E-01 1.71E-01 5.21E-02 1.044      5.04E-01 1.78E-01 5.44E-02
0.275 12.85 14.85 13.31 0.278 1.57  4.68E-01 3.33E-01 5.77E-02 1.044      4.89E-01 3.48E-01 6.03E-02
0.325  4.2   4.7   4.45 0.324 1.03  1.00E+01 4.63E-01 2.09E-01 1.045      1.04E+01 4.84E-01 2.18E-01
0.325  4.7   5.2   4.95 0.325 1.01  8.85E+00 4.15E-01 2.02E-01 1.045      9.25E+00 4.34E-01 2.11E-01
0.325  5.2   5.7   5.45 0.326 1.02  6.91E+00 3.03E-01 1.89E-01 1.045      7.22E+00 3.17E-01 1.97E-01
0.325  5.7   6.2   5.95 0.325 1.02  5.86E+00 2.31E-01 1.21E-01 1.045      6.12E+00 2.41E-01 1.26E-01
0.325  6.2   6.7   6.44 0.324 1.03  4.72E+00 1.98E-01 8.29E-02 1.045      4.93E+00 2.07E-01 8.66E-02
0.325  6.7   7.2   6.94 0.325 1.11  4.03E+00 1.78E-01 1.01E-01 1.045      4.21E+00 1.86E-01 1.06E-01
0.325  7.2   7.7   7.45 0.325 1.15  3.37E+00 1.50E-01 7.64E-02 1.045      3.52E+00 1.57E-01 7.98E-02
0.325  7.7   8.2   7.93 0.325 1.17  2.51E+00 1.41E-01 4.85E-02 1.045      2.62E+00 1.47E-01 5.07E-02
0.325  8.2   8.7   8.43 0.325 1.19  2.22E+00 1.33E-01 4.33E-02 1.046      2.32E+00 1.39E-01 4.53E-02
0.325 10.85 11.85 11.32 0.326 1.27  6.56E-01 8.22E-02 5.27E-02 1.047      6.87E-01 8.61E-02 5.52E-02
0.325 11.85 12.85 12.26 0.328 1.12  9.65E-01 4.94E-01 4.78E-02 1.047      1.01E+00 5.17E-01 5.01E-02
0.325 12.85 14.85 13.30 0.329 1.31  4.92E-01 1.78E-01 4.26E-02 1.048      5.16E-01 1.87E-01 4.46E-02
0.375  4.2   4.7   4.46 0.374 1.02  7.82E+00 4.14E-01 2.43E-01 1.046      8.18E+00 4.33E-01 2.54E-01
0.375  4.7   5.2   4.95 0.376 1.04  6.54E+00 3.20E-01 2.26E-01 1.046      6.84E+00 3.35E-01 2.36E-01
0.375  5.2   5.7   5.45 0.375 1.02  5.87E+00 3.87E-01 4.67E-01 1.046      6.14E+00 4.05E-01 4.88E-01
0.375  5.7   6.2   5.96 0.375 0.99  4.78E+00 2.64E-01 1.63E-01 1.046      5.00E+00 2.76E-01 1.71E-01
0.375  6.2   6.7   6.45 0.375 1.05  3.86E+00 1.62E-01 6.75E-02 1.046      4.04E+00 1.70E-01 7.06E-02
0.375  6.7   7.2   6.94 0.375 1.10  3.30E+00 1.48E-01 9.22E-02 1.047      3.46E+00 1.55E-01 9.65E-02
0.375  7.2   7.7   7.44 0.376 1.17  2.67E+00 1.21E-01 8.27E-02 1.047      2.80E+00 1.27E-01 8.66E-02
0.375  7.7   8.2   7.95 0.375 1.13  2.21E+00 1.24E-01 6.03E-02 1.047      2.31E+00 1.30E-01 6.32E-02
0.375  8.2   8.7   8.44 0.374 1.16  1.90E+00 1.09E-01 4.06E-02 1.048      1.99E+00 1.14E-01 4.26E-02
0.375 10.85 11.85 11.32 0.375 1.15  4.27E-01 7.23E-02 5.12E-03 1.050      4.48E-01 7.59E-02 5.37E-03
0.375 11.85 12.85 12.26 0.374 1.29  3.45E-01 6.23E-02 1.31E-02 1.050      3.62E-01 6.54E-02 1.38E-02
0.375 12.85 14.85 13.43 0.377 1.31  3.77E-01 1.91E-01 1.30E-02 1.050      3.96E-01 2.01E-01 1.37E-02
0.425  4.2   4.7   4.46 0.424 0.99  6.45E+00 3.68E-01 2.25E-01 1.046      6.75E+00 3.85E-01 2.35E-01
0.425  4.7   5.2   4.97 0.423 1.01  5.32E+00 2.50E-01 1.52E-01 1.046      5.57E+00 2.62E-01 1.59E-01
0.425  5.2   5.7   5.46 0.424 0.97  4.13E+00 1.93E-01 1.28E-01 1.047      4.32E+00 2.02E-01 1.34E-01
0.425  5.7   6.2   5.95 0.425 1.01  3.76E+00 1.53E-01 8.14E-02 1.047      3.94E+00 1.60E-01 8.52E-02
0.425  6.2   6.7   6.45 0.424 1.02  3.20E+00 1.24E-01 8.05E-02 1.047      3.35E+00 1.30E-01 8.43E-02
0.425  6.7   7.2   6.95 0.424 1.12  2.50E+00 1.16E-01 6.28E-02 1.048      2.62E+00 1.22E-01 6.58E-02
0.425  7.2   7.7   7.45 0.424 1.12  2.04E+00 1.02E-01 5.64E-02 1.048      2.14E+00 1.07E-01 5.91E-02
0.425  7.7   8.2   7.94 0.424 1.15  1.64E+00 9.63E-02 5.20E-02 1.048      1.72E+00 1.01E-01 5.45E-02
0.425  8.2   8.7   8.44 0.424 1.20  1.50E+00 9.25E-02 5.29E-02 1.049      1.57E+00 9.70E-02 5.55E-02
0.425 10.85 11.85 11.28 0.423 1.36  3.63E-01 4.95E-02 8.00E-03 1.051      3.81E-01 5.20E-02 8.41E-03
0.425 11.85 12.85 12.24 0.424 1.29  2.46E-01 5.32E-02 2.24E-02 1.051      2.59E-01 5.59E-02 2.35E-02
0.425 12.85 14.85 13.46 0.429 1.41  6.71E-01 5.45E-01 2.18E-02 1.052      7.06E-01 5.73E-01 2.29E-02
0.475  4.2   4.7   4.46 0.473 0.95  4.20E+00 2.80E-01 1.27E-01 1.046      4.39E+00 2.93E-01 1.33E-01
0.475  4.7   5.2   4.95 0.475 0.99  3.55E+00 2.12E-01 9.38E-02 1.046      3.71E+00 2.22E-01 9.81E-02
0.475  5.2   5.7   5.46 0.475 0.99  3.22E+00 1.54E-01 6.59E-02 1.046      3.37E+00 1.61E-01 6.90E-02
0.475  5.7   6.2   5.95 0.474 0.97  2.54E+00 1.20E-01 5.07E-02 1.047      2.66E+00 1.26E-01 5.31E-02
0.475  6.2   6.7   6.44 0.474 1.03  1.89E+00 9.63E-02 3.76E-02 1.047      1.98E+00 1.01E-01 3.94E-02
0.475  6.7   7.2   6.94 0.474 1.09  1.88E+00 9.42E-02 5.12E-02 1.048      1.97E+00 9.87E-02 5.36E-02
0.475  7.2   7.7   7.43 0.474 1.06  1.50E+00 8.66E-02 5.23E-02 1.048      1.57E+00 9.08E-02 5.48E-02
0.475  7.7   8.2   7.94 0.473 1.08  1.21E+00 8.03E-02 2.65E-02 1.048      1.27E+00 8.42E-02 2.78E-02
0.475  8.2   8.7   8.44 0.474 1.24  8.83E-01 7.12E-02 2.05E-02 1.049      9.26E-01 7.47E-02 2.15E-02
0.475 10.85 11.85 11.29 0.472 1.24  2.50E-01 4.24E-02 8.17E-03 1.051      2.63E-01 4.46E-02 8.59E-03
0.475 11.85 12.85 12.33 0.471 1.18  1.74E-01 4.25E-02 6.59E-03 1.051      1.83E-01 4.47E-02 6.93E-03
0.475 12.85 14.85 13.49 0.474 0.90  9.36E-02 3.83E-02 8.91E-03 1.052      9.84E-02 4.03E-02 9.37E-03
0.525  4.2   4.7   4.48 0.524 1.04  2.81E+00 2.42E-01 1.13E-01 1.045      2.94E+00 2.53E-01 1.18E-01
0.525  4.7   5.2   4.97 0.524 1.01  2.56E+00 1.76E-01 1.14E-01 1.045      2.68E+00 1.84E-01 1.19E-01
0.525  5.2   5.7   5.46 0.523 1.01  2.28E+00 1.23E-01 6.86E-02 1.046      2.38E+00 1.29E-01 7.17E-02
0.525  5.7   6.2   5.94 0.524 1.00  1.83E+00 9.65E-02 6.27E-02 1.046      1.91E+00 1.01E-01 6.56E-02
0.525  6.2   6.7   6.45 0.525 1.03  1.51E+00 7.93E-02 3.54E-02 1.046      1.58E+00 8.30E-02 3.70E-02
0.525  6.7   7.2   6.93 0.523 1.07  1.27E+00 7.58E-02 3.37E-02 1.047      1.33E+00 7.94E-02 3.53E-02
0.525  7.2   7.7   7.44 0.523 1.07  9.84E-01 7.11E-02 2.33E-02 1.048      1.03E+00 7.45E-02 2.44E-02
0.525  7.7   8.2   7.94 0.523 1.14  9.85E-01 7.06E-02 2.27E-02 1.048      1.03E+00 7.40E-02 2.38E-02
0.525  8.2   8.7   8.45 0.523 1.18  8.52E-01 6.21E-02 1.93E-02 1.048      8.93E-01 6.51E-02 2.02E-02
0.525 10.85 11.85 11.23 0.527 1.14  1.84E-01 3.27E-02 1.28E-03 1.051      1.93E-01 3.44E-02 1.35E-03
0.525 11.85 12.85 12.16 0.525 1.24  7.93E-02 2.51E-02 2.80E-03 1.051      8.34E-02 2.64E-02 2.94E-03
0.525 12.85 14.85 13.46 0.524 1.12  1.69E-01 7.29E-02 1.30E-02 1.051      1.78E-01 7.66E-02 1.37E-02
0.525 14.85 16.85 14.87 0.531 0.77  1.80E+00 1.80E+00 6.50E-01 1.052      1.89E+00 1.89E+00 6.84E-01
0.575  4.2   4.7   4.46 0.571 0.97  1.45E+00 1.61E-01 6.48E-02 1.044      1.51E+00 1.68E-01 6.76E-02
0.575  4.7   5.2   4.96 0.575 0.97  1.57E+00 1.20E-01 6.31E-02 1.044      1.64E+00 1.25E-01 6.59E-02
0.575  5.2   5.7   5.45 0.573 0.91  1.44E+00 9.82E-02 3.99E-02 1.044      1.50E+00 1.03E-01 4.17E-02
0.575  5.7   6.2   5.96 0.573 0.89  1.16E+00 7.25E-02 3.03E-02 1.045      1.21E+00 7.58E-02 3.17E-02
0.575  6.2   6.7   6.44 0.573 1.00  1.15E+00 7.83E-02 2.50E-02 1.046      1.20E+00 8.19E-02 2.61E-02
0.575  6.7   7.2   6.94 0.572 1.06  8.69E-01 6.05E-02 1.99E-02 1.046      9.09E-01 6.33E-02 2.08E-02
0.575  7.2   7.7   7.42 0.573 1.09  7.86E-01 5.48E-02 1.84E-02 1.047      8.23E-01 5.74E-02 1.93E-02
0.575  7.7   8.2   7.94 0.572 1.16  6.01E-01 5.13E-02 2.25E-02 1.047      6.29E-01 5.37E-02 2.36E-02
0.575  8.2   8.7   8.44 0.573 1.03  5.52E-01 5.05E-02 1.82E-02 1.048      5.78E-01 5.29E-02 1.91E-02
0.575 10.85 11.85 11.26 0.570 1.16  1.16E-01 2.27E-02 4.33E-03 1.050      1.22E-01 2.38E-02 4.55E-03
0.575 11.85 12.85 12.21 0.576 1.03  9.16E-02 2.83E-02 6.40E-03 1.051      9.62E-02 2.97E-02 6.72E-03
0.575 12.85 14.85 13.28 0.570 1.14  2.50E-01 2.02E-01 5.16E-03 1.051      2.63E-01 2.12E-01 5.42E-03
0.625  4.2   4.7   4.49 0.622 0.95  1.41E+00 1.74E-01 1.14E-01 1.042      1.47E+00 1.81E-01 1.18E-01
0.625  4.7   5.2   4.96 0.623 0.94  9.66E-01 1.14E-01 7.55E-02 1.042      1.01E+00 1.19E-01 7.87E-02
0.625  5.2   5.7   5.46 0.622 0.93  8.05E-01 8.03E-02 5.18E-02 1.043      8.40E-01 8.38E-02 5.40E-02
0.625  5.7   6.2   5.96 0.623 0.95  7.15E-01 5.35E-02 4.25E-02 1.044      7.46E-01 5.58E-02 4.43E-02
0.625  6.2   6.7   6.43 0.623 1.02  6.39E-01 5.76E-02 3.92E-02 1.044      6.67E-01 6.02E-02 4.09E-02
0.625  6.7   7.2   6.93 0.624 1.02  6.79E-01 5.35E-02 4.23E-02 1.045      7.10E-01 5.59E-02 4.42E-02
0.625  7.2   7.7   7.44 0.623 1.02  5.44E-01 6.51E-02 4.09E-02 1.045      5.69E-01 6.80E-02 4.27E-02
0.625  7.7   8.2   7.93 0.624 1.03  3.85E-01 4.04E-02 2.26E-02 1.046      4.03E-01 4.23E-02 2.37E-02
0.625  8.2   8.7   8.45 0.624 1.08  3.08E-01 3.93E-02 1.86E-02 1.047      3.22E-01 4.11E-02 1.95E-02
0.625 10.85 11.85 11.24 0.625 1.13  1.09E-01 3.33E-02 8.52E-03 1.049      1.14E-01 3.49E-02 8.94E-03
0.625 11.85 12.85 12.18 0.620 1.34  6.14E-02 2.93E-02 5.96E-03 1.049      6.44E-02 3.07E-02 6.26E-03
0.625 12.85 14.85 13.16 0.609 0.67  2.48E-02 1.13E-02 2.51E-03 1.049      2.60E-02 1.19E-02 2.63E-03
0.675  4.2   4.7   4.47 0.673 0.97  6.90E-01 1.18E-01 7.25E-02 1.040      7.18E-01 1.23E-01 7.55E-02
0.675  4.7   5.2   4.97 0.670 0.90  5.91E-01 7.45E-02 4.30E-02 1.041      6.15E-01 7.75E-02 4.48E-02
0.675  5.2   5.7   5.45 0.670 0.88  6.39E-01 7.28E-02 5.04E-02 1.041      6.65E-01 7.58E-02 5.25E-02
0.675  5.7   6.2   5.95 0.673 0.89  4.48E-01 6.71E-02 2.84E-02 1.042      4.67E-01 6.99E-02 2.96E-02
0.675  6.2   6.7   6.46 0.671 0.92  3.80E-01 5.04E-02 2.54E-02 1.043      3.96E-01 5.26E-02 2.64E-02
0.675  6.7   7.2   6.94 0.669 1.03  2.48E-01 3.91E-02 1.87E-02 1.043      2.59E-01 4.08E-02 1.95E-02
0.675  7.2   7.7   7.43 0.673 1.06  1.97E-01 4.09E-02 1.92E-02 1.044      2.06E-01 4.27E-02 2.01E-02
0.675  7.7   8.2   7.95 0.670 1.08  2.21E-01 3.71E-02 1.68E-02 1.044      2.31E-01 3.88E-02 1.76E-02
0.675  8.2   8.7   8.43 0.669 1.07  1.04E-01 2.42E-02 7.23E-03 1.045      1.09E-01 2.53E-02 7.56E-03
0.675 10.85 11.85 11.30 0.674 1.22  5.25E-02 1.52E-02 3.83E-03 1.048      5.50E-02 1.59E-02 4.01E-03
0.675 11.85 12.85 12.42 0.679 1.27  3.87E-02 2.09E-02 4.18E-03 1.048      4.05E-02 2.19E-02 4.37E-03
0.675 12.85 14.85 13.77 0.677 0.83  9.03E-02 4.41E-02 5.44E-03 1.048      9.46E-02 4.62E-02 5.70E-03
0.725  4.2   4.7   4.53 0.720 0.80  5.31E-01 1.26E-01 5.44E-02 1.038      5.51E-01 1.31E-01 5.65E-02
0.725  4.7   5.2   5.01 0.720 0.90  4.21E-01 8.97E-02 3.35E-02 1.039      4.37E-01 9.32E-02 3.47E-02
0.725  5.2   5.7   5.45 0.719 0.94  2.44E-01 3.87E-02 1.68E-02 1.039      2.54E-01 4.02E-02 1.75E-02
0.725  5.7   6.2   5.94 0.723 1.04  2.68E-01 4.36E-02 2.67E-02 1.040      2.79E-01 4.54E-02 2.78E-02
0.725  6.2   6.7   6.45 0.720 1.00  2.04E-01 4.72E-02 1.91E-02 1.041      2.12E-01 4.91E-02 1.99E-02
0.725  6.7   7.2   6.93 0.720 0.86  1.62E-01 2.65E-02 1.48E-02 1.042      1.69E-01 2.76E-02 1.54E-02
0.725  7.2   7.7   7.41 0.726 1.00  1.78E-01 3.30E-02 1.38E-02 1.042      1.86E-01 3.44E-02 1.44E-02
0.725  7.7   8.2   7.95 0.719 1.07  3.54E-01 1.61E-01 2.14E-02 1.043      3.69E-01 1.68E-01 2.24E-02
0.725  8.2   8.7   8.42 0.717 1.13  1.05E-01 2.43E-02 1.17E-02 1.043      1.10E-01 2.54E-02 1.22E-02
0.725 10.85 11.85 11.28 0.728 1.30  3.61E-02 2.34E-02 1.86E-03 1.046      3.78E-02 2.45E-02 1.94E-03
0.725 12.85 14.85 13.14 0.723 1.33  3.83E-01 2.72E-01 4.63E-02 1.046      4.01E-01 2.84E-01 4.84E-02
0.775  4.2   4.7   4.48 0.770 1.01  3.20E-01 1.11E-01 5.56E-02 1.036      3.31E-01 1.15E-01 5.76E-02
0.775  4.7   5.2   4.96 0.767 0.84  4.98E-01 2.48E-01 4.69E-02 1.037      5.16E-01 2.57E-01 4.87E-02
0.775  5.2   5.7   5.45 0.768 0.65  1.28E-01 2.67E-02 1.16E-02 1.037      1.33E-01 2.77E-02 1.20E-02
0.775  5.7   6.2   5.95 0.771 0.96  1.76E-01 4.18E-02 1.63E-02 1.038      1.83E-01 4.34E-02 1.69E-02
0.775  6.2   6.7   6.43 0.769 0.82  9.89E-02 2.22E-02 7.27E-03 1.039      1.03E-01 2.31E-02 7.55E-03
0.775  6.7   7.2   6.94 0.767 0.83  8.01E-02 2.43E-02 6.91E-03 1.040      8.33E-02 2.53E-02 7.18E-03
0.775  7.2   7.7   7.45 0.773 0.97  1.09E-01 4.14E-02 1.99E-02 1.040      1.13E-01 4.31E-02 2.07E-02
0.775  7.7   8.2   7.93 0.772 1.42  1.04E-01 3.55E-02 1.07E-02 1.041      1.08E-01 3.69E-02 1.12E-02
0.775  8.2   8.7   8.47 0.776 0.80  7.31E-02 2.44E-02 7.20E-03 1.042      7.61E-02 2.54E-02 7.50E-03
0.775 10.85 11.85 11.39 0.765 1.52  6.65E-02 4.97E-02 6.63E-03 1.043      6.94E-02 5.19E-02 6.92E-03
