   36.00000000    0.00200000 2571.42846680    9.44289112    0.02976348    0.01568834    0.03364504
   36.00000000    0.00600000  857.14288330    9.37448883    0.03026829    0.01324019    0.03303743
   36.00000000    0.01000000  514.28570557    9.16479492    0.02972273    0.01254079    0.03226008
   36.00000000    0.01400000  367.34692383    8.97491837    0.02964204    0.01226534    0.03207942
   36.00000000    0.01800000  285.71432495    8.65484238    0.02939716    0.01176349    0.03166343
   36.00000000    0.02200000  233.76623535    8.31658840    0.02845277    0.01107019    0.03053047
   36.00000000    0.02650000  194.07008362    7.83294058    0.02487331    0.01255510    0.02786237
   36.00000000    0.03150000  163.26530457    7.37060261    0.02389101    0.01168194    0.02659414
   36.00000000    0.03650000  140.90020752    6.93875217    0.02351837    0.01087731    0.02591196
   36.00000000    0.04200000  122.44898224    6.41988850    0.02050298    0.01069260    0.02312367
   36.00000000    0.04800000  107.14286041    5.89761829    0.01938892    0.00925623    0.02148507
   36.00000000    0.05400000   95.23809052    5.39375734    0.01827599    0.00836724    0.02010031
   36.00000000    0.06050000   85.00590515    4.98006916    0.01651967    0.00767733    0.01821650
   36.00000000    0.06800000   75.63024902    4.50590801    0.01477593    0.00677242    0.01625404
   36.00000000    0.07650000   67.22689056    4.04861879    0.01322848    0.00602126    0.01453438
   36.00000000    0.08600000   59.80066299    3.57029700    0.01163679    0.00530654    0.01278962
   36.00000000    0.09650000   53.29385376    3.15427208    0.01036981    0.00465067    0.01136493
   36.00000000    0.10800000   47.61904526    2.75677943    0.00940725    0.00410933    0.01026561
   36.00000000    0.12100000   42.50295258    2.39627385    0.00806175    0.00225264    0.00837055
   36.00000000    0.13650000   37.67660904    2.03850532    0.00665261    0.00189504    0.00691725
   36.00000000    0.15500000   33.17972183    1.70080888    0.00582851    0.00161892    0.00604917
   36.00000000    0.17700000   29.05569077    1.39369869    0.00477680    0.00134223    0.00496179
   36.00000000    0.20400000   25.21008492    1.11487782    0.00392086    0.00122455    0.00410764
   36.00000000    0.23850000   21.56334305    0.84951556    0.00293247    0.00097441    0.00309012
   36.00000000    0.28500000   18.04511261    0.61825526    0.00205626    0.00101074    0.00229124
   36.00000000    0.35150000   14.63117218    0.40940064    0.00139860    0.00070884    0.00156797
   36.00000000    0.45750001   11.24121761    0.23682176    0.00080695    0.00041639    0.00090804
   36.00000000    0.60949999    8.43782997    0.12229005    0.00054766    0.00024043    0.00059811
   36.00000000    0.80650002    6.37676001    0.06097667    0.00034266    0.00011647    0.00036191
   36.00000000    1.03550005    4.96654463    0.03104349    0.00023005    0.00006420    0.00023884
   36.00000000    1.32449996    3.88286710    0.01595205    0.00013461    0.00005030    0.00014370
   36.00000000    1.72150004    2.98742795    0.00740177    0.00007692    0.00002580    0.00008113
   36.00000000    2.23449993    2.30156970    0.00355313    0.00004781    0.00001312    0.00004958
   36.00000000    2.89949989    1.77370489    0.00171432    0.00002858    0.00000750    0.00002955
   36.00000000    4.13850021    1.24268615    0.00078081    0.00001308    0.00000337    0.00001350
   36.00000000    7.50000000    0.68571430    0.00021344    0.00000393    0.00000090    0.00000403
