0.0118543       2.33943 0.0131741
0.0147498       2.67647 0.0137443
0.0170879       2.92672 0.0145816
0.0193576       3.14972 0.0148745
0.0216843       3.38092 0.0154729
0.024134        3.61084 0.0163357
0.026757        3.83911 0.0166505
0.029609        4.07714 0.0173117
0.0327378       4.32469 0.0177981
0.036235        4.62301 0.0184076
0.0401922       4.91469 0.0196155
0.0447057       5.22312 0.0201606
0.0498705       5.57079 0.0206674
0.0559157       5.90818 0.0224443
0.063158        6.30866 0.0235975
0.0719283       6.76403 0.0249343
0.082977        7.29287 0.028093
0.098045        8.23912 0.0294843
0.122323        9.93854 0.03264
0.194617        15.7033 0.0412479
