*  Total number of systematic sources *
   99
   36     AVE 99 99    1     0.000 O 1 2 3 4 5 6 7 8 9101112131415161718192021222324252627282930313233343536373839404142434445464748495051525354555657585960616263646566676869707172737475767778798081828384858687888990919293949596979899
 0.2000000E-02 0.2571428E+04 0.3600000E+02 0.9417150E+01 0.6045255E-01 0.1714677E-01 0.6642881E-01
  0.0000  0.0000 -0.0000 -0.0000 -0.0000 -0.0000  0.0000 -0.0000 -0.0000  0.0000 -0.0000 -0.0000  0.0000 -0.0000 -0.0000 -0.0000 -0.0000 -0.0000  0.0000  0.0000  0.0000 -0.0000 -0.0000  0.0000 -0.0000 -0.0000 -0.0000 -0.0000 -0.0000 -0.0000 -0.0000 -0.0000 -0.0000 -0.0000 -0.0000 -0.0000 -0.0000 -0.0000 -0.0000 -0.0000 -0.0000 -0.0000 -0.0000 -0.0000 -0.0000 -0.0000 -0.0000 -0.0000 -0.0000 -0.0000 -0.0000 -0.0000 -0.0000 -0.0000 -0.0000 -0.0000 -0.0000 -0.0000 -0.0000 -0.0000  0.0000 -0.0000 -0.0000 -0.0000 -0.0000 -0.0000 -0.0000  0.0000  0.0000 -0.0000  0.0007  0.0010 -0.0019  0.0020  0.0030 -0.0038 -0.0009 -0.0012  0.0059 -0.0414  0.0254 -0.0025 -0.0284 -0.0385 -0.0066  0.0043 -0.0104  0.0229  0.0002 -0.0157 -0.0298 -0.0073  0.0044  0.0281 -0.0009 -0.0481 -0.0019  0.1987  0.0563
 0.6000000E-02 0.8571429E+03 0.3600000E+02 0.9303003E+01 0.6196314E-01 0.1695109E-01 0.6749300E-01
  0.0000  0.0000 -0.0000 -0.0000 -0.0000 -0.0000  0.0000 -0.0000 -0.0000  0.0000 -0.0000 -0.0000  0.0000 -0.0000 -0.0000 -0.0000 -0.0000 -0.0000  0.0000  0.0000  0.0000 -0.0000  0.0000  0.0000 -0.0000 -0.0000 -0.0000 -0.0000 -0.0000 -0.0000 -0.0000 -0.0000 -0.0000 -0.0000 -0.0000 -0.0000 -0.0000 -0.0000 -0.0000 -0.0000 -0.0000 -0.0000 -0.0000 -0.0000 -0.0000 -0.0000 -0.0000 -0.0000 -0.0000 -0.0000 -0.0000 -0.0000 -0.0000 -0.0000 -0.0000 -0.0000 -0.0000 -0.0000 -0.0000 -0.0000  0.0000 -0.0000 -0.0000 -0.0000 -0.0000 -0.0000 -0.0000  0.0000  0.0000 -0.0000  0.0004  0.0005 -0.0012  0.0018  0.0018 -0.0022  0.0002 -0.0010  0.0052 -0.0137  0.0181 -0.0033 -0.0280 -0.0328  0.0076  0.0117 -0.0097  0.0318  0.0154 -0.0158  0.0091  0.0042 -0.0276  0.0092  0.0307  0.0400  0.0291  0.1917  0.0649
 0.1000000E-01 0.5142857E+03 0.3600000E+02 0.9084121E+01 0.6009450E-01 0.1613818E-01 0.6552124E-01
  0.0000  0.0000 -0.0000 -0.0000 -0.0000 -0.0000  0.0000 -0.0000 -0.0000  0.0000  0.0000 -0.0000  0.0000 -0.0000 -0.0000 -0.0000 -0.0000 -0.0000  0.0000  0.0000 -0.0000 -0.0000 -0.0000  0.0000 -0.0000 -0.0000 -0.0000 -0.0000 -0.0000 -0.0000 -0.0000 -0.0000 -0.0000 -0.0000 -0.0000 -0.0000 -0.0000 -0.0000 -0.0000 -0.0000 -0.0000 -0.0000 -0.0000 -0.0000 -0.0000 -0.0000 -0.0000 -0.0000 -0.0000 -0.0000 -0.0000 -0.0000 -0.0000 -0.0000 -0.0000 -0.0000 -0.0000 -0.0000 -0.0000 -0.0000  0.0000 -0.0000 -0.0000 -0.0000 -0.0000 -0.0000 -0.0000  0.0000  0.0000 -0.0000  0.0003  0.0011 -0.0002  0.0019  0.0003 -0.0011  0.0012  0.0006  0.0048 -0.0039  0.0120  0.0073 -0.0255 -0.0289  0.0047  0.0009 -0.0039  0.0294  0.0014 -0.0055 -0.0254  0.0033 -0.0024  0.0125  0.0222 -0.0405  0.0674  0.1930  0.0603
 0.1400000E-01 0.3673469E+03 0.3600000E+02 0.8991350E+01 0.5921966E-01 0.1636664E-01 0.6463686E-01
 -0.0000  0.0000  0.0000 -0.0000  0.0000 -0.0000  0.0000  0.0000 -0.0000 -0.0000  0.0000  0.0000  0.0000  0.0000 -0.0000  0.0000 -0.0000 -0.0000 -0.0000  0.0000 -0.0000 -0.0000 -0.0000  0.0000 -0.0000 -0.0000 -0.0000 -0.0000 -0.0000 -0.0000 -0.0000 -0.0000 -0.0000 -0.0000 -0.0000 -0.0000 -0.0000 -0.0000 -0.0000 -0.0000 -0.0000 -0.0000 -0.0000 -0.0000 -0.0000 -0.0000 -0.0000 -0.0000 -0.0000 -0.0000 -0.0000 -0.0000 -0.0000 -0.0000 -0.0000 -0.0000 -0.0000 -0.0000 -0.0000 -0.0000 -0.0000  0.0000 -0.0000  0.0000  0.0000  0.0000 -0.0000  0.0000 -0.0000 -0.0000  0.0001  0.0007  0.0002  0.0025 -0.0003 -0.0021  0.0011  0.0002  0.0056 -0.0013  0.0107  0.0035 -0.0224 -0.0293  0.0011 -0.0058 -0.0002  0.0371  0.0021 -0.0135 -0.0173  0.0199 -0.0333  0.0184 -0.0491 -0.0206 -0.0054  0.1971  0.0536
 0.1800000E-01 0.2857143E+03 0.3600000E+02 0.8510549E+01 0.5853991E-01 0.1632348E-01 0.6372422E-01
 -0.0000  0.0000  0.0000 -0.0000  0.0000 -0.0000  0.0000 -0.0000 -0.0000  0.0000  0.0000  0.0000  0.0000 -0.0000 -0.0000 -0.0000 -0.0000 -0.0000  0.0000  0.0000 -0.0000 -0.0000 -0.0000  0.0000 -0.0000 -0.0000 -0.0000 -0.0000 -0.0000 -0.0000 -0.0000 -0.0000 -0.0000 -0.0000 -0.0000 -0.0000 -0.0000 -0.0000 -0.0000 -0.0000 -0.0000 -0.0000 -0.0000 -0.0000 -0.0000 -0.0000 -0.0000 -0.0000 -0.0000 -0.0000 -0.0000 -0.0000 -0.0000 -0.0000 -0.0000 -0.0000 -0.0000 -0.0000 -0.0000 -0.0000 -0.0000 -0.0000 -0.0000 -0.0000 -0.0000  0.0000 -0.0000  0.0000 -0.0000 -0.0000  0.0002  0.0005 -0.0005  0.0026 -0.0003 -0.0018  0.0024 -0.0011  0.0058  0.0031  0.0149 -0.0004 -0.0253 -0.0268  0.0129  0.0059  0.0025  0.0422  0.0119 -0.0103  0.0054 -0.0094 -0.0149  0.0172 -0.0013  0.0030  0.0749  0.1930  0.0577
 0.2200000E-01 0.2337662E+03 0.3600000E+02 0.8236218E+01 0.5668790E-01 0.1740251E-01 0.6247430E-01
  0.0000 -0.0000 -0.0000 -0.0000 -0.0000 -0.0000  0.0000 -0.0000 -0.0000  0.0000 -0.0000 -0.0000  0.0000 -0.0000 -0.0000  0.0000 -0.0000 -0.0000  0.0000  0.0000 -0.0000  0.0000  0.0000  0.0000 -0.0000 -0.0000 -0.0000 -0.0000 -0.0000 -0.0000 -0.0000 -0.0000 -0.0000 -0.0000 -0.0000 -0.0000 -0.0000 -0.0000 -0.0000 -0.0000 -0.0000 -0.0000 -0.0000 -0.0000 -0.0000 -0.0000 -0.0000 -0.0000 -0.0000 -0.0000 -0.0000 -0.0000 -0.0000 -0.0000 -0.0000 -0.0000 -0.0000 -0.0000 -0.0000  0.0000  0.0000 -0.0000 -0.0000 -0.0000 -0.0000 -0.0000 -0.0000 -0.0000  0.0000  0.0000  0.0006  0.0016  0.0003  0.0002  0.0010 -0.0006 -0.0005  0.0013  0.0043  0.0024  0.0067  0.0112 -0.0241 -0.0272 -0.0054 -0.0027 -0.0191  0.0119  0.0007  0.0021 -0.0298  0.0067 -0.0876 -0.0157  0.0219  0.0459 -0.0042  0.2012  0.0548
 0.2650000E-01 0.1940701E+03 0.3600000E+02 0.7890863E+01 0.4962783E-01 0.1655358E-01 0.5574227E-01
  0.0000  0.0000 -0.0000 -0.0000 -0.0000 -0.0000  0.0000 -0.0000 -0.0000  0.0000  0.0000 -0.0000  0.0000 -0.0000 -0.0000  0.0000 -0.0000 -0.0000  0.0000  0.0000 -0.0000 -0.0000 -0.0000  0.0000 -0.0000 -0.0000 -0.0000 -0.0000 -0.0000 -0.0000 -0.0000 -0.0000 -0.0000 -0.0000 -0.0000 -0.0000 -0.0000 -0.0000 -0.0000 -0.0000 -0.0000 -0.0000 -0.0000 -0.0000 -0.0000 -0.0000 -0.0000 -0.0000 -0.0000 -0.0000 -0.0000 -0.0000 -0.0000 -0.0000 -0.0000 -0.0000 -0.0000 -0.0000 -0.0000 -0.0000  0.0000 -0.0000 -0.0000 -0.0000 -0.0000  0.0000 -0.0000 -0.0000 -0.0000 -0.0000  0.0003  0.0008  0.0003  0.0023  0.0003 -0.0012  0.0010  0.0008  0.0044  0.0009  0.0071  0.0056 -0.0262 -0.0284  0.0053  0.0051 -0.0077  0.0269 -0.0004 -0.0085 -0.0117 -0.0175  0.0128  0.0334  0.0247 -0.0981  0.0560  0.1985  0.0496
 0.3150000E-01 0.1632653E+03 0.3600000E+02 0.7267232E+01 0.4771957E-01 0.1441320E-01 0.5251457E-01
  0.0000  0.0000 -0.0000 -0.0000 -0.0000 -0.0000  0.0000 -0.0000 -0.0000  0.0000 -0.0000 -0.0000  0.0000 -0.0000 -0.0000 -0.0000 -0.0000 -0.0000  0.0000  0.0000 -0.0000 -0.0000 -0.0000  0.0000 -0.0000 -0.0000 -0.0000 -0.0000 -0.0000 -0.0000 -0.0000 -0.0000 -0.0000 -0.0000 -0.0000 -0.0000 -0.0000 -0.0000 -0.0000 -0.0000 -0.0000 -0.0000 -0.0000 -0.0000 -0.0000 -0.0000 -0.0000 -0.0000 -0.0000 -0.0000 -0.0000 -0.0000 -0.0000 -0.0000 -0.0000 -0.0000 -0.0000 -0.0000 -0.0000 -0.0000  0.0000  0.0000 -0.0000 -0.0000 -0.0000 -0.0000 -0.0000 -0.0000  0.0000 -0.0000  0.0003  0.0009 -0.0006  0.0011  0.0005 -0.0004  0.0004  0.0010  0.0038  0.0018  0.0060  0.0078 -0.0236 -0.0264  0.0005 -0.0000 -0.0099  0.0178 -0.0002 -0.0063 -0.0292 -0.0053 -0.0375  0.0013  0.0038  0.0581 -0.0040  0.2039  0.0506
 0.3650000E-01 0.1409002E+03 0.3600000E+02 0.6842895E+01 0.4731451E-01 0.1495963E-01 0.5183354E-01
  0.0000 -0.0000 -0.0000 -0.0000 -0.0000 -0.0000  0.0000 -0.0000 -0.0000  0.0000  0.0000 -0.0000  0.0000 -0.0000 -0.0000  0.0000 -0.0000 -0.0000  0.0000  0.0000 -0.0000 -0.0000  0.0000  0.0000 -0.0000 -0.0000 -0.0000 -0.0000 -0.0000 -0.0000 -0.0000 -0.0000 -0.0000 -0.0000 -0.0000 -0.0000 -0.0000 -0.0000 -0.0000 -0.0000 -0.0000 -0.0000 -0.0000 -0.0000 -0.0000 -0.0000 -0.0000 -0.0000 -0.0000 -0.0000 -0.0000 -0.0000 -0.0000 -0.0000 -0.0000 -0.0000 -0.0000 -0.0000 -0.0000  0.0000  0.0000 -0.0000 -0.0000 -0.0000 -0.0000  0.0000 -0.0000 -0.0000  0.0000 -0.0000  0.0003  0.0003 -0.0003  0.0017  0.0007 -0.0016 -0.0001  0.0016  0.0049  0.0056  0.0077  0.0064 -0.0231 -0.0261  0.0036  0.0079 -0.0175  0.0097  0.0007 -0.0145 -0.0190 -0.0056 -0.0022  0.0339 -0.0313 -0.0082 -0.0306  0.1997  0.0491
 0.4200000E-01 0.1224490E+03 0.3600000E+02 0.6457404E+01 0.4085765E-01 0.1175611E-01 0.4487541E-01
 -0.0000  0.0000  0.0000 -0.0000  0.0000 -0.0000 -0.0000  0.0000 -0.0000  0.0000  0.0000  0.0000  0.0000 -0.0000  0.0000  0.0000 -0.0000 -0.0000  0.0000 -0.0000 -0.0000 -0.0000 -0.0000  0.0000 -0.0000 -0.0000 -0.0000 -0.0000 -0.0000 -0.0000 -0.0000 -0.0000 -0.0000 -0.0000 -0.0000 -0.0000 -0.0000 -0.0000 -0.0000 -0.0000 -0.0000 -0.0000 -0.0000 -0.0000 -0.0000 -0.0000 -0.0000 -0.0000 -0.0000 -0.0000 -0.0000 -0.0000 -0.0000 -0.0000 -0.0000 -0.0000 -0.0000 -0.0000 -0.0000 -0.0000 -0.0000 -0.0000 -0.0000 -0.0000  0.0000  0.0000  0.0000 -0.0000 -0.0000 -0.0000  0.0000  0.0002  0.0002  0.0018 -0.0009 -0.0010  0.0009  0.0007  0.0042  0.0061  0.0063  0.0049 -0.0222 -0.0251  0.0033  0.0007 -0.0033  0.0263 -0.0016 -0.0018 -0.0191 -0.0127 -0.0060  0.0195  0.0079 -0.0484  0.0444  0.2008  0.0429
 0.4800000E-01 0.1071429E+03 0.3600000E+02 0.5807048E+01 0.3857954E-01 0.1187092E-01 0.4230107E-01
  0.0000 -0.0000 -0.0000 -0.0000 -0.0000 -0.0000  0.0000 -0.0000 -0.0000  0.0000 -0.0000 -0.0000  0.0000 -0.0000 -0.0000  0.0000 -0.0000 -0.0000  0.0000  0.0000 -0.0000  0.0000  0.0000  0.0000 -0.0000 -0.0000 -0.0000 -0.0000 -0.0000 -0.0000 -0.0000 -0.0000 -0.0000 -0.0000 -0.0000 -0.0000 -0.0000 -0.0000 -0.0000 -0.0000 -0.0000 -0.0000 -0.0000 -0.0000 -0.0000 -0.0000 -0.0000 -0.0000 -0.0000 -0.0000 -0.0000 -0.0000 -0.0000 -0.0000 -0.0000 -0.0000 -0.0000 -0.0000 -0.0000  0.0000  0.0000 -0.0000 -0.0000 -0.0000 -0.0000 -0.0000 -0.0000 -0.0000  0.0000 -0.0000  0.0002  0.0004 -0.0001  0.0003  0.0004  0.0004  0.0001  0.0017  0.0032  0.0052  0.0033  0.0063 -0.0234 -0.0246  0.0027  0.0084 -0.0156  0.0123  0.0018  0.0023 -0.0089 -0.0015 -0.0140  0.0124  0.0211  0.0316 -0.0167  0.2042  0.0437
 0.5400000E-01 0.9523809E+02 0.3600000E+02 0.5366241E+01 0.3766127E-01 0.1035833E-01 0.4068999E-01
  0.0000 -0.0000 -0.0000 -0.0000 -0.0000 -0.0000  0.0000 -0.0000 -0.0000  0.0000  0.0000 -0.0000  0.0000 -0.0000 -0.0000  0.0000 -0.0000 -0.0000  0.0000  0.0000  0.0000 -0.0000  0.0000  0.0000 -0.0000 -0.0000 -0.0000 -0.0000 -0.0000 -0.0000 -0.0000 -0.0000 -0.0000 -0.0000 -0.0000 -0.0000 -0.0000 -0.0000 -0.0000 -0.0000 -0.0000 -0.0000 -0.0000 -0.0000 -0.0000 -0.0000 -0.0000 -0.0000 -0.0000 -0.0000 -0.0000 -0.0000 -0.0000 -0.0000 -0.0000 -0.0000 -0.0000 -0.0000 -0.0000  0.0000  0.0000 -0.0000 -0.0000 -0.0000 -0.0000  0.0000 -0.0000 -0.0000  0.0000 -0.0000  0.0002  0.0000 -0.0004  0.0014 -0.0001 -0.0008  0.0015  0.0006  0.0028  0.0064  0.0023  0.0026 -0.0247 -0.0226  0.0115  0.0112 -0.0041  0.0239  0.0028 -0.0147  0.0137 -0.0051 -0.0094  0.0329 -0.0091 -0.0261 -0.0059  0.1979  0.0391
 0.6050000E-01 0.8500591E+02 0.3600000E+02 0.4918472E+01 0.3327004E-01 0.9756602E-02 0.3533725E-01
  0.0000 -0.0000  0.0000 -0.0000 -0.0000 -0.0000  0.0000 -0.0000 -0.0000 -0.0000 -0.0000  0.0000  0.0000  0.0000 -0.0000 -0.0000  0.0000  0.0000  0.0000  0.0000  0.0000 -0.0000 -0.0000 -0.0000 -0.0000 -0.0000 -0.0000 -0.0000 -0.0000 -0.0000 -0.0000 -0.0000 -0.0000 -0.0000 -0.0000 -0.0000 -0.0000 -0.0000 -0.0000 -0.0000 -0.0000 -0.0000 -0.0000 -0.0000 -0.0000 -0.0000 -0.0000 -0.0000 -0.0000 -0.0000 -0.0000 -0.0000 -0.0000 -0.0000 -0.0000 -0.0000 -0.0000 -0.0000 -0.0000 -0.0000 -0.0000  0.0000 -0.0000 -0.0000 -0.0000 -0.0000 -0.0000 -0.0000  0.0000  0.0000  0.0002  0.0007 -0.0009 -0.0010 -0.0001 -0.0003  0.0007  0.0015  0.0023  0.0104  0.0046  0.0034 -0.0098 -0.0126  0.0012  0.0024 -0.0066  0.0206  0.0075  0.0137  0.0010 -0.0101 -0.0328  0.0067 -0.0040 -0.0048 -0.0014  0.1255  0.0336
 0.6800000E-01 0.7563025E+02 0.3600000E+02 0.4451712E+01 0.2914577E-01 0.7994907E-02 0.3086037E-01
  0.0000 -0.0000 -0.0000 -0.0000 -0.0000 -0.0000  0.0000 -0.0000 -0.0000  0.0000 -0.0000 -0.0000  0.0000 -0.0000 -0.0000  0.0000 -0.0000 -0.0000  0.0000  0.0000  0.0000 -0.0000  0.0000  0.0000 -0.0000 -0.0000 -0.0000 -0.0000 -0.0000 -0.0000 -0.0000 -0.0000 -0.0000 -0.0000 -0.0000 -0.0000 -0.0000 -0.0000 -0.0000 -0.0000 -0.0000 -0.0000 -0.0000 -0.0000 -0.0000 -0.0000 -0.0000 -0.0000 -0.0000 -0.0000 -0.0000 -0.0000 -0.0000 -0.0000 -0.0000 -0.0000 -0.0000 -0.0000 -0.0000  0.0000  0.0000 -0.0000 -0.0000 -0.0000 -0.0000 -0.0000 -0.0000 -0.0000  0.0000  0.0000  0.0003  0.0002 -0.0007  0.0007  0.0007 -0.0013  0.0005  0.0013  0.0020  0.0096  0.0009  0.0038 -0.0147 -0.0149  0.0055  0.0040 -0.0103  0.0082 -0.0008 -0.0059  0.0133 -0.0160  0.0037  0.0283 -0.0091 -0.0035  0.0251  0.1258  0.0326
 0.7650000E-01 0.6722689E+02 0.3600000E+02 0.3972345E+01 0.2657467E-01 0.8118296E-02 0.2846453E-01
  0.0000 -0.0000 -0.0000 -0.0000 -0.0000 -0.0000  0.0000 -0.0000 -0.0000  0.0000 -0.0000  0.0000 -0.0000 -0.0000  0.0000 -0.0000 -0.0000 -0.0000  0.0000  0.0000  0.0000  0.0000  0.0000  0.0000 -0.0000 -0.0000 -0.0000 -0.0000 -0.0000 -0.0000 -0.0000 -0.0000 -0.0000 -0.0000 -0.0000 -0.0000 -0.0000 -0.0000 -0.0000 -0.0000 -0.0000 -0.0000 -0.0000 -0.0000 -0.0000 -0.0000 -0.0000 -0.0000 -0.0000 -0.0000 -0.0000 -0.0000 -0.0000 -0.0000 -0.0000 -0.0000 -0.0000 -0.0000 -0.0000 -0.0000  0.0000  0.0000 -0.0000 -0.0000 -0.0000 -0.0000 -0.0000 -0.0000  0.0000  0.0000  0.0001 -0.0001 -0.0012 -0.0014 -0.0003  0.0005  0.0006  0.0003  0.0015  0.0084  0.0002  0.0002 -0.0128 -0.0101  0.0050  0.0053 -0.0076  0.0111  0.0149 -0.0104  0.0124  0.0189 -0.0655  0.0055 -0.0452 -0.0062 -0.0077  0.1257  0.0216
 0.8600000E-01 0.5980066E+02 0.3600000E+02 0.3539017E+01 0.2355050E-01 0.6928574E-02 0.2509498E-01
  0.0000 -0.0000  0.0000 -0.0000 -0.0000 -0.0000  0.0000 -0.0000 -0.0000 -0.0000 -0.0000  0.0000  0.0000  0.0000  0.0000 -0.0000 -0.0000  0.0000  0.0000  0.0000  0.0000 -0.0000  0.0000 -0.0000 -0.0000 -0.0000 -0.0000 -0.0000 -0.0000 -0.0000 -0.0000 -0.0000 -0.0000 -0.0000 -0.0000 -0.0000 -0.0000 -0.0000 -0.0000 -0.0000 -0.0000 -0.0000 -0.0000 -0.0000 -0.0000 -0.0000 -0.0000 -0.0000 -0.0000 -0.0000 -0.0000 -0.0000 -0.0000 -0.0000 -0.0000 -0.0000 -0.0000 -0.0000 -0.0000 -0.0000 -0.0000  0.0000 -0.0000 -0.0000 -0.0000 -0.0000 -0.0000  0.0000  0.0000 -0.0000  0.0000  0.0001 -0.0015 -0.0009 -0.0006  0.0008  0.0017  0.0018  0.0005  0.0085  0.0013  0.0002 -0.0119 -0.0095  0.0105  0.0117 -0.0022  0.0098 -0.0003  0.0061  0.0139  0.0016  0.0310  0.0137  0.0511 -0.0103  0.0054  0.1280  0.0219
 0.9650000E-01 0.5329385E+02 0.3600000E+02 0.3131577E+01 0.2075830E-01 0.7343050E-02 0.2244625E-01
 -0.0000  0.0000  0.0000 -0.0000  0.0000 -0.0000 -0.0000  0.0000  0.0000 -0.0000 -0.0000  0.0000  0.0000  0.0000 -0.0000 -0.0000  0.0000  0.0000 -0.0000  0.0000  0.0000 -0.0000 -0.0000 -0.0000 -0.0000 -0.0000 -0.0000 -0.0000 -0.0000 -0.0000 -0.0000 -0.0000 -0.0000 -0.0000 -0.0000 -0.0000 -0.0000 -0.0000 -0.0000 -0.0000 -0.0000 -0.0000 -0.0000 -0.0000 -0.0000 -0.0000 -0.0000 -0.0000 -0.0000 -0.0000 -0.0000 -0.0000 -0.0000 -0.0000 -0.0000 -0.0000 -0.0000 -0.0000 -0.0000 -0.0000 -0.0000  0.0000  0.0000 -0.0000  0.0000 -0.0000  0.0000  0.0000  0.0000 -0.0000 -0.0001  0.0002 -0.0019 -0.0023 -0.0005  0.0005  0.0008  0.0035 -0.0001  0.0076 -0.0035  0.0035 -0.0019 -0.0081  0.0043  0.0075 -0.0042  0.0143  0.0139 -0.0019 -0.0046 -0.0002 -0.0122  0.0034  0.0131 -0.0150 -0.0262  0.1316  0.0108
 0.1080000E+00 0.4761905E+02 0.3600000E+02 0.2770109E+01 0.1909287E-01 0.6403969E-02 0.2051616E-01
  0.0000 -0.0000  0.0000 -0.0000 -0.0000 -0.0000  0.0000 -0.0000 -0.0000  0.0000 -0.0000  0.0000  0.0000  0.0000  0.0000 -0.0000 -0.0000 -0.0000  0.0000  0.0000  0.0000 -0.0000  0.0000 -0.0000 -0.0000 -0.0000 -0.0000 -0.0000 -0.0000 -0.0000 -0.0000 -0.0000 -0.0000 -0.0000 -0.0000 -0.0000 -0.0000 -0.0000 -0.0000 -0.0000 -0.0000 -0.0000 -0.0000 -0.0000 -0.0000 -0.0000 -0.0000 -0.0000 -0.0000 -0.0000 -0.0000 -0.0000 -0.0000 -0.0000 -0.0000 -0.0000 -0.0000 -0.0000 -0.0000 -0.0000  0.0000  0.0000 -0.0000 -0.0000 -0.0000 -0.0000 -0.0000 -0.0000  0.0000 -0.0000 -0.0001 -0.0008 -0.0023 -0.0012 -0.0012  0.0002  0.0029  0.0015 -0.0014  0.0090 -0.0024  0.0005 -0.0081 -0.0025  0.0108  0.0056  0.0110  0.0163 -0.0004  0.0037  0.0136  0.0089  0.0107  0.0195 -0.0315 -0.0058 -0.0141  0.1315  0.0038
 0.1210000E+00 0.4250295E+02 0.3600000E+02 0.2408217E+01 0.1674486E-01 0.5838805E-02 0.1832515E-01
 -0.0000  0.0000  0.0000 -0.0000 -0.0000 -0.0000  0.0000 -0.0000  0.0000 -0.0000 -0.0000  0.0000  0.0000  0.0000 -0.0000 -0.0000  0.0000  0.0000 -0.0000  0.0000  0.0000 -0.0000 -0.0000 -0.0000 -0.0000 -0.0000 -0.0000 -0.0000 -0.0000 -0.0000 -0.0000 -0.0000 -0.0000 -0.0000 -0.0000 -0.0000 -0.0000 -0.0000 -0.0000 -0.0000 -0.0000 -0.0000 -0.0000 -0.0000 -0.0000 -0.0000 -0.0000 -0.0000 -0.0000 -0.0000 -0.0000 -0.0000 -0.0000 -0.0000 -0.0000 -0.0000 -0.0000 -0.0000 -0.0000 -0.0000 -0.0000  0.0000 -0.0000 -0.0000 -0.0000 -0.0000 -0.0000  0.0000  0.0000  0.0000  0.0001  0.0004 -0.0034 -0.0043  0.0004  0.0007  0.0013  0.0056  0.0004  0.0038 -0.0055  0.0070  0.0013 -0.0149  0.0019 -0.0047 -0.0031  0.0069 -0.0073 -0.0097 -0.0109  0.0170  0.0028  0.0039  0.0324 -0.0057 -0.0004  0.1862  0.0013
 0.1365000E+00 0.3767661E+02 0.3600000E+02 0.2042704E+01 0.1342599E-01 0.4577012E-02 0.1473829E-01
  0.0000 -0.0000 -0.0000 -0.0000 -0.0000 -0.0000  0.0000 -0.0000 -0.0000  0.0000 -0.0000 -0.0000  0.0000  0.0000 -0.0000 -0.0000 -0.0000 -0.0000  0.0000  0.0000  0.0000 -0.0000  0.0000  0.0000 -0.0000 -0.0000 -0.0000 -0.0000 -0.0000 -0.0000 -0.0000 -0.0000 -0.0000 -0.0000 -0.0000 -0.0000 -0.0000 -0.0000 -0.0000 -0.0000 -0.0000 -0.0000 -0.0000 -0.0000 -0.0000 -0.0000 -0.0000 -0.0000 -0.0000 -0.0000 -0.0000 -0.0000 -0.0000 -0.0000 -0.0000 -0.0000 -0.0000 -0.0000 -0.0000 -0.0000  0.0000  0.0000 -0.0000 -0.0000 -0.0000 -0.0000 -0.0000 -0.0000  0.0000 -0.0000  0.0004 -0.0001 -0.0040 -0.0034  0.0001 -0.0003  0.0008  0.0037 -0.0012  0.0023 -0.0001  0.0044 -0.0077 -0.0044  0.0031  0.0020 -0.0089 -0.0020  0.0012  0.0048  0.0014  0.0023  0.0251  0.0142  0.0284 -0.0021  0.0092  0.1906 -0.0056
 0.1550000E+00 0.3317972E+02 0.3600000E+02 0.1730245E+01 0.1154245E-01 0.3990337E-02 0.1268520E-01
  0.0000 -0.0000  0.0000 -0.0000 -0.0000 -0.0000  0.0000 -0.0000 -0.0000  0.0000 -0.0000  0.0000  0.0000  0.0000 -0.0000 -0.0000 -0.0000 -0.0000  0.0000  0.0000  0.0000 -0.0000  0.0000 -0.0000 -0.0000 -0.0000 -0.0000 -0.0000 -0.0000 -0.0000 -0.0000 -0.0000 -0.0000 -0.0000 -0.0000 -0.0000 -0.0000 -0.0000 -0.0000 -0.0000 -0.0000 -0.0000 -0.0000 -0.0000 -0.0000 -0.0000 -0.0000 -0.0000 -0.0000 -0.0000 -0.0000 -0.0000 -0.0000 -0.0000 -0.0000 -0.0000 -0.0000 -0.0000 -0.0000 -0.0000  0.0000  0.0000 -0.0000 -0.0000 -0.0000 -0.0000 -0.0000  0.0000  0.0000 -0.0000  0.0002 -0.0002 -0.0041 -0.0030 -0.0009 -0.0003  0.0025  0.0028 -0.0023  0.0028 -0.0061  0.0030 -0.0031 -0.0012  0.0031 -0.0070  0.0070  0.0018 -0.0031 -0.0055 -0.0216  0.0188 -0.0139 -0.0142  0.0286 -0.0057  0.0306  0.1890 -0.0176
 0.1770000E+00 0.2905569E+02 0.3600000E+02 0.1445466E+01 0.9867005E-02 0.3515476E-02 0.1086745E-01
  0.0000 -0.0000  0.0000 -0.0000 -0.0000 -0.0000  0.0000 -0.0000  0.0000  0.0000 -0.0000  0.0000  0.0000  0.0000 -0.0000 -0.0000 -0.0000 -0.0000  0.0000  0.0000  0.0000 -0.0000  0.0000 -0.0000 -0.0000 -0.0000 -0.0000 -0.0000 -0.0000 -0.0000 -0.0000 -0.0000 -0.0000 -0.0000 -0.0000 -0.0000 -0.0000 -0.0000 -0.0000 -0.0000 -0.0000 -0.0000 -0.0000 -0.0000 -0.0000 -0.0000 -0.0000 -0.0000 -0.0000 -0.0000 -0.0000 -0.0000 -0.0000 -0.0000 -0.0000 -0.0000 -0.0000 -0.0000 -0.0000 -0.0000  0.0000  0.0000 -0.0000 -0.0000 -0.0000 -0.0000 -0.0000  0.0000  0.0000 -0.0000  0.0003  0.0001 -0.0053 -0.0037  0.0007  0.0001  0.0010  0.0032 -0.0019  0.0007 -0.0009  0.0013  0.0010  0.0065 -0.0006  0.0062 -0.0129 -0.0147  0.0147  0.0052 -0.0126 -0.0315  0.0027  0.0145 -0.0232  0.0057 -0.0174  0.1901 -0.0313
 0.2040000E+00 0.2521008E+02 0.3600000E+02 0.1149022E+01 0.7665641E-02 0.2050638E-02 0.8252951E-02
  0.0000 -0.0000 -0.0000 -0.0000 -0.0000 -0.0000  0.0000 -0.0000  0.0000  0.0000 -0.0000 -0.0000 -0.0000 -0.0000 -0.0000 -0.0000 -0.0000 -0.0000  0.0000  0.0000  0.0000  0.0000  0.0000  0.0000 -0.0000 -0.0000 -0.0000 -0.0000 -0.0000 -0.0000 -0.0000 -0.0000 -0.0000 -0.0000 -0.0000 -0.0000 -0.0000 -0.0000 -0.0000 -0.0000 -0.0000 -0.0000 -0.0000 -0.0000 -0.0000 -0.0000 -0.0000 -0.0000 -0.0000 -0.0000 -0.0000 -0.0000 -0.0000 -0.0000 -0.0000 -0.0000 -0.0000 -0.0000 -0.0000  0.0000  0.0000  0.0000 -0.0000 -0.0000 -0.0000 -0.0000 -0.0000 -0.0000  0.0000  0.0000  0.0006 -0.0001 -0.0047 -0.0059  0.0014  0.0004  0.0015  0.0027 -0.0033 -0.0013 -0.0051  0.0027  0.0030  0.0085 -0.0054 -0.0063 -0.0068 -0.0220 -0.0084  0.0211 -0.0005 -0.0037 -0.0313 -0.0020 -0.0035 -0.0006  0.0029  0.1867 -0.0421
 0.2385000E+00 0.2156334E+02 0.3600000E+02 0.8848429E+00 0.5830290E-02 0.1694542E-02 0.6337896E-02
  0.0000 -0.0000 -0.0000 -0.0000 -0.0000 -0.0000  0.0000 -0.0000  0.0000  0.0000 -0.0000 -0.0000 -0.0000  0.0000 -0.0000 -0.0000 -0.0000 -0.0000  0.0000  0.0000  0.0000  0.0000  0.0000  0.0000 -0.0000 -0.0000 -0.0000 -0.0000 -0.0000 -0.0000 -0.0000 -0.0000 -0.0000 -0.0000 -0.0000 -0.0000 -0.0000 -0.0000 -0.0000 -0.0000 -0.0000 -0.0000 -0.0000 -0.0000 -0.0000 -0.0000 -0.0000 -0.0000 -0.0000 -0.0000 -0.0000 -0.0000 -0.0000 -0.0000 -0.0000 -0.0000 -0.0000 -0.0000 -0.0000  0.0000  0.0000  0.0000 -0.0000 -0.0000 -0.0000 -0.0000 -0.0000 -0.0000  0.0000  0.0000  0.0005 -0.0003 -0.0051 -0.0068  0.0014 -0.0001  0.0023  0.0037 -0.0048 -0.0013 -0.0089 -0.0026  0.0148  0.0094  0.0065 -0.0005  0.0105 -0.0082 -0.0094  0.0167  0.0395  0.0095 -0.0086  0.0050  0.0006  0.0161  0.0086  0.1892 -0.0568
 0.2850000E+00 0.1804511E+02 0.3600000E+02 0.6464083E+00 0.4395227E-02 0.1463095E-02 0.4953603E-02
  0.0000 -0.0000 -0.0000 -0.0000 -0.0000 -0.0000  0.0000 -0.0000  0.0000  0.0000 -0.0000 -0.0000 -0.0000 -0.0000 -0.0000 -0.0000 -0.0000 -0.0000  0.0000  0.0000  0.0000  0.0000  0.0000  0.0000 -0.0000 -0.0000 -0.0000 -0.0000 -0.0000 -0.0000 -0.0000 -0.0000 -0.0000 -0.0000 -0.0000 -0.0000 -0.0000 -0.0000 -0.0000 -0.0000 -0.0000 -0.0000 -0.0000 -0.0000 -0.0000 -0.0000 -0.0000 -0.0000 -0.0000 -0.0000 -0.0000 -0.0000 -0.0000 -0.0000 -0.0000 -0.0000 -0.0000 -0.0000 -0.0000  0.0000  0.0000  0.0000 -0.0000 -0.0000 -0.0000 -0.0000 -0.0000 -0.0000  0.0000  0.0000  0.0006 -0.0004 -0.0052 -0.0064  0.0016 -0.0000  0.0023  0.0038 -0.0058 -0.0065 -0.0109 -0.0027  0.0102  0.0155 -0.0023 -0.0083  0.0104 -0.0258 -0.0326  0.0379  0.0133 -0.0126  0.0176  0.0123  0.0110  0.0143 -0.0115  0.2515 -0.0721
 0.3515000E+00 0.1463117E+02 0.3600000E+02 0.4355097E+00 0.2932386E-02 0.9500904E-03 0.3310898E-02
 -0.0000  0.0000  0.0000 -0.0000  0.0000  0.0000  0.0000  0.0000  0.0000 -0.0000 -0.0000  0.0000  0.0000  0.0000 -0.0000 -0.0000  0.0000  0.0000 -0.0000  0.0000  0.0000 -0.0000 -0.0000 -0.0000 -0.0000 -0.0000 -0.0000 -0.0000 -0.0000 -0.0000 -0.0000 -0.0000 -0.0000 -0.0000 -0.0000 -0.0000 -0.0000 -0.0000 -0.0000 -0.0000 -0.0000 -0.0000 -0.0000 -0.0000 -0.0000 -0.0000 -0.0000 -0.0000 -0.0000 -0.0000 -0.0000 -0.0000 -0.0000 -0.0000 -0.0000 -0.0000 -0.0000 -0.0000 -0.0000 -0.0000 -0.0000  0.0000  0.0000  0.0000  0.0000 -0.0000  0.0000  0.0000  0.0000 -0.0000 -0.0004  0.0006 -0.0057 -0.0050  0.0003  0.0010  0.0046 -0.0025 -0.0078 -0.0110 -0.0157 -0.0063  0.0220  0.0298 -0.0024 -0.0033  0.0065 -0.0144  0.0213  0.0073  0.0001  0.0039  0.0182 -0.0028  0.0125  0.0151 -0.0302  0.2527 -0.0938
 0.4575000E+00 0.1124122E+02 0.3600000E+02 0.2535655E+00 0.1714644E-02 0.5481610E-03 0.1947376E-02
 -0.0000  0.0000  0.0000 -0.0000  0.0000  0.0000 -0.0000  0.0000  0.0000 -0.0000 -0.0000  0.0000  0.0000  0.0000  0.0000 -0.0000  0.0000  0.0000 -0.0000  0.0000  0.0000 -0.0000 -0.0000 -0.0000 -0.0000 -0.0000 -0.0000 -0.0000 -0.0000 -0.0000 -0.0000 -0.0000 -0.0000 -0.0000 -0.0000 -0.0000 -0.0000 -0.0000 -0.0000 -0.0000 -0.0000 -0.0000 -0.0000 -0.0000 -0.0000 -0.0000 -0.0000 -0.0000 -0.0000 -0.0000 -0.0000 -0.0000 -0.0000 -0.0000 -0.0000 -0.0000 -0.0000 -0.0000 -0.0000 -0.0000 -0.0000  0.0000  0.0000  0.0000  0.0000 -0.0000  0.0000  0.0000 -0.0000 -0.0000 -0.0008  0.0012 -0.0024 -0.0022 -0.0019  0.0020  0.0027 -0.0069 -0.0082 -0.0166 -0.0189 -0.0130  0.0284  0.0424  0.0023 -0.0064  0.0183 -0.0080  0.0303 -0.0065  0.0421 -0.0073  0.0025  0.0032  0.0045  0.0337  0.0306  0.2512 -0.1175
 0.6095000E+00 0.8437830E+01 0.3600000E+02 0.1324515E+00 0.1100162E-02 0.2714634E-03 0.1212376E-02
 -0.0000  0.0000  0.0000 -0.0000  0.0000  0.0000 -0.0000  0.0000  0.0000 -0.0000  0.0000  0.0000  0.0000  0.0000  0.0000  0.0000  0.0000  0.0000 -0.0000 -0.0000 -0.0000 -0.0000 -0.0000 -0.0000 -0.0000 -0.0000 -0.0000 -0.0000 -0.0000 -0.0000 -0.0000 -0.0000 -0.0000 -0.0000 -0.0000 -0.0000 -0.0000 -0.0000 -0.0000 -0.0000 -0.0000 -0.0000 -0.0000 -0.0000 -0.0000 -0.0000 -0.0000 -0.0000 -0.0000 -0.0000 -0.0000 -0.0000 -0.0000 -0.0000 -0.0000 -0.0000 -0.0000 -0.0000 -0.0000 -0.0000 -0.0000  0.0000  0.0000  0.0000  0.0000  0.0000  0.0000  0.0000 -0.0000 -0.0000 -0.0013  0.0030  0.0052  0.0063 -0.0042  0.0040 -0.0055 -0.0113 -0.0075 -0.0204 -0.0228 -0.0039  0.0427  0.0571 -0.0107 -0.0036  0.0119 -0.0581 -0.0020  0.0022 -0.0082 -0.0153  0.0313 -0.0026  0.0832  0.0146 -0.0003  0.2502 -0.1577
 0.8065000E+00 0.6376760E+01 0.3600000E+02 0.6075644E-01 0.6483353E-03 0.1519255E-03 0.7013983E-03
 -0.0000  0.0000  0.0000  0.0000  0.0000  0.0000 -0.0000  0.0000  0.0000 -0.0000  0.0000  0.0000  0.0000  0.0000  0.0000  0.0000  0.0000  0.0000 -0.0000 -0.0000 -0.0000 -0.0000 -0.0000 -0.0000 -0.0000 -0.0000 -0.0000 -0.0000 -0.0000 -0.0000 -0.0000 -0.0000 -0.0000 -0.0000 -0.0000 -0.0000 -0.0000 -0.0000 -0.0000 -0.0000 -0.0000 -0.0000 -0.0000 -0.0000 -0.0000 -0.0000 -0.0000 -0.0000 -0.0000 -0.0000 -0.0000 -0.0000 -0.0000 -0.0000 -0.0000 -0.0000 -0.0000 -0.0000 -0.0000 -0.0000 -0.0000  0.0000  0.0000  0.0000  0.0000  0.0000  0.0000  0.0000 -0.0000 -0.0000 -0.0050  0.0013  0.0228  0.0163 -0.0037  0.0064 -0.0150 -0.0148 -0.0037 -0.0245 -0.0331 -0.0051  0.0599  0.0708 -0.0265  0.0029  0.0233 -0.0721 -0.0319  0.0325  0.0373 -0.0081  0.0282  0.0415  0.0643  0.0296 -0.0047  0.2525 -0.1963
 0.1035500E+01 0.4966545E+01 0.3600000E+02 0.2906940E-01 0.4362330E-03 0.8463155E-04 0.4610553E-03
 -0.0000  0.0000  0.0000  0.0000  0.0000  0.0000 -0.0000  0.0000  0.0000 -0.0000  0.0000  0.0000 -0.0000 -0.0000  0.0000  0.0000  0.0000  0.0000 -0.0000 -0.0000 -0.0000  0.0000 -0.0000 -0.0000 -0.0000 -0.0000 -0.0000 -0.0000 -0.0000 -0.0000 -0.0000 -0.0000 -0.0000 -0.0000 -0.0000 -0.0000 -0.0000 -0.0000 -0.0000 -0.0000 -0.0000 -0.0000 -0.0000 -0.0000 -0.0000 -0.0000 -0.0000 -0.0000 -0.0000 -0.0000 -0.0000 -0.0000 -0.0000 -0.0000 -0.0000 -0.0000 -0.0000 -0.0000 -0.0000  0.0000 -0.0000 -0.0000  0.0000  0.0000  0.0000  0.0000  0.0000  0.0000 -0.0000  0.0000 -0.0048 -0.0004  0.0456  0.0312 -0.0104  0.0126 -0.0242 -0.0312 -0.0011 -0.0239 -0.0265 -0.0148  0.0688  0.0994 -0.0277 -0.0077  0.0330 -0.0316  0.0408 -0.0260  0.0578  0.0124  0.0505  0.0733 -0.0482  0.0870  0.1093  0.2477 -0.2407
 0.1324500E+01 0.3882867E+01 0.3600000E+02 0.1295360E-01 0.2371411E-03 0.4969909E-04 0.2557997E-03
 -0.0000  0.0000  0.0000  0.0000  0.0000  0.0000 -0.0000  0.0000  0.0000 -0.0000  0.0000  0.0000 -0.0000 -0.0000  0.0000  0.0000  0.0000  0.0000 -0.0000 -0.0000 -0.0000  0.0000 -0.0000 -0.0000 -0.0000 -0.0000 -0.0000 -0.0000 -0.0000 -0.0000 -0.0000 -0.0000 -0.0000 -0.0000 -0.0000 -0.0000 -0.0000 -0.0000 -0.0000 -0.0000 -0.0000 -0.0000 -0.0000 -0.0000 -0.0000 -0.0000 -0.0000 -0.0000 -0.0000 -0.0000 -0.0000 -0.0000 -0.0000 -0.0000 -0.0000 -0.0000 -0.0000 -0.0000 -0.0000  0.0000 -0.0000 -0.0000  0.0000  0.0000  0.0000  0.0000  0.0000  0.0000 -0.0000  0.0000 -0.0078 -0.0060  0.0742  0.0499 -0.0114  0.0149 -0.0328 -0.0282  0.0057 -0.0353 -0.0260  0.0021  0.0610  0.0763 -0.0370 -0.0239  0.0796 -0.0477  0.0091  0.0100 -0.0318 -0.0173 -0.0356  0.0935  0.1455 -0.0087 -0.0596  0.4951 -0.2951
 0.1721500E+01 0.2987428E+01 0.3600000E+02 0.4856871E-02 0.1277127E-03 0.2126997E-04 0.1340718E-03
  0.0000 -0.0000 -0.0000  0.0000  0.0000  0.0000 -0.0000  0.0000 -0.0000  0.0000  0.0000 -0.0000 -0.0000 -0.0000  0.0000  0.0000  0.0000 -0.0000  0.0000 -0.0000 -0.0000  0.0000  0.0000  0.0000 -0.0000 -0.0000 -0.0000 -0.0000 -0.0000 -0.0000 -0.0000 -0.0000 -0.0000 -0.0000 -0.0000 -0.0000 -0.0000 -0.0000 -0.0000 -0.0000 -0.0000 -0.0000 -0.0000 -0.0000 -0.0000 -0.0000 -0.0000 -0.0000 -0.0000 -0.0000 -0.0000 -0.0000 -0.0000 -0.0000 -0.0000 -0.0000 -0.0000 -0.0000 -0.0000  0.0000 -0.0000 -0.0000  0.0000  0.0000  0.0000  0.0000  0.0000 -0.0000 -0.0000  0.0000 -0.0068 -0.0201  0.1188  0.0549 -0.0027  0.0173 -0.0397 -0.0206  0.0108 -0.0391 -0.0170  0.0014  0.0734  0.0761 -0.0495 -0.0453  0.1050 -0.1280 -0.0136  0.1119  0.0030  0.0216 -0.0814  0.1741  0.0787  0.0477  0.0692  0.4873 -0.3850
 0.2234500E+01 0.2301570E+01 0.3600000E+02 0.1677283E-02 0.6583532E-04 0.1198650E-04 0.6851165E-04
  0.0000 -0.0000 -0.0000  0.0000  0.0000  0.0000 -0.0000  0.0000 -0.0000  0.0000  0.0000 -0.0000 -0.0000 -0.0000  0.0000  0.0000  0.0000 -0.0000  0.0000 -0.0000 -0.0000  0.0000  0.0000  0.0000 -0.0000 -0.0000 -0.0000 -0.0000 -0.0000 -0.0000 -0.0000 -0.0000 -0.0000 -0.0000 -0.0000 -0.0000 -0.0000 -0.0000 -0.0000 -0.0000 -0.0000 -0.0000 -0.0000 -0.0000 -0.0000 -0.0000 -0.0000 -0.0000 -0.0000 -0.0000 -0.0000 -0.0000 -0.0000 -0.0000 -0.0000 -0.0000 -0.0000 -0.0000 -0.0000  0.0000 -0.0000 -0.0000  0.0000  0.0000  0.0000  0.0000  0.0000 -0.0000 -0.0000  0.0000 -0.0110 -0.0343  0.1486  0.0729  0.0051  0.0274 -0.0345 -0.0205  0.0083 -0.0208 -0.0114  0.0125  0.1167  0.0956 -0.0786 -0.1230  0.1947 -0.0802 -0.0030  0.0446 -0.2335 -0.1430  0.1671  0.2674  0.0485  0.1101  0.0797  0.4898 -0.4582
 0.2899500E+01 0.1773705E+01 0.3600000E+02 0.5532123E-03 0.3358131E-04 0.5508151E-05 0.3444554E-04
  0.0000 -0.0000 -0.0000  0.0000  0.0000  0.0000 -0.0000  0.0000 -0.0000  0.0000  0.0000 -0.0000 -0.0000 -0.0000  0.0000  0.0000  0.0000 -0.0000  0.0000 -0.0000 -0.0000  0.0000  0.0000  0.0000 -0.0000 -0.0000 -0.0000 -0.0000 -0.0000 -0.0000 -0.0000 -0.0000 -0.0000 -0.0000 -0.0000 -0.0000 -0.0000 -0.0000 -0.0000 -0.0000 -0.0000 -0.0000 -0.0000 -0.0000 -0.0000 -0.0000 -0.0000 -0.0000 -0.0000 -0.0000 -0.0000 -0.0000 -0.0000 -0.0000 -0.0000 -0.0000 -0.0000 -0.0000 -0.0000  0.0000 -0.0000 -0.0000  0.0000  0.0000  0.0000  0.0000  0.0000 -0.0000 -0.0000  0.0000 -0.0125 -0.0474  0.1766  0.0585  0.0355  0.0318 -0.0323 -0.0349  0.0125 -0.0384 -0.0187  0.0284  0.1100  0.1365 -0.1524 -0.0570  0.1506 -0.1905 -0.0904 -0.0766 -0.2175  0.0837 -0.3127  0.2071  0.0788  0.0341  0.0943  0.4682 -0.5698
 0.4138500E+01 0.1242686E+01 0.3600000E+02 0.1634550E-03 0.1210132E-04 0.2125150E-05 0.1249344E-04
  0.0000  0.0000 -0.0000  0.0000  0.0000  0.0000 -0.0000  0.0000 -0.0000  0.0000  0.0000 -0.0000 -0.0000 -0.0000  0.0000  0.0000  0.0000  0.0000 -0.0000 -0.0000 -0.0000  0.0000  0.0000  0.0000 -0.0000 -0.0000 -0.0000 -0.0000 -0.0000 -0.0000 -0.0000 -0.0000 -0.0000 -0.0000 -0.0000 -0.0000 -0.0000 -0.0000 -0.0000 -0.0000 -0.0000 -0.0000 -0.0000 -0.0000 -0.0000 -0.0000 -0.0000 -0.0000 -0.0000 -0.0000 -0.0000 -0.0000 -0.0000 -0.0000 -0.0000 -0.0000 -0.0000 -0.0000 -0.0000  0.0000 -0.0000 -0.0000  0.0000  0.0000  0.0000  0.0000  0.0000 -0.0000 -0.0000  0.0000 -0.0180 -0.0565  0.1711  0.0710  0.0500  0.0453 -0.0316 -0.0209  0.0353 -0.0204 -0.0322  0.0609  0.1517  0.1404 -0.2182 -0.1233  0.1820 -0.1779  0.0266  0.1136 -0.4289  0.4393 -0.6643 -0.0380  0.3338 -0.2092 -0.2559  0.4724 -0.6493
 0.7500000E+01 0.6857143E+00 0.3600000E+02 0.2846799E-04 0.3022397E-05 0.7318963E-06 0.3236705E-05
  0.0000  0.0000 -0.0000  0.0000  0.0000  0.0000 -0.0000  0.0000 -0.0000  0.0000  0.0000 -0.0000 -0.0000 -0.0000  0.0000  0.0000  0.0000 -0.0000 -0.0000 -0.0000 -0.0000  0.0000  0.0000  0.0000 -0.0000 -0.0000 -0.0000 -0.0000 -0.0000 -0.0000 -0.0000 -0.0000 -0.0000 -0.0000 -0.0000 -0.0000 -0.0000 -0.0000 -0.0000 -0.0000 -0.0000 -0.0000 -0.0000 -0.0000 -0.0000 -0.0000 -0.0000 -0.0000 -0.0000 -0.0000 -0.0000 -0.0000 -0.0000 -0.0000 -0.0000 -0.0000 -0.0000 -0.0000 -0.0000  0.0000 -0.0000 -0.0000  0.0000  0.0000  0.0000  0.0000  0.0000 -0.0000 -0.0000  0.0000 -0.0160 -0.0633  0.1197  0.0747  0.0835  0.0536 -0.0087 -0.0550  0.0208 -0.0370  0.0046 -0.0821  0.1276  0.1297  0.0529  0.1034  0.2421  0.0855  0.0519 -0.3206  0.3769 -0.3996  1.1670  0.6366  0.1857  0.7091  2.5609  0.4482 -0.5594
