  25.0 0.020 0.30  0.9726  0.0506  0.0865 1.01105 0.90459 -0.0026 -0.0102  0.0375  0.0118  0.0204  0.0136 -0.0073 -0.0036 -0.0714 -0.0069  0.0002 -0.0013 -0.0034
  25.0 0.020 0.40  0.8352  0.0480  0.0730 1.01058 0.89985 -0.0234 -0.0079  0.0305  0.0106  0.0175  0.0117 -0.0063 -0.0031 -0.0538 -0.0085  0.0008 -0.0146 -0.0003
  25.0 0.020 0.50  0.7845  0.0477  0.0585 1.00992 0.89555 -0.0214 -0.0063  0.0332  0.0122  0.0165  0.0110 -0.0059 -0.0029 -0.0326 -0.0108  0.0005 -0.0075  0.0001
  25.0 0.020 0.60  0.6889  0.0447  0.0570 1.00912 0.89130 -0.0074  0.0067  0.0358  0.0235  0.0145  0.0096 -0.0052 -0.0026 -0.0303 -0.0077 -0.0007  0.0006  0.0015
  25.0 0.020 0.70  0.7115  0.0472  0.0549 1.00822 0.89051 -0.0231 -0.0029  0.0343  0.0199  0.0149  0.0100 -0.0053 -0.0027 -0.0205 -0.0095 -0.0008 -0.0056  0.0000
  25.0 0.045 0.30  1.1285  0.0446  0.0666 1.01979 0.92014 -0.0132 -0.0170  0.0503  0.0166  0.0237  0.0158 -0.0085 -0.0042  0.0109 -0.0115  0.0001  0.0029 -0.0016
  25.0 0.045 0.40  1.0321  0.0440  0.0567 1.01950 0.91515 -0.0222 -0.0050  0.0375  0.0154  0.0217  0.0144 -0.0077 -0.0039  0.0135 -0.0069  0.0008 -0.0080 -0.0020
  25.0 0.045 0.50  0.8994  0.0422  0.0517 1.01897 0.91267 -0.0290 -0.0059  0.0305  0.0117  0.0189  0.0126 -0.0067 -0.0034  0.0105 -0.0037  0.0003 -0.0058 -0.0016
  25.0 0.045 0.60  0.8728  0.0421  0.0595 1.01822 0.91020 -0.0244  0.0021  0.0403  0.0210  0.0183  0.0122 -0.0065 -0.0033  0.0180 -0.0017  0.0008  0.0035  0.0008
  25.0 0.045 0.70  0.6940  0.0378  0.0463 1.01727 0.91229 -0.0034  0.0047  0.0333  0.0199  0.0146  0.0097 -0.0052 -0.0026  0.0157  0.0024 -0.0012 -0.0023  0.0015
  25.0 0.080 0.30  1.2428  0.0412  0.0634 1.03055 0.93701 -0.0143 -0.0092  0.0363  0.0130  0.0261  0.0174 -0.0093 -0.0047  0.0278 -0.0044  0.0001  0.0188 -0.0025
  25.0 0.080 0.40  1.1304  0.0404  0.0591 1.03047 0.93243 -0.0322 -0.0142  0.0307  0.0126  0.0237  0.0158 -0.0085 -0.0042  0.0132 -0.0073  0.0001  0.0050 -0.0006
  25.0 0.080 0.50  0.9467  0.0374  0.0606 1.03010 0.92997 -0.0231  0.0012  0.0430  0.0188  0.0199  0.0133 -0.0071 -0.0036  0.0156 -0.0006 -0.0002  0.0071  0.0004
  25.0 0.080 0.60  0.7890  0.0344  0.0451 1.02946 0.92753 -0.0164  0.0032  0.0320  0.0147  0.0166  0.0110 -0.0059 -0.0030  0.0084  0.0005 -0.0011 -0.0010 -0.0001
  25.0 0.080 0.70  0.6493  0.0321  0.0334 1.02858 0.93008 -0.0163 -0.0023  0.0188  0.0098  0.0136  0.0091 -0.0049 -0.0024  0.0044 -0.0060 -0.0010 -0.0064  0.0003
  25.0 0.125 0.30  1.1873  0.0365  0.0521 1.04159 0.95319 -0.0098 -0.0118  0.0299  0.0122  0.0249  0.0166 -0.0089 -0.0045  0.0026 -0.0012 -0.0006  0.0209 -0.0009
  25.0 0.125 0.40  0.9785  0.0340  0.0409 1.04141 0.94849 -0.0166 -0.0052  0.0258  0.0030  0.0205  0.0137 -0.0073 -0.0037 -0.0008 -0.0021  0.0005  0.0041 -0.0015
  25.0 0.125 0.50  0.9502  0.0339  0.0445 1.04087 0.94559 -0.0244 -0.0028  0.0228  0.0135  0.0200  0.0133 -0.0071 -0.0036  0.0020 -0.0035 -0.0001  0.0040  0.0000
  25.0 0.125 0.60  0.7194  0.0300  0.0368 1.03995 0.94271 -0.0224  0.0009  0.0206  0.0047  0.0151  0.0101 -0.0054 -0.0027 -0.0013 -0.0024  0.0001  0.0054  0.0006
  25.0 0.125 0.70  0.5190  0.0253  0.0215 1.03864 0.94478 -0.0132 -0.0018  0.0087  0.0012  0.0109  0.0073 -0.0039 -0.0019  0.0020 -0.0027 -0.0003 -0.0017 -0.0007
  25.0 0.175 0.30  0.9937  0.0336  0.0411 1.05192 0.96715 -0.0029 -0.0090  0.0221  0.0071  0.0209  0.0139 -0.0075 -0.0037 -0.0125 -0.0001 -0.0001  0.0144 -0.0002
  25.0 0.175 0.40  0.9014  0.0328  0.0346 1.05133 0.96150 -0.0188 -0.0060  0.0061  0.0033  0.0189  0.0126 -0.0068 -0.0034 -0.0117 -0.0016  0.0006  0.0070  0.0004
  25.0 0.175 0.50  0.7461  0.0303  0.0342 1.05015 0.95819 -0.0251 -0.0043  0.0032 -0.0016  0.0157  0.0104 -0.0056 -0.0028 -0.0106 -0.0009  0.0007  0.0014  0.0002
  25.0 0.175 0.60  0.5886  0.0268  0.0273 1.04830 0.95490 -0.0102  0.0010  0.0144  0.0128  0.0124  0.0082 -0.0044 -0.0022 -0.0034  0.0023 -0.0005  0.0028 -0.0006
  25.0 0.175 0.70  0.4230  0.0230  0.0166 1.04566 0.95622 -0.0099  0.0016  0.0045  0.0002  0.0089  0.0059 -0.0032 -0.0016 -0.0053 -0.0004  0.0000 -0.0004 -0.0010
  25.0 0.225 0.30  0.9041  0.0323  0.0320 1.06147 0.97808 -0.0051 -0.0052  0.0003 -0.0029  0.0190  0.0127 -0.0068 -0.0034 -0.0142 -0.0020  0.0009  0.0133 -0.0013
  25.0 0.225 0.40  0.8052  0.0311  0.0307 1.06040 0.97174 -0.0024 -0.0077 -0.0018 -0.0009  0.0169  0.0113 -0.0060 -0.0030 -0.0193 -0.0045 -0.0002  0.0043 -0.0015
  25.0 0.225 0.50  0.6053  0.0274  0.0263 1.05847 0.96807 -0.0178  0.0015  0.0028 -0.0042  0.0127  0.0085 -0.0045 -0.0023 -0.0086 -0.0013  0.0001  0.0035 -0.0002
  25.0 0.225 0.60  0.4247  0.0227  0.0220 1.05543 0.96443 -0.0143 -0.0005  0.0077  0.0033  0.0089  0.0059 -0.0032 -0.0016 -0.0087 -0.0015 -0.0003  0.0002  0.0019
  25.0 0.225 0.70  0.3185  0.0202  0.0222 1.05095 0.96490 -0.0136 -0.0004 -0.0004 -0.0044  0.0067  0.0045 -0.0024 -0.0012 -0.0115 -0.0062 -0.0017 -0.0065 -0.0001
  25.0 0.275 0.30  0.7733  0.0304  0.0295 1.07073 0.98577 -0.0012 -0.0073 -0.0142 -0.0001  0.0162  0.0108 -0.0058 -0.0029 -0.0116 -0.0045 -0.0007  0.0060  0.0005
  25.0 0.275 0.40  0.6277  0.0278  0.0197 1.06935 0.97901 -0.0014 -0.0006  0.0010 -0.0038  0.0132  0.0088 -0.0047 -0.0024 -0.0082 -0.0004 -0.0006  0.0045  0.0014
  25.0 0.275 0.50  0.4450  0.0235  0.0187 1.06685 0.97505 -0.0106 -0.0038 -0.0006  0.0003  0.0093  0.0062 -0.0033 -0.0017 -0.0086 -0.0030  0.0002 -0.0012  0.0007
  25.0 0.275 0.60  0.3483  0.0210  0.0143 1.06278 0.97112 -0.0078 -0.0020 -0.0016 -0.0043  0.0073  0.0049 -0.0026 -0.0013 -0.0055 -0.0008  0.0001  0.0003 -0.0016
  25.0 0.275 0.70  0.2528  0.0180  0.0115 1.05638 0.97064 -0.0031  0.0026  0.0032 -0.0002  0.0053  0.0035 -0.0019 -0.0009 -0.0055  0.0009  0.0002 -0.0053  0.0008
  25.0 0.350 0.30  0.5950  0.0191  0.0317 1.08444 0.99753  0.0158  0.0012 -0.0192 -0.0085  0.0125  0.0083 -0.0045 -0.0022 -0.0044  0.0005  0.0008 -0.0063 -0.0001
  25.0 0.350 0.40  0.4130  0.0161  0.0183 1.08305 0.99011 -0.0040 -0.0022 -0.0122 -0.0046  0.0087  0.0058 -0.0031 -0.0015 -0.0037 -0.0028  0.0001 -0.0011 -0.0001
  25.0 0.350 0.50  0.3357  0.0145  0.0151 1.08026 0.98570 -0.0055  0.0009 -0.0087 -0.0061  0.0071  0.0047 -0.0025 -0.0013 -0.0015  0.0001  0.0002 -0.0005  0.0009
  25.0 0.350 0.60  0.2231  0.0119  0.0098 1.07539 0.98132 -0.0065  0.0005 -0.0024 -0.0017  0.0047  0.0031 -0.0017 -0.0008 -0.0024 -0.0008 -0.0004 -0.0016  0.0003
  25.0 0.450 0.30  0.4098  0.0162  0.0309 1.10246 1.01157  0.0127  0.0026 -0.0222 -0.0081  0.0086  0.0057 -0.0031 -0.0015 -0.0020 -0.0007 -0.0001 -0.0103 -0.0007
  25.0 0.450 0.40  0.2700  0.0130  0.0169 1.10160 1.00345  0.0069  0.0033 -0.0105 -0.0056  0.0057  0.0038 -0.0020 -0.0010 -0.0006 -0.0003  0.0003 -0.0057  0.0003
  25.0 0.450 0.50  0.1894  0.0109  0.0113 1.09938 0.99843 -0.0016 -0.0005 -0.0088 -0.0026  0.0040  0.0027 -0.0014 -0.0007 -0.0002 -0.0001  0.0000 -0.0039 -0.0001
  25.0 0.450 0.60  0.1094  0.0083  0.0067 1.09492 0.99345 -0.0020  0.0001 -0.0039 -0.0035  0.0023  0.0015 -0.0008 -0.0004 -0.0013 -0.0004  0.0002 -0.0016  0.0002
  25.0 0.550 0.30  0.2144  0.0113  0.0293 1.12031 1.02387  0.0115  0.0034 -0.0169 -0.0065  0.0045  0.0030 -0.0016 -0.0008 -0.0021 -0.0013  0.0002 -0.0186  0.0000
  25.0 0.550 0.40  0.1460  0.0096  0.0204 1.12030 1.01525  0.0074  0.0013 -0.0133 -0.0067  0.0031  0.0020 -0.0011 -0.0005 -0.0017 -0.0002 -0.0002 -0.0109  0.0003
  25.0 0.550 0.50  0.0956  0.0076  0.0110 1.11909 1.00962  0.0009  0.0014 -0.0084 -0.0044  0.0020  0.0013 -0.0007 -0.0004 -0.0012  0.0002  0.0004 -0.0045  0.0004
  25.0 0.650 0.30  0.1072  0.0074  0.0201 1.13859 1.03698  0.0086  0.0038 -0.0127 -0.0060  0.0023  0.0015 -0.0008 -0.0004 -0.0028 -0.0001  0.0001 -0.0101  0.0000
  25.0 0.650 0.40  0.0635  0.0058  0.0097 1.13943 1.02773  0.0028  0.0012 -0.0075 -0.0028  0.0013  0.0009 -0.0005 -0.0002 -0.0022 -0.0008  0.0000 -0.0036  0.0001
  25.0 0.650 0.50  0.0414  0.0049  0.0069 1.13925 1.02149  0.0009  0.0007 -0.0051 -0.0028  0.0009  0.0006 -0.0003 -0.0002 -0.0014  0.0001 -0.0001 -0.0031 -0.0001
  35.0 0.020 0.20  0.9951  0.0676  0.0790 1.01154 0.90694  0.0000 -0.0181  0.0263  0.0092  0.0209  0.0139 -0.0065 -0.0032 -0.0662 -0.0030  0.0003 -0.0061 -0.0050
  35.0 0.020 0.30  0.9668  0.0683  0.0644 1.01121 0.90141 -0.0118 -0.0014  0.0303  0.0078  0.0203  0.0135 -0.0063 -0.0031 -0.0464 -0.0108  0.0001 -0.0105  0.0005
  35.0 0.020 0.40  0.9069  0.0670  0.0576 1.01064 0.89594 -0.0114  0.0028  0.0399  0.0132  0.0190  0.0127 -0.0059 -0.0029 -0.0278 -0.0062  0.0002 -0.0065  0.0003
  35.0 0.020 0.50  0.8216  0.0629  0.0604 1.00992 0.89115 -0.0249 -0.0011  0.0456  0.0154  0.0173  0.0115 -0.0053 -0.0027 -0.0133 -0.0045  0.0005 -0.0065 -0.0016
  35.0 0.020 0.60  0.8931  0.0657  0.0591 1.00909 0.88641 -0.0222 -0.0016  0.0424  0.0132  0.0188  0.0125 -0.0058 -0.0029 -0.0188 -0.0098  0.0005 -0.0034  0.0037
  35.0 0.020 0.70  0.8428  0.0637  0.0588 1.00817 0.88605 -0.0322  0.0052  0.0360  0.0182  0.0177  0.0118 -0.0055 -0.0027 -0.0136 -0.0063 -0.0015 -0.0060 -0.0041
  35.0 0.045 0.20  1.3006  0.0630  0.0622 1.02014 0.92375  0.0150 -0.0148  0.0372  0.0137  0.0273  0.0182 -0.0085 -0.0042  0.0252 -0.0059 -0.0007 -0.0047 -0.0002
  35.0 0.045 0.30  1.1468  0.0611  0.0687 1.02006 0.91909 -0.0183 -0.0152  0.0464  0.0160  0.0241  0.0161 -0.0075 -0.0037  0.0276 -0.0077  0.0017  0.0033 -0.0013
  35.0 0.045 0.40  1.1756  0.0642  0.0742 1.01964 0.91447 -0.0236 -0.0021  0.0566  0.0170  0.0247  0.0165 -0.0076 -0.0038  0.0141 -0.0062 -0.0003 -0.0159  0.0031
  35.0 0.045 0.50  1.0585  0.0587  0.0611 1.01895 0.91172 -0.0149  0.0033  0.0459  0.0148  0.0222  0.0148 -0.0069 -0.0034  0.0196 -0.0046 -0.0006 -0.0012  0.0002
  35.0 0.045 0.60  0.9708  0.0572  0.0652 1.01804 0.90898 -0.0268  0.0034  0.0483  0.0130  0.0204  0.0136 -0.0063 -0.0032  0.0134 -0.0058 -0.0002 -0.0121  0.0015
  35.0 0.045 0.70  0.7678  0.0492  0.0637 1.01698 0.91098 -0.0401 -0.0006  0.0400  0.0130  0.0161  0.0107 -0.0050 -0.0025  0.0147 -0.0031  0.0004 -0.0072  0.0009
  35.0 0.080 0.20  1.4345  0.0587  0.0650 1.03060 0.94218  0.0071 -0.0219  0.0356  0.0056  0.0301  0.0201 -0.0093 -0.0047  0.0300 -0.0031  0.0003  0.0082 -0.0020
  35.0 0.080 0.30  1.2352  0.0561  0.0566 1.03072 0.93740 -0.0239 -0.0160  0.0337  0.0071  0.0259  0.0173 -0.0080 -0.0040  0.0090 -0.0044  0.0002 -0.0067  0.0000
  35.0 0.080 0.40  1.1434  0.0548  0.0549 1.03044 0.93266 -0.0272 -0.0084  0.0338  0.0047  0.0240  0.0160 -0.0074 -0.0037  0.0107 -0.0040  0.0018 -0.0007 -0.0018
  35.0 0.080 0.50  1.0012  0.0505  0.0462 1.02987 0.92988 -0.0158 -0.0025  0.0317  0.0015  0.0210  0.0140 -0.0065 -0.0033  0.0095 -0.0029 -0.0003 -0.0091 -0.0008
  35.0 0.080 0.60  0.8201  0.0449  0.0508 1.02905 0.92712 -0.0347  0.0030  0.0259  0.0084  0.0172  0.0115 -0.0053 -0.0027  0.0048 -0.0061  0.0003 -0.0102 -0.0008
  35.0 0.080 0.70  0.6960  0.0407  0.0467 1.02799 0.92970 -0.0282 -0.0006  0.0295  0.0108  0.0146  0.0097 -0.0045 -0.0023  0.0051 -0.0033  0.0000 -0.0042 -0.0028
  35.0 0.125 0.20  1.5153  0.0548  0.0554 1.04163 0.95976 -0.0049 -0.0261  0.0140  0.0057  0.0318  0.0212 -0.0098 -0.0049  0.0087 -0.0066  0.0009  0.0189 -0.0089
  35.0 0.125 0.30  1.2201  0.0498  0.0381 1.04170 0.95441 -0.0108 -0.0087  0.0126 -0.0002  0.0256  0.0171 -0.0079 -0.0040 -0.0014  0.0010  0.0006  0.0082 -0.0001
  35.0 0.125 0.40  1.0098  0.0458  0.0450 1.04131 0.94911 -0.0199 -0.0101  0.0243  0.0041  0.0212  0.0141 -0.0066 -0.0033 -0.0098 -0.0064 -0.0014 -0.0088 -0.0015
  35.0 0.125 0.50  0.8087  0.0405  0.0388 1.04054 0.94586 -0.0175  0.0045  0.0254  0.0075  0.0170  0.0113 -0.0053 -0.0026 -0.0013 -0.0007 -0.0001 -0.0043  0.0014
  35.0 0.125 0.60  0.6787  0.0367  0.0331 1.03937 0.94263 -0.0238  0.0007  0.0124 -0.0008  0.0143  0.0095 -0.0044 -0.0022 -0.0054 -0.0026 -0.0001 -0.0044 -0.0017
  35.0 0.125 0.70  0.5751  0.0333  0.0382 1.03780 0.94479 -0.0235  0.0031  0.0243  0.0075  0.0121  0.0081 -0.0037 -0.0019  0.0011 -0.0018  0.0007 -0.0039  0.0008
  35.0 0.175 0.20  1.2440  0.0497  0.0477 1.05226 0.97473  0.0184 -0.0142 -0.0043  0.0013  0.0261  0.0174 -0.0081 -0.0040 -0.0199 -0.0049 -0.0002  0.0151 -0.0015
  35.0 0.175 0.30  1.1011  0.0484  0.0433 1.05206 0.96863 -0.0235 -0.0119  0.0043 -0.0006  0.0231  0.0154 -0.0072 -0.0036 -0.0181 -0.0009  0.0005  0.0009 -0.0012
  35.0 0.175 0.40  0.8622  0.0428  0.0344 1.05122 0.96260 -0.0145  0.0013  0.0135  0.0066  0.0181  0.0121 -0.0056 -0.0028 -0.0141 -0.0044 -0.0003 -0.0035 -0.0010
  35.0 0.175 0.50  0.6899  0.0379  0.0328 1.04979 0.95903 -0.0180  0.0021  0.0178  0.0063  0.0145  0.0097 -0.0045 -0.0022 -0.0073  0.0009  0.0009 -0.0027  0.0008
  35.0 0.175 0.60  0.5674  0.0335  0.0288 1.04763 0.95548 -0.0179  0.0025  0.0153  0.0024  0.0119  0.0079 -0.0037 -0.0018 -0.0039  0.0018  0.0010 -0.0045  0.0012
  35.0 0.175 0.70  0.4353  0.0287  0.0216 1.04469 0.95666 -0.0122  0.0009  0.0123  0.0022  0.0091  0.0061 -0.0028 -0.0014 -0.0054 -0.0012  0.0000  0.0000 -0.0006
  35.0 0.225 0.20  1.1503  0.0482  0.0560 1.06217 0.98656  0.0415  0.0014 -0.0074  0.0003  0.0242  0.0161 -0.0075 -0.0037 -0.0171 -0.0019  0.0005  0.0113  0.0039
  35.0 0.225 0.30  0.9531  0.0453  0.0290 1.06167 0.97986 -0.0021 -0.0070  0.0041  0.0043  0.0200  0.0133 -0.0062 -0.0031 -0.0108  0.0009  0.0009  0.0028 -0.0003
  35.0 0.225 0.40  0.7372  0.0406  0.0333 1.06036 0.97325 -0.0165 -0.0064 -0.0133 -0.0060  0.0155  0.0103 -0.0048 -0.0024 -0.0131 -0.0018 -0.0003 -0.0055 -0.0019
  35.0 0.225 0.50  0.5262  0.0329  0.0269 1.05817 0.96934 -0.0180 -0.0010  0.0108 -0.0011  0.0111  0.0074 -0.0034 -0.0017 -0.0080 -0.0045  0.0002  0.0020  0.0000
  35.0 0.225 0.60  0.3865  0.0277  0.0174 1.05482 0.96546 -0.0112 -0.0012  0.0050 -0.0005  0.0081  0.0054 -0.0025 -0.0013 -0.0062 -0.0027 -0.0004  0.0018 -0.0002
  35.0 0.225 0.70  0.3245  0.0248  0.0167 1.04998 0.96568 -0.0105  0.0001  0.0062 -0.0010  0.0068  0.0045 -0.0021 -0.0011 -0.0070  0.0002  0.0001 -0.0028 -0.0003
  35.0 0.275 0.20  1.0276  0.0472  0.0498 1.07167 0.99502  0.0195  0.0036 -0.0281 -0.0045  0.0216  0.0144 -0.0067 -0.0033 -0.0219 -0.0051 -0.0006 -0.0065 -0.0016
  35.0 0.275 0.30  0.7617  0.0412  0.0270 1.07104 0.98789 -0.0003 -0.0073 -0.0068 -0.0038  0.0160  0.0107 -0.0050 -0.0025 -0.0122 -0.0014 -0.0002 -0.0072  0.0033
  35.0 0.275 0.40  0.6140  0.0367  0.0237 1.06943 0.98086 -0.0105 -0.0051 -0.0070 -0.0044  0.0129  0.0086 -0.0040 -0.0020 -0.0090 -0.0014  0.0002  0.0033 -0.0007
  35.0 0.275 0.50  0.4337  0.0302  0.0164 1.06668 0.97661 -0.0020  0.0036 -0.0038 -0.0049  0.0091  0.0061 -0.0028 -0.0014 -0.0055  0.0029  0.0012  0.0058  0.0029
  35.0 0.275 0.60  0.3419  0.0260  0.0122 1.06230 0.97240 -0.0054  0.0024 -0.0004 -0.0023  0.0072  0.0048 -0.0022 -0.0011 -0.0047  0.0004 -0.0001 -0.0015 -0.0014
  35.0 0.275 0.70  0.2684  0.0234  0.0181 1.05557 0.97167 -0.0128  0.0023  0.0092  0.0002  0.0056  0.0038 -0.0017 -0.0009 -0.0037  0.0019 -0.0006 -0.0025  0.0009
  35.0 0.350 0.20  0.8104  0.0296  0.0622 1.08549 1.00799  0.0382  0.0005 -0.0280 -0.0090  0.0170  0.0113 -0.0053 -0.0026 -0.0095 -0.0039  0.0011 -0.0314 -0.0001
  35.0 0.350 0.30  0.5744  0.0250  0.0241 1.08500 1.00018  0.0074 -0.0013 -0.0157 -0.0008  0.0121  0.0080 -0.0037 -0.0019 -0.0018 -0.0008  0.0005 -0.0067 -0.0002
  35.0 0.350 0.40  0.4358  0.0219  0.0132 1.08336 0.99249  0.0010  0.0031 -0.0032  0.0021  0.0092  0.0061 -0.0028 -0.0014 -0.0010  0.0000 -0.0002 -0.0033  0.0024
  35.0 0.350 0.50  0.2797  0.0172  0.0126 1.08035 0.98771 -0.0023 -0.0004 -0.0046 -0.0046  0.0059  0.0039 -0.0018 -0.0009 -0.0029 -0.0002 -0.0003 -0.0069 -0.0009
  35.0 0.350 0.60  0.1975  0.0140  0.0075 1.07521 0.98298 -0.0019  0.0020 -0.0030 -0.0029  0.0041  0.0028 -0.0013 -0.0006 -0.0017  0.0006  0.0002 -0.0008  0.0006
  35.0 0.350 0.70  0.1226  0.0106  0.0070 1.06643 0.98080 -0.0055 -0.0002 -0.0015 -0.0010  0.0026  0.0017 -0.0008 -0.0004 -0.0010 -0.0012 -0.0002 -0.0015 -0.0006
  35.0 0.450 0.20  0.4965  0.0230  0.0542 1.10324 1.02339  0.0370  0.0060 -0.0298 -0.0043  0.0104  0.0070 -0.0032 -0.0016 -0.0009 -0.0011 -0.0003 -0.0214  0.0004
  35.0 0.450 0.30  0.3609  0.0200  0.0289 1.10334 1.01483  0.0145  0.0006 -0.0168 -0.0042  0.0076  0.0051 -0.0023 -0.0012 -0.0032 -0.0018  0.0001 -0.0148 -0.0014
  35.0 0.450 0.40  0.2478  0.0169  0.0196 1.10225 1.00641  0.0029 -0.0002 -0.0157 -0.0070  0.0052  0.0035 -0.0016 -0.0008 -0.0012  0.0005 -0.0001 -0.0058  0.0009
  35.0 0.450 0.50  0.1699  0.0136  0.0108 1.09984 1.00102  0.0021  0.0011 -0.0072 -0.0028  0.0036  0.0024 -0.0011 -0.0006 -0.0016 -0.0009  0.0001 -0.0052  0.0009
  35.0 0.450 0.60  0.1222  0.0112  0.0067 1.09519 0.99568 -0.0004  0.0008 -0.0048 -0.0026  0.0026  0.0017 -0.0008 -0.0004 -0.0003 -0.0009 -0.0002 -0.0013  0.0012
  35.0 0.550 0.20  0.2682  0.0160  0.0421 1.12071 1.03677  0.0226  0.0048 -0.0229 -0.0052  0.0056  0.0038 -0.0017 -0.0009 -0.0016 -0.0021  0.0001 -0.0251  0.0008
  35.0 0.550 0.30  0.1708  0.0128  0.0211 1.12159 1.02764  0.0138  0.0038 -0.0118 -0.0034  0.0036  0.0024 -0.0011 -0.0006 -0.0011  0.0020 -0.0004 -0.0080  0.0014
  35.0 0.550 0.40  0.1199  0.0113  0.0124 1.12132 1.01867  0.0032  0.0014 -0.0073 -0.0019  0.0025  0.0017 -0.0008 -0.0004 -0.0019 -0.0006  0.0001 -0.0084  0.0011
  35.0 0.550 0.50  0.1004  0.0105  0.0082 1.11991 1.01275  0.0007  0.0015 -0.0059 -0.0023  0.0021  0.0014 -0.0007 -0.0003 -0.0007  0.0006  0.0002 -0.0040  0.0003
  35.0 0.550 0.60  0.0489  0.0073  0.0056 1.11670 1.00690 -0.0021  0.0001 -0.0042 -0.0028  0.0010  0.0007 -0.0003 -0.0002  0.0001 -0.0001  0.0000 -0.0003 -0.0005
  35.0 0.650 0.20  0.1295  0.0101  0.0247 1.13860 1.05120  0.0126  0.0041 -0.0128 -0.0024  0.0027  0.0018 -0.0008 -0.0004 -0.0040  0.0002  0.0001 -0.0154 -0.0006
  35.0 0.650 0.30  0.0808  0.0081  0.0127 1.14032 1.04138  0.0052  0.0021 -0.0077 -0.0011  0.0017  0.0011 -0.0005 -0.0003 -0.0030 -0.0003  0.0001 -0.0074  0.0008
  35.0 0.650 0.40  0.0496  0.0065  0.0075 1.14083 1.03173  0.0030  0.0002 -0.0049 -0.0021  0.0010  0.0007 -0.0003 -0.0002 -0.0023 -0.0005 -0.0002 -0.0033 -0.0003
  35.0 0.650 0.50  0.0365  0.0058  0.0047 1.14041 1.02524  0.0012  0.0003 -0.0034 -0.0006  0.0008  0.0005 -0.0002 -0.0001 -0.0016  0.0000  0.0002 -0.0022  0.0003
  35.0 0.650 0.60  0.0203  0.0042  0.0027 1.13873 1.01884  0.0012  0.0003 -0.0016 -0.0010  0.0004  0.0003 -0.0001 -0.0001 -0.0009  0.0001  0.0001 -0.0009  0.0002
  45.0 0.020 0.20  0.8808  0.0862  0.0513 1.01169 0.90493 -0.0068 -0.0182  0.0261  0.0071  0.0185  0.0123 -0.0048 -0.0024 -0.0301 -0.0028 -0.0006 -0.0075 -0.0054
  45.0 0.020 0.30  1.0592  0.1004  0.0542 1.01127 0.89881 -0.0266 -0.0047  0.0183  0.0150  0.0222  0.0148 -0.0058 -0.0029 -0.0159 -0.0014 -0.0009 -0.0252  0.0009
  45.0 0.020 0.40  0.8628  0.0879  0.0528 1.01065 0.89277 -0.0099 -0.0053  0.0424  0.0057  0.0181  0.0121 -0.0047 -0.0024 -0.0125 -0.0109 -0.0007 -0.0071  0.0023
  45.0 0.020 0.50  1.0045  0.0941  0.0638 1.00991 0.88884 -0.0214  0.0077  0.0488  0.0129  0.0211  0.0141 -0.0055 -0.0028 -0.0080  0.0005 -0.0008 -0.0162  0.0009
  45.0 0.020 0.60  0.8585  0.0832  0.0667 1.00906 0.88496 -0.0140  0.0068  0.0565  0.0162  0.0180  0.0120 -0.0047 -0.0024 -0.0082 -0.0100  0.0019 -0.0090  0.0007
  45.0 0.020 0.70  0.7300  0.0769  0.0519 1.00811 0.88475 -0.0261 -0.0008  0.0381  0.0100  0.0153  0.0102 -0.0040 -0.0020  0.0015 -0.0048  0.0005 -0.0086  0.0000
  45.0 0.020 0.80  0.7689  0.0789  0.0625 1.00711 0.88454 -0.0343 -0.0008  0.0440  0.0117  0.0161  0.0108 -0.0042 -0.0021 -0.0103 -0.0002 -0.0001 -0.0121  0.0000
  45.0 0.045 0.20  1.1899  0.0823  0.0523 1.02038 0.92307  0.0120 -0.0109  0.0269  0.0079  0.0250  0.0167 -0.0065 -0.0033  0.0257 -0.0066  0.0013 -0.0050  0.0010
  45.0 0.045 0.30  1.3210  0.0916  0.0762 1.02018 0.91847 -0.0031  0.0019  0.0590  0.0116  0.0277  0.0185 -0.0073 -0.0036  0.0304 -0.0061 -0.0009 -0.0056  0.0037
  45.0 0.045 0.40  1.1505  0.0831  0.0653 1.01963 0.91392 -0.0156  0.0000  0.0500  0.0034  0.0242  0.0161 -0.0063 -0.0032  0.0212 -0.0018  0.0004 -0.0125 -0.0003
  45.0 0.045 0.50  1.0928  0.0802  0.0563 1.01883 0.91115 -0.0252 -0.0052  0.0354  0.0120  0.0229  0.0153 -0.0060 -0.0030  0.0114  0.0022  0.0030 -0.0129  0.0001
  45.0 0.045 0.60  0.9709  0.0739  0.0712 1.01785 0.90840 -0.0487 -0.0002  0.0428  0.0032  0.0204  0.0136 -0.0053 -0.0027  0.0101 -0.0008 -0.0010 -0.0107 -0.0025
  45.0 0.045 0.70  0.8334  0.0664  0.0620 1.01672 0.91043 -0.0281  0.0019  0.0472  0.0097  0.0175  0.0117 -0.0046 -0.0023  0.0129 -0.0037  0.0001 -0.0086 -0.0031
  45.0 0.045 0.80  0.7585  0.0643  0.0632 1.01550 0.91247 -0.0324  0.0017  0.0473  0.0118  0.0159  0.0106 -0.0042 -0.0021  0.0130  0.0009 -0.0015 -0.0016 -0.0016
  45.0 0.080 0.20  1.3708  0.0787  0.0600 1.03083 0.94279 -0.0025 -0.0136  0.0309  0.0083  0.0288  0.0192 -0.0075 -0.0038  0.0278 -0.0058  0.0004 -0.0175 -0.0026
  45.0 0.080 0.30  1.4286  0.0833  0.0672 1.03077 0.93784 -0.0077 -0.0130  0.0518  0.0090  0.0300  0.0200 -0.0079 -0.0039  0.0115 -0.0033 -0.0010  0.0018 -0.0010
  45.0 0.080 0.40  1.1316  0.0719  0.0521 1.03036 0.93294 -0.0300 -0.0033  0.0252  0.0071  0.0238  0.0158 -0.0062 -0.0031  0.0054 -0.0100 -0.0029 -0.0101 -0.0032
  45.0 0.080 0.50  0.9578  0.0648  0.0492 1.02966 0.92994 -0.0312  0.0010  0.0211  0.0104  0.0201  0.0134 -0.0053 -0.0026  0.0144  0.0008  0.0007 -0.0071  0.0040
  45.0 0.080 0.60  0.8621  0.0597  0.0475 1.02871 0.92696 -0.0189  0.0025  0.0351  0.0078  0.0181  0.0121 -0.0047 -0.0024  0.0082 -0.0016  0.0023 -0.0045 -0.0011
  45.0 0.080 0.70  0.6810  0.0518  0.0546 1.02755 0.92968 -0.0432  0.0016  0.0261  0.0042  0.0143  0.0095 -0.0037 -0.0019  0.0080 -0.0010 -0.0001 -0.0060 -0.0001
  45.0 0.080 0.80  0.6785  0.0536  0.0616 1.02625 0.93242 -0.0371  0.0018  0.0434  0.0126  0.0142  0.0095 -0.0037 -0.0019  0.0028 -0.0025 -0.0007 -0.0052 -0.0045
  45.0 0.125 0.20  1.3993  0.0710  0.0487 1.04184 0.96122 -0.0072 -0.0251  0.0183  0.0022  0.0294  0.0196 -0.0077 -0.0038 -0.0018 -0.0043  0.0009 -0.0008  0.0000
  45.0 0.125 0.30  1.2830  0.0712  0.0410 1.04174 0.95542 -0.0088 -0.0101  0.0091  0.0011  0.0269  0.0180 -0.0071 -0.0035 -0.0097 -0.0011  0.0010 -0.0145 -0.0006
  45.0 0.125 0.40  1.0276  0.0620  0.0342 1.04120 0.94969 -0.0020  0.0033  0.0178  0.0062  0.0216  0.0144 -0.0057 -0.0028 -0.0043 -0.0031  0.0018 -0.0072 -0.0002
  45.0 0.125 0.50  0.8819  0.0563  0.0378 1.04027 0.94620 -0.0166  0.0018  0.0219 -0.0044  0.0185  0.0123 -0.0049 -0.0024 -0.0079 -0.0037  0.0000 -0.0070  0.0003
  45.0 0.125 0.60  0.7145  0.0497  0.0420 1.03893 0.94273 -0.0219 -0.0004  0.0282  0.0046  0.0150  0.0100 -0.0039 -0.0020 -0.0081 -0.0068 -0.0001 -0.0024  0.0023
  45.0 0.125 0.70  0.5441  0.0416  0.0388 1.03722 0.94508 -0.0321 -0.0006  0.0165 -0.0002  0.0114  0.0076 -0.0030 -0.0015  0.0000  0.0001 -0.0005 -0.0003 -0.0011
  45.0 0.125 0.80  0.3902  0.0355  0.0384 1.03520 0.94744 -0.0337 -0.0027  0.0148  0.0012  0.0082  0.0055 -0.0021 -0.0011 -0.0005 -0.0009 -0.0001 -0.0011 -0.0018
  45.0 0.175 0.20  1.2857  0.0693  0.0479 1.05250 0.97649  0.0219 -0.0066  0.0182  0.0053  0.0270  0.0180 -0.0071 -0.0035 -0.0170  0.0018  0.0000  0.0001  0.0003
  45.0 0.175 0.30  1.1638  0.0675  0.0422 1.05212 0.96991 -0.0029 -0.0095  0.0188  0.0095  0.0244  0.0163 -0.0064 -0.0032 -0.0156 -0.0024  0.0000 -0.0086  0.0002
  45.0 0.175 0.40  0.9993  0.0621  0.0335 1.05113 0.96342  0.0050  0.0025  0.0175 -0.0010  0.0210  0.0140 -0.0055 -0.0027 -0.0093 -0.0029  0.0003 -0.0015  0.0033
  45.0 0.175 0.50  0.7182  0.0513  0.0376 1.04951 0.95959 -0.0297 -0.0029  0.0075  0.0063  0.0151  0.0101 -0.0039 -0.0020 -0.0077 -0.0044 -0.0004  0.0002 -0.0005
  45.0 0.175 0.60  0.4700  0.0395  0.0273 1.04718 0.95579 -0.0205  0.0017  0.0094  0.0001  0.0099  0.0066 -0.0026 -0.0013 -0.0059 -0.0010  0.0001 -0.0067  0.0018
  45.0 0.175 0.70  0.3892  0.0356  0.0270 1.04403 0.95706 -0.0216  0.0009  0.0097  0.0032  0.0082  0.0054 -0.0021 -0.0011 -0.0050 -0.0025  0.0010 -0.0044 -0.0011
  45.0 0.175 0.80  0.2720  0.0297  0.0179 1.04019 0.95834 -0.0153  0.0007  0.0041 -0.0026  0.0057  0.0038 -0.0015 -0.0007 -0.0030  0.0009 -0.0005 -0.0005 -0.0015
  45.0 0.225 0.20  1.1902  0.0673  0.0502 1.06246 0.98855  0.0183 -0.0230  0.0167  0.0117  0.0250  0.0167 -0.0065 -0.0033 -0.0166  0.0005  0.0020 -0.0012  0.0019
  45.0 0.225 0.30  0.9520  0.0623  0.0340 1.06178 0.98139 -0.0119 -0.0047 -0.0152 -0.0024  0.0200  0.0133 -0.0052 -0.0026 -0.0101  0.0029  0.0003  0.0058  0.0000
  45.0 0.225 0.40  0.7099  0.0515  0.0276 1.06032 0.97433  0.0013  0.0032  0.0158  0.0020  0.0149  0.0099 -0.0039 -0.0020 -0.0110  0.0026 -0.0007 -0.0023  0.0046
  45.0 0.225 0.50  0.4647  0.0411  0.0202 1.05795 0.97015 -0.0116 -0.0013  0.0065 -0.0032  0.0098  0.0065 -0.0026 -0.0013 -0.0058 -0.0005  0.0001 -0.0063  0.0004
  45.0 0.225 0.60  0.3881  0.0372  0.0196 1.05441 0.96601 -0.0131 -0.0025  0.0026 -0.0021  0.0081  0.0054 -0.0021 -0.0011 -0.0067 -0.0034  0.0008 -0.0058 -0.0023
  45.0 0.225 0.70  0.3338  0.0337  0.0227 1.04937 0.96626 -0.0197  0.0022  0.0041 -0.0018  0.0070  0.0047 -0.0018 -0.0009 -0.0047  0.0021  0.0006 -0.0002 -0.0002
  45.0 0.225 0.80  0.2365  0.0285  0.0201 1.04274 0.96650 -0.0156 -0.0010  0.0086  0.0022  0.0050  0.0033 -0.0013 -0.0007 -0.0041 -0.0007  0.0004 -0.0044 -0.0026
  45.0 0.275 0.20  1.0160  0.0626  0.0487 1.07204 0.99715  0.0058 -0.0120 -0.0282 -0.0098  0.0213  0.0142 -0.0056 -0.0028 -0.0139 -0.0052  0.0018 -0.0187 -0.0063
  45.0 0.275 0.30  0.7792  0.0572  0.0425 1.07124 0.98963 -0.0043  0.0019 -0.0323 -0.0053  0.0164  0.0109 -0.0043 -0.0021 -0.0128 -0.0006 -0.0004 -0.0109  0.0042
  45.0 0.275 0.40  0.5674  0.0473  0.0254 1.06948 0.98221  0.0056 -0.0010 -0.0169 -0.0006  0.0119  0.0079 -0.0031 -0.0016 -0.0091 -0.0041  0.0020 -0.0025  0.0013
  45.0 0.275 0.50  0.4981  0.0437  0.0296 1.06655 0.97768 -0.0201  0.0042  0.0131  0.0030  0.0105  0.0070 -0.0027 -0.0014 -0.0082 -0.0052 -0.0005 -0.0030  0.0009
  45.0 0.275 0.60  0.3010  0.0327  0.0109 1.06199 0.97319 -0.0030 -0.0004  0.0002 -0.0044  0.0063  0.0042 -0.0017 -0.0008 -0.0018  0.0014 -0.0013  0.0040 -0.0026
  45.0 0.275 0.70  0.2509  0.0291  0.0241 1.05505 0.97249 -0.0196  0.0005  0.0114  0.0009  0.0053  0.0035 -0.0014 -0.0007 -0.0046 -0.0010 -0.0004  0.0011  0.0003
  45.0 0.275 0.80  0.1223  0.0192  0.0084 1.04512 0.97179 -0.0064 -0.0007 -0.0014 -0.0025  0.0026  0.0017 -0.0007 -0.0003 -0.0024  0.0000 -0.0003 -0.0020 -0.0010
  45.0 0.350 0.20  0.7058  0.0371  0.0480 1.08603 1.01034  0.0347  0.0015 -0.0182 -0.0014  0.0148  0.0099 -0.0039 -0.0019 -0.0030 -0.0023 -0.0003 -0.0201  0.0030
  45.0 0.350 0.30  0.5380  0.0330  0.0279 1.08533 1.00225  0.0123 -0.0031 -0.0183 -0.0034  0.0113  0.0075 -0.0030 -0.0015 -0.0037 -0.0019 -0.0002 -0.0077  0.0004
  45.0 0.350 0.40  0.4094  0.0287  0.0134 1.08355 0.99429 -0.0004  0.0020 -0.0029 -0.0021  0.0086  0.0057 -0.0023 -0.0011 -0.0014 -0.0007 -0.0010 -0.0067  0.0004
  45.0 0.350 0.50  0.2898  0.0233  0.0154 1.08039 0.98919 -0.0064 -0.0009 -0.0114 -0.0012  0.0061  0.0041 -0.0016 -0.0008 -0.0024  0.0002 -0.0005 -0.0009 -0.0006
  45.0 0.350 0.60  0.2068  0.0188  0.0072 1.07510 0.98415 -0.0031  0.0009 -0.0016 -0.0025  0.0043  0.0029 -0.0011 -0.0006 -0.0012 -0.0009 -0.0001  0.0002  0.0011
  45.0 0.350 0.70  0.1214  0.0140  0.0085 1.06618 0.98199 -0.0066  0.0007 -0.0028 -0.0020  0.0026  0.0017 -0.0007 -0.0003 -0.0016 -0.0012  0.0001 -0.0013 -0.0007
  45.0 0.450 0.20  0.4659  0.0298  0.0557 1.10401 1.02610  0.0249  0.0048 -0.0398 -0.0094  0.0098  0.0065 -0.0026 -0.0013 -0.0034 -0.0010 -0.0008 -0.0251  0.0006
  45.0 0.450 0.30  0.3604  0.0274  0.0358 1.10387 1.01732  0.0116  0.0000 -0.0217 -0.0041  0.0076  0.0050 -0.0020 -0.0010 -0.0010 -0.0018 -0.0006 -0.0237  0.0025
  45.0 0.450 0.40  0.2251  0.0210  0.0179 1.10265 1.00868  0.0074  0.0013 -0.0138 -0.0033  0.0047  0.0032 -0.0012 -0.0006 -0.0017 -0.0012  0.0000 -0.0049 -0.0012
  45.0 0.450 0.50  0.1381  0.0161  0.0112 1.10010 1.00298 -0.0045 -0.0001 -0.0082 -0.0045  0.0029  0.0019 -0.0008 -0.0004 -0.0015 -0.0007  0.0001 -0.0010  0.0005
  45.0 0.450 0.60  0.0773  0.0114  0.0036 1.09536 0.99734 -0.0008 -0.0010  0.0000 -0.0008  0.0016  0.0011 -0.0004 -0.0002 -0.0009  0.0000  0.0002 -0.0023 -0.0009
  45.0 0.450 0.70  0.0674  0.0106  0.0062 1.08622 0.99360 -0.0044  0.0001 -0.0032 -0.0023  0.0014  0.0009 -0.0004 -0.0002  0.0003  0.0001  0.0002  0.0000 -0.0005
  45.0 0.550 0.20  0.2855  0.0227  0.0388 1.12176 1.03993  0.0191  0.0018 -0.0217 -0.0006  0.0060  0.0040 -0.0016 -0.0008 -0.0045  0.0018 -0.0005 -0.0242 -0.0001
  45.0 0.550 0.30  0.1699  0.0171  0.0196 1.12236 1.03051  0.0123  0.0026 -0.0117 -0.0035  0.0036  0.0024 -0.0009 -0.0005 -0.0017  0.0004  0.0007 -0.0073  0.0003
  45.0 0.550 0.40  0.1412  0.0168  0.0135 1.12192 1.02125  0.0032  0.0017 -0.0105 -0.0023  0.0030  0.0020 -0.0008 -0.0004 -0.0020 -0.0015  0.0001 -0.0058 -0.0001
  45.0 0.550 0.50  0.0744  0.0116  0.0095 1.12039 1.01510  0.0055  0.0012 -0.0055 -0.0020  0.0016  0.0010 -0.0004 -0.0002 -0.0005  0.0005  0.0002 -0.0044  0.0006
  45.0 0.550 0.60  0.0382  0.0076  0.0044 1.11709 1.00903  0.0012  0.0003 -0.0033 -0.0022  0.0008  0.0005 -0.0002 -0.0001 -0.0002 -0.0004 -0.0001  0.0007 -0.0004
  45.0 0.550 0.70  0.0255  0.0059  0.0026 1.10991 1.00410 -0.0006  0.0003 -0.0007 -0.0010  0.0005  0.0004 -0.0001 -0.0001 -0.0003 -0.0006 -0.0002 -0.0020  0.0002
  45.0 0.650 0.20  0.1281  0.0128  0.0235 1.14002 1.05486  0.0159  0.0043 -0.0105 -0.0008  0.0027  0.0018 -0.0007 -0.0004 -0.0032 -0.0005  0.0000 -0.0122  0.0009
  45.0 0.650 0.30  0.0824  0.0113  0.0157 1.14138 1.04470  0.0088  0.0017 -0.0116 -0.0026  0.0017  0.0012 -0.0005 -0.0002 -0.0022  0.0005  0.0000 -0.0040  0.0004
  45.0 0.650 0.40  0.0589  0.0095  0.0110 1.14165 1.03474  0.0075  0.0003 -0.0061 -0.0015  0.0012  0.0008 -0.0003 -0.0002 -0.0029 -0.0002 -0.0001 -0.0039  0.0003
  45.0 0.650 0.50  0.0275  0.0066  0.0049 1.14111 1.02806 -0.0013 -0.0008 -0.0035 -0.0019  0.0006  0.0004 -0.0002 -0.0001 -0.0016 -0.0004 -0.0003 -0.0017 -0.0002
  45.0 0.650 0.60  0.0090  0.0037  0.0014 1.13933 1.02148 -0.0005  0.0002 -0.0011 -0.0002  0.0002  0.0001  0.0000  0.0000 -0.0006 -0.0002  0.0000 -0.0003  0.0001
  55.0 0.020 0.20  1.2193  0.1329  0.0944 1.01177 0.90373  0.0092 -0.0177  0.0303  0.0072  0.0256  0.0171 -0.0055 -0.0027 -0.0656 -0.0192 -0.0001 -0.0433 -0.0039
  55.0 0.020 0.30  1.2903  0.1396  0.0909 1.01129 0.89725  0.0497  0.0078  0.0539  0.0061  0.0271  0.0181 -0.0058 -0.0029 -0.0378 -0.0097 -0.0031 -0.0094  0.0075
  55.0 0.020 0.40  0.9240  0.1122  0.0330 1.01065 0.89085 -0.0044 -0.0020  0.0194  0.0016  0.0194  0.0129 -0.0042 -0.0021 -0.0054 -0.0016  0.0023 -0.0090 -0.0014
  55.0 0.020 0.50  1.0826  0.1206  0.1059 1.00989 0.88789 -0.0738 -0.0093  0.0630  0.0040  0.0227  0.0152 -0.0049 -0.0024 -0.0076 -0.0158 -0.0020 -0.0234 -0.0077
  55.0 0.020 0.60  0.9600  0.1158  0.0609 1.00900 0.88496 -0.0332 -0.0040  0.0224  0.0013  0.0202  0.0134 -0.0043 -0.0022 -0.0304 -0.0171  0.0003 -0.0161  0.0004
  55.0 0.020 0.70  0.8129  0.1013  0.0821 1.00802 0.88456 -0.0438  0.0032  0.0632  0.0149  0.0171  0.0114 -0.0037 -0.0018  0.0101 -0.0017  0.0009 -0.0056 -0.0036
  55.0 0.020 0.80  0.8065  0.1029  0.0816 1.00699 0.88417 -0.0584  0.0006  0.0485  0.0113  0.0169  0.0113 -0.0036 -0.0018 -0.0089  0.0097  0.0008 -0.0126 -0.0036
  55.0 0.045 0.20  1.4008  0.1172  0.0637 1.02054 0.92323 -0.0244 -0.0215  0.0235  0.0080  0.0294  0.0196 -0.0063 -0.0032  0.0209 -0.0084  0.0015 -0.0236  0.0047
  55.0 0.045 0.30  1.3159  0.1142  0.0606 1.02023 0.91838 -0.0037 -0.0144  0.0451 -0.0042  0.0276  0.0184 -0.0059 -0.0030  0.0108 -0.0039 -0.0003 -0.0102 -0.0043
  55.0 0.045 0.40  1.0964  0.1011  0.0490 1.01957 0.91359 -0.0222 -0.0013  0.0270  0.0126  0.0230  0.0153 -0.0049 -0.0025  0.0108 -0.0067  0.0011 -0.0055  0.0056
  55.0 0.045 0.50  1.1719  0.1028  0.0745 1.01872 0.91081 -0.0368 -0.0030  0.0555  0.0082  0.0246  0.0164 -0.0053 -0.0026 -0.0011 -0.0072  0.0008 -0.0071 -0.0044
  55.0 0.045 0.60  0.9372  0.0887  0.0633 1.01767 0.90804 -0.0069  0.0033  0.0530  0.0126  0.0197  0.0131 -0.0042 -0.0021  0.0117 -0.0079 -0.0008 -0.0143  0.0002
  55.0 0.045 0.70  0.8421  0.0836  0.0715 1.01649 0.91022 -0.0598 -0.0045  0.0285  0.0024  0.0177  0.0118 -0.0038 -0.0019  0.0135  0.0037 -0.0001 -0.0054 -0.0018
  55.0 0.045 0.80  0.6394  0.0723  0.0585 1.01525 0.91241 -0.0373  0.0009  0.0399  0.0114  0.0134  0.0090 -0.0029 -0.0014  0.0034  0.0013  0.0002 -0.0045 -0.0006
  55.0 0.080 0.20  1.4643  0.1042  0.0652 1.03095 0.94351  0.0108 -0.0241  0.0254  0.0114  0.0307  0.0205 -0.0066 -0.0033  0.0264 -0.0017  0.0016  0.0256 -0.0002
  55.0 0.080 0.30  1.4856  0.1070  0.0564 1.03078 0.93832  0.0053  0.0067  0.0263  0.0139  0.0312  0.0208 -0.0067 -0.0033  0.0191  0.0072  0.0001 -0.0155  0.0102
  55.0 0.080 0.40  1.2893  0.0958  0.0836 1.03026 0.93318 -0.0027  0.0009  0.0713  0.0142  0.0271  0.0181 -0.0058 -0.0029  0.0234 -0.0024  0.0029  0.0020  0.0042
  55.0 0.080 0.50  1.1557  0.0901  0.0559 1.02947 0.92997 -0.0352 -0.0032  0.0302 -0.0030  0.0243  0.0162 -0.0052 -0.0026 -0.0002 -0.0024 -0.0023 -0.0042 -0.0061
  55.0 0.080 0.60  0.8535  0.0760  0.0549 1.02845 0.92678 -0.0390  0.0004  0.0276  0.0022  0.0179  0.0119 -0.0038 -0.0019  0.0079 -0.0039 -0.0007 -0.0120 -0.0050
  55.0 0.080 0.70  0.6688  0.0653  0.0335 1.02721 0.92971 -0.0134  0.0066  0.0223  0.0041  0.0140  0.0094 -0.0030 -0.0015  0.0052 -0.0033  0.0008 -0.0068  0.0015
  55.0 0.080 0.80  0.5162  0.0573  0.0475 1.02585 0.93266 -0.0384 -0.0013  0.0211  0.0078  0.0108  0.0072 -0.0023 -0.0012  0.0032 -0.0040  0.0006 -0.0085 -0.0002
  55.0 0.125 0.20  1.2979  0.0884  0.0446 1.04196 0.96225 -0.0031 -0.0194  0.0204  0.0064  0.0273  0.0182 -0.0058 -0.0029  0.0015  0.0030 -0.0006 -0.0036 -0.0002
  55.0 0.125 0.30  1.2779  0.0889  0.0637 1.04175 0.95621  0.0232  0.0005  0.0480  0.0012  0.0268  0.0179 -0.0058 -0.0029 -0.0081 -0.0051  0.0010 -0.0046  0.0044
  55.0 0.125 0.40  1.1045  0.0814  0.0473 1.04110 0.95024 -0.0344 -0.0057  0.0057 -0.0066  0.0232  0.0155 -0.0050 -0.0025  0.0037 -0.0069 -0.0006 -0.0033 -0.0081
  55.0 0.125 0.50  0.9603  0.0730  0.0450 1.04005 0.94653 -0.0230 -0.0009  0.0265  0.0029  0.0202  0.0134 -0.0043 -0.0022 -0.0012 -0.0074 -0.0006 -0.0102 -0.0039
  55.0 0.125 0.60  0.5617  0.0543  0.0374 1.03862 0.94285 -0.0196  0.0005  0.0269  0.0050  0.0118  0.0079 -0.0025 -0.0013 -0.0051 -0.0050 -0.0008 -0.0024  0.0000
  55.0 0.125 0.70  0.5407  0.0536  0.0323 1.03678 0.94535 -0.0230  0.0036  0.0163  0.0043  0.0114  0.0076 -0.0024 -0.0012 -0.0021  0.0039  0.0000 -0.0001 -0.0011
  55.0 0.125 0.80  0.4178  0.0454  0.0252 1.03464 0.94787 -0.0189  0.0000  0.0107 -0.0031  0.0088  0.0058 -0.0019 -0.0009 -0.0041 -0.0006 -0.0005 -0.0045  0.0009
  55.0 0.175 0.20  1.3292  0.0907  0.0439 1.05266 0.97778  0.0200 -0.0019  0.0099  0.0009  0.0279  0.0186 -0.0060 -0.0030 -0.0117 -0.0007  0.0021  0.0105 -0.0003
  55.0 0.175 0.30  1.2019  0.0874  0.0433 1.05216 0.97095  0.0138  0.0126 -0.0140  0.0073  0.0252  0.0168 -0.0054 -0.0027 -0.0143 -0.0002  0.0025 -0.0103  0.0030
  55.0 0.175 0.40  0.9211  0.0738  0.0443 1.05105 0.96422 -0.0307 -0.0132  0.0035 -0.0108  0.0193  0.0129 -0.0041 -0.0021 -0.0101 -0.0045  0.0000 -0.0017 -0.0055
  55.0 0.175 0.50  0.6702  0.0608  0.0275 1.04931 0.96017  0.0037 -0.0009  0.0174 -0.0004  0.0141  0.0094 -0.0030 -0.0015 -0.0098 -0.0012  0.0000 -0.0060 -0.0031
  55.0 0.175 0.60  0.4917  0.0509  0.0298 1.04685 0.95615 -0.0148  0.0050  0.0193  0.0041  0.0103  0.0069 -0.0022 -0.0011 -0.0011  0.0042  0.0009  0.0077  0.0039
  55.0 0.175 0.70  0.4677  0.0501  0.0369 1.04357 0.95746 -0.0318 -0.0048  0.0038 -0.0017  0.0098  0.0065 -0.0021 -0.0011 -0.0050 -0.0060 -0.0004 -0.0099 -0.0027
  55.0 0.175 0.80  0.3317  0.0423  0.0266 1.03957 0.95877 -0.0228  0.0014  0.0076  0.0018  0.0070  0.0046 -0.0015 -0.0007 -0.0037 -0.0023 -0.0019 -0.0052  0.0012
  55.0 0.225 0.20  1.0927  0.0836  0.0365 1.06265 0.99004  0.0020 -0.0092 -0.0065  0.0066  0.0229  0.0153 -0.0049 -0.0025 -0.0141 -0.0046  0.0004 -0.0098  0.0073
  55.0 0.225 0.30  0.8464  0.0734  0.0246 1.06187 0.98263  0.0011  0.0001 -0.0041  0.0018  0.0178  0.0118 -0.0038 -0.0019 -0.0080  0.0043 -0.0016  0.0034  0.0037
  55.0 0.225 0.40  0.5595  0.0588  0.0200 1.06029 0.97534 -0.0052 -0.0007  0.0030  0.0049  0.0117  0.0078 -0.0025 -0.0013 -0.0084 -0.0012 -0.0008 -0.0078 -0.0004
  55.0 0.225 0.50  0.5825  0.0581  0.0225 1.05780 0.97096 -0.0053  0.0010  0.0091 -0.0019  0.0122  0.0082 -0.0026 -0.0013 -0.0058 -0.0043  0.0008 -0.0107  0.0002
  55.0 0.225 0.60  0.4138  0.0479  0.0200 1.05412 0.96662 -0.0151  0.0036  0.0032 -0.0007  0.0087  0.0058 -0.0019 -0.0009 -0.0039 -0.0040 -0.0003  0.0012  0.0016
  55.0 0.225 0.70  0.3366  0.0427  0.0256 1.04891 0.96684 -0.0209 -0.0009  0.0014 -0.0081  0.0071  0.0047 -0.0015 -0.0008 -0.0061 -0.0048 -0.0008 -0.0036  0.0007
  55.0 0.225 0.80  0.2272  0.0338  0.0194 1.04216 0.96706 -0.0162 -0.0006  0.0072  0.0006  0.0048  0.0032 -0.0010 -0.0005 -0.0012  0.0020  0.0001  0.0045  0.0000
  55.0 0.275 0.20  0.9809  0.0802  0.0524 1.07230 0.99879 -0.0034 -0.0201 -0.0291  0.0047  0.0206  0.0137 -0.0044 -0.0022 -0.0135  0.0043 -0.0021 -0.0249 -0.0007
  55.0 0.275 0.30  0.8095  0.0732  0.0398 1.07138 0.99102  0.0243  0.0034 -0.0118 -0.0060  0.0170  0.0113 -0.0036 -0.0018 -0.0165 -0.0094  0.0009  0.0019  0.0023
  55.0 0.275 0.40  0.6914  0.0666  0.0237 1.06951 0.98337 -0.0117  0.0063  0.0030 -0.0052  0.0145  0.0097 -0.0031 -0.0016 -0.0053  0.0002  0.0010 -0.0021  0.0007
  55.0 0.275 0.50  0.4224  0.0501  0.0200 1.06647 0.97868 -0.0125 -0.0043 -0.0008  0.0078  0.0089  0.0059 -0.0019 -0.0010 -0.0042  0.0039  0.0011 -0.0036 -0.0001
  55.0 0.275 0.60  0.3113  0.0425  0.0262 1.06178 0.97404 -0.0220  0.0000 -0.0053 -0.0047  0.0065  0.0044 -0.0014 -0.0007 -0.0060 -0.0034 -0.0002 -0.0063  0.0006
  55.0 0.275 0.70  0.1812  0.0302  0.0144 1.05469 0.97331  0.0006  0.0030  0.0113  0.0021  0.0038  0.0025 -0.0008 -0.0004 -0.0031  0.0052  0.0002 -0.0028  0.0006
  55.0 0.275 0.80  0.1491  0.0273  0.0118 1.04462 0.97259 -0.0095 -0.0005  0.0005 -0.0041  0.0031  0.0021 -0.0007 -0.0003 -0.0038 -0.0005 -0.0007 -0.0003 -0.0014
  55.0 0.350 0.20  0.6349  0.0441  0.0499 1.08638 1.01219  0.0407  0.0098 -0.0149 -0.0024  0.0133  0.0089 -0.0029 -0.0014 -0.0008  0.0000  0.0008 -0.0153  0.0019
  55.0 0.350 0.30  0.5505  0.0424  0.0229 1.08557 1.00387  0.0138  0.0000 -0.0088 -0.0015  0.0116  0.0077 -0.0025 -0.0012 -0.0008  0.0021 -0.0001 -0.0068 -0.0003
  55.0 0.350 0.40  0.3976  0.0349  0.0194 1.08368 0.99567  0.0103  0.0002 -0.0120 -0.0015  0.0084  0.0056 -0.0018 -0.0009 -0.0025  0.0016  0.0002 -0.0017  0.0022
  55.0 0.350 0.50  0.2892  0.0292  0.0120 1.08044 0.99050 -0.0054 -0.0003 -0.0067 -0.0032  0.0061  0.0040 -0.0013 -0.0007 -0.0018 -0.0011 -0.0005  0.0003  0.0002
  55.0 0.350 0.60  0.1272  0.0183  0.0052 1.07505 0.98538 -0.0023 -0.0001 -0.0027 -0.0005  0.0027  0.0018 -0.0006 -0.0003 -0.0003 -0.0006  0.0004 -0.0009 -0.0012
  55.0 0.350 0.70  0.0880  0.0147  0.0051 1.06600 0.98319 -0.0040 -0.0002 -0.0013 -0.0015  0.0018  0.0012 -0.0004 -0.0002  0.0002  0.0003  0.0000  0.0010 -0.0002
  55.0 0.350 0.80  0.0858  0.0150  0.0101 1.05105 0.98101 -0.0090 -0.0010 -0.0020 -0.0031  0.0018  0.0012 -0.0004 -0.0002  0.0002 -0.0009 -0.0009 -0.0005 -0.0003
  55.0 0.450 0.20  0.4422  0.0376  0.0528 1.10453 1.02828  0.0163  0.0002 -0.0384 -0.0027  0.0093  0.0062 -0.0020 -0.0010 -0.0054 -0.0024  0.0011 -0.0296 -0.0002
  55.0 0.450 0.30  0.3254  0.0322  0.0323 1.10425 1.01925  0.0207  0.0053 -0.0198 -0.0003  0.0068  0.0046 -0.0015 -0.0007  0.0016  0.0013  0.0004 -0.0108  0.0008
  55.0 0.450 0.40  0.2074  0.0250  0.0134 1.10292 1.01038 -0.0023 -0.0013 -0.0109 -0.0038  0.0044  0.0029 -0.0009 -0.0005  0.0020 -0.0006 -0.0001 -0.0016  0.0017
  55.0 0.450 0.50  0.1191  0.0187  0.0095 1.10030 1.00462  0.0045  0.0015 -0.0039 -0.0028  0.0025  0.0017 -0.0005 -0.0003 -0.0011 -0.0004 -0.0001 -0.0058  0.0004
  55.0 0.450 0.60  0.0879  0.0159  0.0076 1.09548 0.99893 -0.0052  0.0005 -0.0036 -0.0019  0.0018  0.0012 -0.0004 -0.0002 -0.0012 -0.0006 -0.0003 -0.0028 -0.0002
  55.0 0.450 0.70  0.0692  0.0145  0.0119 1.08629 0.99514 -0.0108  0.0005 -0.0043 -0.0005  0.0015  0.0010 -0.0003 -0.0002  0.0007  0.0013 -0.0004 -0.0005  0.0004
  55.0 0.550 0.20  0.2198  0.0244  0.0313 1.12247 1.04246  0.0187  0.0044 -0.0174 -0.0039  0.0046  0.0031 -0.0010 -0.0005 -0.0022 -0.0008  0.0001 -0.0160  0.0013
  55.0 0.550 0.30  0.1163  0.0180  0.0151 1.12290 1.03278  0.0105  0.0023 -0.0080 -0.0022  0.0024  0.0016 -0.0005 -0.0003 -0.0008 -0.0005  0.0007 -0.0059 -0.0001
  55.0 0.550 0.40  0.1322  0.0197  0.0187 1.12233 1.02328 -0.0006 -0.0027 -0.0159 -0.0036  0.0028  0.0019 -0.0006 -0.0003 -0.0035 -0.0011 -0.0007 -0.0070  0.0003
  55.0 0.550 0.50  0.0718  0.0142  0.0057 1.12072 1.01701  0.0040  0.0001 -0.0025 -0.0017  0.0015  0.0010 -0.0003 -0.0002  0.0012 -0.0005  0.0001  0.0012 -0.0009
  55.0 0.550 0.60  0.0370  0.0099  0.0026 1.11737 1.01082 -0.0003  0.0007  0.0009  0.0011  0.0008  0.0005 -0.0002 -0.0001  0.0002 -0.0002 -0.0001  0.0018  0.0001
  55.0 0.550 0.70  0.0235  0.0077  0.0023 1.11020 1.00581  0.0004 -0.0006 -0.0013 -0.0013  0.0005  0.0003 -0.0001 -0.0001 -0.0001  0.0004  0.0004  0.0007  0.0001
  55.0 0.650 0.20  0.0821  0.0130  0.0179 1.14096 1.05779  0.0078  0.0012 -0.0085 -0.0018  0.0017  0.0011 -0.0004 -0.0002 -0.0031  0.0000  0.0002 -0.0130  0.0003
  55.0 0.650 0.30  0.0642  0.0132  0.0114 1.14206 1.04737  0.0059  0.0022 -0.0083  0.0006  0.0013  0.0009 -0.0003 -0.0001 -0.0021 -0.0004 -0.0005 -0.0034  0.0010
  55.0 0.650 0.40  0.0376  0.0088  0.0073 1.14222 1.03715  0.0036 -0.0003 -0.0035 -0.0009  0.0008  0.0005 -0.0002 -0.0001 -0.0016  0.0010  0.0001 -0.0048 -0.0003
  55.0 0.650 0.50  0.0192  0.0066  0.0043 1.14158 1.03032  0.0015  0.0005 -0.0035 -0.0003  0.0004  0.0003 -0.0001  0.0000 -0.0012 -0.0005 -0.0001 -0.0014  0.0001
  55.0 0.650 0.60  0.0232  0.0075  0.0072 1.13977 1.02359  0.0000  0.0000 -0.0045 -0.0015  0.0005  0.0003 -0.0001 -0.0001 -0.0026  0.0011  0.0003 -0.0046  0.0003
  55.0 0.650 0.70  0.0085  0.0044  0.0019 1.13525 1.01752  0.0007  0.0002 -0.0011 -0.0006  0.0002  0.0001  0.0000  0.0000  0.0000  0.0002 -0.0001  0.0012 -0.0002
  70.0 0.020 0.20  0.9907  0.1051  0.0623 1.01183 0.90203  0.0090 -0.0046  0.0502  0.0087  0.0208  0.0139 -0.0030 -0.0015 -0.0229 -0.0041  0.0013  0.0012 -0.0011
  70.0 0.020 0.30  1.2662  0.1230  0.0545 1.01131 0.89643 -0.0215  0.0039  0.0141  0.0021  0.0266  0.0177 -0.0038 -0.0019 -0.0277 -0.0062  0.0002 -0.0197  0.0072
  70.0 0.020 0.40  1.1235  0.1083  0.0765 1.01064 0.89090  0.0124 -0.0051  0.0679  0.0003  0.0236  0.0157 -0.0034 -0.0017 -0.0075 -0.0054 -0.0007 -0.0127 -0.0012
  70.0 0.020 0.50  1.0952  0.1080  0.0580 1.00982 0.88771 -0.0219 -0.0016  0.0416  0.0084  0.0230  0.0153 -0.0033 -0.0016 -0.0064 -0.0014  0.0020 -0.0161  0.0018
  70.0 0.020 0.60  0.7971  0.0905  0.0566 1.00888 0.88454 -0.0306  0.0027  0.0427  0.0021  0.0167  0.0112 -0.0024 -0.0012  0.0028  0.0030  0.0005 -0.0020  0.0004
  70.0 0.020 0.70  0.8390  0.0905  0.0473 1.00787 0.88415 -0.0176 -0.0008  0.0368  0.0071  0.0176  0.0117 -0.0025 -0.0013 -0.0009  0.0045 -0.0014 -0.0063 -0.0015
  70.0 0.020 0.80  0.6376  0.0779  0.0548 1.00684 0.88375 -0.0409 -0.0017  0.0265  0.0031  0.0134  0.0089 -0.0019 -0.0010 -0.0138 -0.0055 -0.0003 -0.0100 -0.0051
  70.0 0.045 0.20  1.4293  0.1064  0.0723 1.02067 0.92366  0.0191 -0.0208  0.0439 -0.0030  0.0300  0.0200 -0.0043 -0.0021  0.0271 -0.0117 -0.0019 -0.0154 -0.0079
  70.0 0.045 0.30  1.4748  0.1097  0.0795 1.02021 0.91879 -0.0301  0.0011  0.0567  0.0106  0.0310  0.0206 -0.0044 -0.0022  0.0172 -0.0006  0.0018 -0.0179  0.0072
  70.0 0.045 0.40  1.2371  0.0959  0.0633 1.01948 0.91397 -0.0251 -0.0071  0.0422  0.0141  0.0260  0.0173 -0.0037 -0.0019  0.0025 -0.0033 -0.0008 -0.0183 -0.0024
  70.0 0.045 0.50  1.2021  0.0911  0.0584 1.01854 0.91079 -0.0239  0.0095  0.0377  0.0042  0.0252  0.0168 -0.0036 -0.0018  0.0164  0.0000  0.0013 -0.0100  0.0012
  70.0 0.045 0.60  1.0062  0.0837  0.0785 1.01744 0.90764 -0.0432  0.0043  0.0551  0.0135  0.0211  0.0141 -0.0030 -0.0015  0.0181  0.0068  0.0002 -0.0058  0.0001
  70.0 0.045 0.70  0.7616  0.0713  0.0514 1.01622 0.90980 -0.0246  0.0021  0.0374  0.0037  0.0160  0.0107 -0.0023 -0.0011  0.0112 -0.0036 -0.0009 -0.0102  0.0001
  70.0 0.045 0.80  0.7661  0.0720  0.0703 1.01497 0.91196 -0.0572  0.0012  0.0333  0.0102  0.0161  0.0107 -0.0023 -0.0011  0.0070  0.0004 -0.0011 -0.0041  0.0021
  70.0 0.080 0.20  1.5930  0.1010  0.0594 1.03105 0.94441 -0.0267 -0.0169  0.0196  0.0021  0.0335  0.0223 -0.0048 -0.0024  0.0130 -0.0066  0.0016 -0.0165 -0.0020
  70.0 0.080 0.30  1.4948  0.0957  0.0438 1.03076 0.93886  0.0074 -0.0009  0.0090  0.0026  0.0314  0.0209 -0.0045 -0.0022  0.0086 -0.0121 -0.0013 -0.0098  0.0032
  70.0 0.080 0.40  1.3346  0.0886  0.0630 1.03013 0.93337 -0.0257 -0.0019  0.0410  0.0041  0.0280  0.0187 -0.0040 -0.0020  0.0101 -0.0108  0.0005 -0.0149 -0.0031
  70.0 0.080 0.50  1.1323  0.0797  0.0600 1.02926 0.92998 -0.0454 -0.0032  0.0217 -0.0039  0.0238  0.0159 -0.0034 -0.0017  0.0098 -0.0022 -0.0004 -0.0104 -0.0003
  70.0 0.080 0.60  0.9141  0.0690  0.0657 1.02814 0.92661 -0.0317  0.0025  0.0502  0.0081  0.0192  0.0128 -0.0027 -0.0014  0.0102 -0.0084  0.0010 -0.0018 -0.0009
  70.0 0.080 0.70  0.6418  0.0571  0.0462 1.02682 0.92953 -0.0346 -0.0015  0.0246  0.0044  0.0135  0.0090 -0.0019 -0.0010  0.0005 -0.0002  0.0008 -0.0058 -0.0020
  70.0 0.080 0.80  0.6608  0.0573  0.0532 1.02538 0.93248 -0.0322  0.0000  0.0352  0.0076  0.0139  0.0093 -0.0020 -0.0010  0.0111 -0.0041 -0.0005 -0.0064 -0.0054
  70.0 0.125 0.20  1.4455  0.0855  0.0451 1.04208 0.96332  0.0152 -0.0170  0.0041  0.0037  0.0304  0.0202 -0.0043 -0.0022 -0.0063 -0.0030 -0.0016 -0.0078  0.0038
  70.0 0.125 0.30  1.2218  0.0769  0.0413 1.04174 0.95685 -0.0107  0.0042  0.0233  0.0002  0.0257  0.0171 -0.0037 -0.0018  0.0025 -0.0004  0.0002 -0.0054  0.0054
  70.0 0.125 0.40  1.1565  0.0740  0.0443 1.04097 0.95047 -0.0065 -0.0020  0.0304  0.0065  0.0243  0.0162 -0.0035 -0.0017 -0.0025 -0.0032  0.0002 -0.0081  0.0007
  70.0 0.125 0.50  0.8236  0.0611  0.0346 1.03983 0.94675 -0.0206 -0.0018  0.0169  0.0054  0.0173  0.0115 -0.0025 -0.0012 -0.0028 -0.0024 -0.0010  0.0002  0.0005
  70.0 0.125 0.60  0.6566  0.0530  0.0387 1.03825 0.94307 -0.0225 -0.0010  0.0254  0.0052  0.0138  0.0092 -0.0020 -0.0010 -0.0056 -0.0006 -0.0007 -0.0026 -0.0001
  70.0 0.125 0.70  0.5407  0.0469  0.0283 1.03627 0.94552 -0.0183  0.0007  0.0145 -0.0032  0.0114  0.0076 -0.0016 -0.0008  0.0003 -0.0044  0.0003 -0.0046 -0.0035
  70.0 0.125 0.80  0.4807  0.0448  0.0314 1.03403 0.94799 -0.0228  0.0017  0.0163  0.0025  0.0101  0.0067 -0.0014 -0.0007  0.0000 -0.0021 -0.0017 -0.0058  0.0012
  70.0 0.175 0.20  1.4584  0.0866  0.0465 1.05282 0.97913  0.0128 -0.0109  0.0064  0.0030  0.0306  0.0204 -0.0044 -0.0022 -0.0157 -0.0030  0.0012 -0.0140  0.0009
  70.0 0.175 0.30  1.1122  0.0753  0.0394 1.05219 0.97198  0.0022 -0.0027  0.0204  0.0051  0.0234  0.0156 -0.0033 -0.0017 -0.0141 -0.0072  0.0010 -0.0062  0.0007
  70.0 0.175 0.40  0.8841  0.0652  0.0330 1.05096 0.96493 -0.0171  0.0034  0.0093 -0.0026  0.0186  0.0124 -0.0027 -0.0013 -0.0083 -0.0009 -0.0006 -0.0096 -0.0042
  70.0 0.175 0.50  0.6757  0.0550  0.0336 1.04911 0.96087 -0.0230  0.0017  0.0117 -0.0030  0.0142  0.0095 -0.0020 -0.0010 -0.0099 -0.0016 -0.0001 -0.0068  0.0023
  70.0 0.175 0.60  0.6546  0.0548  0.0264 1.04649 0.95685 -0.0182  0.0011 -0.0061 -0.0025  0.0137  0.0092 -0.0020 -0.0010 -0.0052  0.0026 -0.0007 -0.0025 -0.0024
  70.0 0.175 0.70  0.3847  0.0404  0.0246 1.04303 0.95799 -0.0191 -0.0006  0.0072  0.0004  0.0081  0.0054 -0.0012 -0.0006 -0.0071 -0.0017  0.0003 -0.0060  0.0010
  70.0 0.175 0.80  0.3454  0.0376  0.0258 1.03891 0.95914 -0.0201  0.0012  0.0112  0.0034  0.0073  0.0048 -0.0010 -0.0005 -0.0065  0.0015  0.0009  0.0002 -0.0001
  70.0 0.225 0.20  1.2781  0.0814  0.0555 1.06287 0.99166  0.0357  0.0102  0.0203  0.0023  0.0268  0.0179 -0.0038 -0.0019 -0.0115 -0.0006  0.0014 -0.0097 -0.0004
  70.0 0.225 0.30  0.9357  0.0689  0.0435 1.06196 0.98397  0.0319  0.0057 -0.0071 -0.0006  0.0196  0.0131 -0.0028 -0.0014 -0.0113 -0.0017 -0.0012 -0.0091  0.0034
  70.0 0.225 0.40  0.7267  0.0589  0.0270 1.06026 0.97640  0.0073 -0.0003  0.0115  0.0020  0.0153  0.0102 -0.0022 -0.0011 -0.0090 -0.0010  0.0009 -0.0105 -0.0009
  70.0 0.225 0.50  0.4852  0.0469  0.0226 1.05764 0.97199 -0.0142  0.0011  0.0100  0.0024  0.0102  0.0068 -0.0015 -0.0007 -0.0064  0.0019 -0.0008  0.0005  0.0014
  70.0 0.225 0.60  0.3591  0.0403  0.0245 1.05381 0.96762 -0.0195 -0.0015 -0.0055  0.0005  0.0075  0.0050 -0.0011 -0.0005 -0.0036  0.0016  0.0007 -0.0089 -0.0032
  70.0 0.225 0.70  0.3085  0.0370  0.0182 1.04845 0.96762 -0.0144  0.0031  0.0020 -0.0017  0.0065  0.0043 -0.0009 -0.0005 -0.0022  0.0006  0.0003  0.0064  0.0004
  70.0 0.225 0.80  0.2161  0.0291  0.0157 1.04153 0.96762 -0.0119 -0.0011 -0.0016 -0.0053  0.0045  0.0030 -0.0006 -0.0003 -0.0025 -0.0001 -0.0013 -0.0059 -0.0003
  70.0 0.275 0.20  0.9279  0.0693  0.0366 1.07258 1.00062  0.0162 -0.0023  0.0174  0.0011  0.0195  0.0130 -0.0028 -0.0014 -0.0118 -0.0057 -0.0001 -0.0059 -0.0012
  70.0 0.275 0.30  0.7273  0.0627  0.0422 1.07154 0.99257  0.0113 -0.0061 -0.0289 -0.0105  0.0153  0.0102 -0.0022 -0.0011 -0.0153 -0.0006 -0.0013 -0.0094 -0.0024
  70.0 0.275 0.40  0.6205  0.0567  0.0299 1.06955 0.98465 -0.0043 -0.0076 -0.0166 -0.0077  0.0130  0.0087 -0.0019 -0.0009 -0.0111 -0.0053  0.0007 -0.0090 -0.0005
  70.0 0.275 0.50  0.3505  0.0407  0.0192 1.06641 0.97989 -0.0123  0.0012 -0.0094  0.0017  0.0074  0.0049 -0.0011 -0.0005 -0.0039 -0.0009 -0.0003 -0.0050  0.0012
  70.0 0.275 0.60  0.2575  0.0338  0.0127 1.06157 0.97517 -0.0051 -0.0012  0.0085  0.0013  0.0054  0.0036 -0.0008 -0.0004 -0.0024 -0.0003 -0.0001  0.0035  0.0003
  70.0 0.275 0.70  0.1955  0.0288  0.0140 1.05430 0.97422 -0.0115  0.0000 -0.0018 -0.0045  0.0041  0.0027 -0.0006 -0.0003 -0.0039 -0.0011  0.0004 -0.0005 -0.0005
  70.0 0.275 0.80  0.1652  0.0262  0.0201 1.04410 0.97327 -0.0189 -0.0008  0.0018 -0.0023  0.0035  0.0023 -0.0005 -0.0002 -0.0024  0.0018  0.0012 -0.0029  0.0008
  70.0 0.350 0.20  0.6582  0.0418  0.0440 1.08677 1.01437  0.0189  0.0018 -0.0340 -0.0045  0.0138  0.0092 -0.0020 -0.0010 -0.0036 -0.0018 -0.0010 -0.0101  0.0017
  70.0 0.350 0.30  0.4915  0.0366  0.0258 1.08582 1.00576  0.0156  0.0025 -0.0156  0.0032  0.0103  0.0069 -0.0015 -0.0007 -0.0003 -0.0013  0.0010  0.0017  0.0015
  70.0 0.350 0.40  0.3769  0.0302  0.0162 1.08384 0.99730 -0.0004  0.0006 -0.0072 -0.0037  0.0079  0.0053 -0.0011 -0.0006 -0.0032 -0.0013 -0.0008 -0.0096 -0.0009
  70.0 0.350 0.50  0.2718  0.0260  0.0103 1.08052 0.99198 -0.0035  0.0003 -0.0055  0.0001  0.0057  0.0038 -0.0008 -0.0004 -0.0008 -0.0013  0.0006  0.0035 -0.0009
  70.0 0.350 0.60  0.1644  0.0194  0.0072 1.07500 0.98671 -0.0035  0.0006 -0.0029 -0.0028  0.0035  0.0023 -0.0005 -0.0002 -0.0003 -0.0003  0.0002 -0.0017  0.0014
  70.0 0.350 0.70  0.0963  0.0144  0.0070 1.06582 0.98429 -0.0062  0.0001 -0.0020 -0.0001  0.0020  0.0013 -0.0003 -0.0001 -0.0004  0.0005  0.0000  0.0001 -0.0006
  70.0 0.350 0.80  0.0801  0.0130  0.0051 1.05080 0.98187 -0.0031  0.0000 -0.0022 -0.0016  0.0017  0.0011 -0.0002 -0.0001 -0.0005 -0.0013  0.0001 -0.0015  0.0006
  70.0 0.450 0.20  0.3851  0.0315  0.0371 1.10507 1.03089  0.0208 -0.0018 -0.0180 -0.0017  0.0081  0.0054 -0.0012 -0.0006 -0.0047 -0.0038  0.0006 -0.0219 -0.0005
  70.0 0.450 0.30  0.3021  0.0283  0.0300 1.10465 1.02158  0.0189  0.0039 -0.0194 -0.0043  0.0063  0.0042 -0.0009 -0.0005 -0.0015  0.0005 -0.0004 -0.0084  0.0000
  70.0 0.450 0.40  0.2163  0.0231  0.0196 1.10323 1.01244  0.0122  0.0012 -0.0140 -0.0004  0.0045  0.0030 -0.0006 -0.0003 -0.0009 -0.0020  0.0000  0.0016  0.0014
  70.0 0.450 0.50  0.1316  0.0176  0.0045 1.10053 1.00649 -0.0006  0.0000 -0.0007 -0.0003  0.0028  0.0018 -0.0004 -0.0002 -0.0001  0.0010  0.0004 -0.0026 -0.0005
  70.0 0.450 0.60  0.0839  0.0136  0.0052 1.09563 1.00061  0.0005  0.0011 -0.0035 -0.0009  0.0018  0.0012 -0.0003 -0.0001  0.0012  0.0003 -0.0003 -0.0023  0.0009
  70.0 0.450 0.70  0.0387  0.0091  0.0027 1.08639 0.99661 -0.0008  0.0000 -0.0019 -0.0013  0.0008  0.0005 -0.0001 -0.0001  0.0002 -0.0001  0.0002 -0.0007  0.0002
  70.0 0.450 0.80  0.0348  0.0084  0.0030 1.06783 0.99263 -0.0021 -0.0005 -0.0015 -0.0005  0.0007  0.0005 -0.0001 -0.0001 -0.0006 -0.0005  0.0000  0.0003 -0.0005
  70.0 0.550 0.20  0.2377  0.0239  0.0382 1.12322 1.04549  0.0227  0.0018 -0.0224 -0.0056  0.0050  0.0033 -0.0007 -0.0004 -0.0037  0.0002 -0.0001 -0.0189  0.0003
  70.0 0.550 0.30  0.1541  0.0193  0.0144 1.12344 1.03552  0.0069  0.0021 -0.0100 -0.0011  0.0032  0.0022 -0.0005 -0.0002  0.0012 -0.0007  0.0004 -0.0058  0.0020
  70.0 0.550 0.40  0.1051  0.0160  0.0140 1.12276 1.02575  0.0104  0.0014 -0.0077 -0.0016  0.0022  0.0015 -0.0003 -0.0002 -0.0016 -0.0005  0.0001 -0.0037 -0.0003
  70.0 0.550 0.50  0.0760  0.0131  0.0084 1.12108 1.01930 -0.0005 -0.0007 -0.0079 -0.0016  0.0016  0.0011 -0.0002 -0.0001 -0.0010 -0.0008  0.0000 -0.0004  0.0002
  70.0 0.550 0.60  0.0423  0.0099  0.0062 1.11767 1.01293 -0.0029 -0.0011 -0.0047 -0.0003  0.0009  0.0006 -0.0001 -0.0001 -0.0021 -0.0007  0.0002 -0.0008 -0.0001
  70.0 0.550 0.70  0.0191  0.0060  0.0013 1.11049 1.00777 -0.0004  0.0005 -0.0002 -0.0002  0.0004  0.0003 -0.0001  0.0000 -0.0003 -0.0001  0.0001 -0.0009 -0.0002
  70.0 0.650 0.20  0.0823  0.0119  0.0136 1.14194 1.06130  0.0066  0.0020 -0.0074 -0.0002  0.0017  0.0012 -0.0002 -0.0001 -0.0034  0.0002 -0.0001 -0.0081  0.0000
  70.0 0.650 0.30  0.0601  0.0106  0.0114 1.14280 1.05058  0.0034 -0.0004 -0.0093 -0.0016  0.0013  0.0008 -0.0002 -0.0001 -0.0029  0.0002  0.0003 -0.0042 -0.0003
  70.0 0.650 0.40  0.0484  0.0096  0.0089 1.14281 1.04007  0.0039  0.0004 -0.0067  0.0002  0.0010  0.0007 -0.0001 -0.0001 -0.0025 -0.0005 -0.0003 -0.0034 -0.0002
  70.0 0.650 0.50  0.0354  0.0079  0.0057 1.14208 1.03308  0.0034  0.0012 -0.0033 -0.0003  0.0007  0.0005 -0.0001 -0.0001 -0.0015  0.0010 -0.0001 -0.0021  0.0001
  70.0 0.650 0.60  0.0141  0.0049  0.0024 1.14017 1.02617  0.0003 -0.0002 -0.0020 -0.0011  0.0003  0.0002  0.0000  0.0000 -0.0001 -0.0002  0.0000 -0.0003 -0.0001
  70.0 0.650 0.70  0.0113  0.0043  0.0018 1.13567 1.01997 -0.0010  0.0000 -0.0007 -0.0002  0.0002  0.0002  0.0000  0.0000 -0.0002 -0.0002 -0.0001 -0.0012 -0.0001
  90.0 0.020 0.10  1.1961  0.1538  0.1003 1.01216 0.90948  0.0191 -0.0258  0.0376 -0.0004  0.0251  0.0167 -0.0012 -0.0006 -0.0742 -0.0066 -0.0003 -0.0335 -0.0053
  90.0 0.020 0.20  1.1843  0.1513  0.0544 1.01186 0.90004  0.0033 -0.0084  0.0397  0.0047  0.0249  0.0166 -0.0012 -0.0006 -0.0112  0.0015 -0.0016 -0.0149  0.0051
  90.0 0.020 0.30  1.0611  0.1385  0.0388 1.01131 0.89563  0.0003  0.0046  0.0215 -0.0028  0.0223  0.0149 -0.0011 -0.0005 -0.0025 -0.0012  0.0006 -0.0168 -0.0001
  90.0 0.020 0.40  1.0980  0.1385  0.0649 1.01057 0.89127 -0.0455  0.0093  0.0272  0.0098  0.0231  0.0154 -0.0011 -0.0005 -0.0188  0.0069  0.0025 -0.0054 -0.0022
  90.0 0.020 0.50  1.1830  0.1417  0.0829 1.00969 0.88771 -0.0185 -0.0032  0.0728  0.0069  0.0248  0.0166 -0.0012 -0.0006 -0.0021 -0.0001 -0.0031 -0.0164 -0.0001
  90.0 0.020 0.60  1.0214  0.1340  0.0754 1.00872 0.88417 -0.0396 -0.0009  0.0526  0.0062  0.0215  0.0143 -0.0010 -0.0005 -0.0228 -0.0022  0.0000 -0.0059 -0.0091
  90.0 0.020 0.70  0.7408  0.1089  0.0542 1.00769 0.88358 -0.0294  0.0005  0.0394  0.0052  0.0156  0.0104 -0.0007 -0.0004 -0.0073  0.0024  0.0026 -0.0078  0.0043
  90.0 0.020 0.80  0.6242  0.0991  0.0509 1.00667 0.88298 -0.0269 -0.0011  0.0381  0.0071  0.0131  0.0087 -0.0006 -0.0003  0.0099 -0.0003 -0.0017 -0.0033 -0.0016
  90.0 0.045 0.10  1.5575  0.1439  0.0822 1.02075 0.93106  0.0286 -0.0134  0.0442  0.0024  0.0327  0.0218 -0.0016 -0.0008  0.0388 -0.0091  0.0014 -0.0256 -0.0009
  90.0 0.045 0.20  1.6835  0.1538  0.0779 1.02073 0.92439  0.0374 -0.0081  0.0322 -0.0015  0.0354  0.0236 -0.0017 -0.0008  0.0028 -0.0032  0.0015 -0.0414 -0.0035
  90.0 0.045 0.30  1.6940  0.1473  0.0953 1.02016 0.91934  0.0061 -0.0061  0.0707  0.0060  0.0356  0.0237 -0.0017 -0.0008  0.0455  0.0042 -0.0032 -0.0059 -0.0016
  90.0 0.045 0.40  1.4812  0.1355  0.0715 1.01935 0.91436 -0.0307 -0.0027  0.0438  0.0020  0.0311  0.0207 -0.0015 -0.0007  0.0267 -0.0010  0.0014 -0.0109  0.0037
  90.0 0.045 0.50  1.1894  0.1190  0.0740 1.01835 0.91095 -0.0372  0.0014  0.0523  0.0166  0.0250  0.0167 -0.0012 -0.0006  0.0001 -0.0062 -0.0021 -0.0103 -0.0052
  90.0 0.045 0.60  1.0706  0.1095  0.0781 1.01720 0.90758 -0.0262 -0.0122  0.0637 -0.0109  0.0225  0.0150 -0.0011 -0.0005 -0.0056 -0.0118 -0.0015 -0.0134  0.0005
  90.0 0.045 0.70  1.0100  0.1083  0.1154 1.01595 0.90954 -0.1017  0.0043  0.0406  0.0147  0.0212  0.0141 -0.0010 -0.0005  0.0178  0.0045  0.0011  0.0104  0.0011
  90.0 0.045 0.80  0.6480  0.0824  0.0429 1.01468 0.91150 -0.0166  0.0040  0.0337  0.0074  0.0136  0.0091 -0.0006 -0.0003  0.0020 -0.0061  0.0000 -0.0066 -0.0016
  90.0 0.080 0.10  1.7230  0.1296  0.0751 1.03097 0.95425 -0.0036 -0.0289  0.0261  0.0094  0.0362  0.0241 -0.0017 -0.0009  0.0457 -0.0020 -0.0011  0.0009 -0.0052
  90.0 0.080 0.20  1.6727  0.1318  0.0664 1.03113 0.94577  0.0104  0.0052  0.0351  0.0116  0.0351  0.0234 -0.0017 -0.0008  0.0299 -0.0032 -0.0018 -0.0111  0.0098
  90.0 0.080 0.30  1.5949  0.1247  0.0645 1.03070 0.93975 -0.0052 -0.0023  0.0480  0.0036  0.0335  0.0223 -0.0016 -0.0008  0.0072 -0.0010  0.0002 -0.0115  0.0009
  90.0 0.080 0.40  1.1839  0.1040  0.0568 1.03000 0.93381 -0.0446 -0.0064  0.0075 -0.0009  0.0249  0.0166 -0.0012 -0.0006  0.0071 -0.0066 -0.0007 -0.0118 -0.0027
  90.0 0.080 0.50  0.9178  0.0887  0.0516 1.02904 0.93020 -0.0113  0.0034  0.0438  0.0041  0.0193  0.0128 -0.0009 -0.0005 -0.0007 -0.0003  0.0012 -0.0062  0.0033
  90.0 0.080 0.60  0.7529  0.0797  0.0556 1.02783 0.92661 -0.0498 -0.0012  0.0089  0.0002  0.0158  0.0105 -0.0008 -0.0004  0.0014 -0.0077  0.0000 -0.0036 -0.0095
  90.0 0.080 0.70  0.7920  0.0845  0.0650 1.02641 0.92945 -0.0483  0.0014  0.0347  0.0005  0.0166  0.0111 -0.0008 -0.0004  0.0070 -0.0091 -0.0005 -0.0108  0.0059
  90.0 0.080 0.80  0.6391  0.0753  0.0647 1.02492 0.93231 -0.0552  0.0018  0.0260 -0.0007  0.0134  0.0089 -0.0006 -0.0003 -0.0041 -0.0096 -0.0008 -0.0087  0.0037
  90.0 0.125 0.10  1.6922  0.1181  0.0737 1.04198 0.97582  0.0527 -0.0176  0.0031 -0.0089  0.0355  0.0237 -0.0017 -0.0008  0.0006  0.0049  0.0018 -0.0199 -0.0006
  90.0 0.125 0.20  1.3439  0.1052  0.0592 1.04220 0.96471  0.0456 -0.0111  0.0044  0.0014  0.0282  0.0188 -0.0013 -0.0007 -0.0083 -0.0032  0.0016 -0.0052 -0.0047
  90.0 0.125 0.30  1.1322  0.0936  0.0340 1.04172 0.95783 -0.0077 -0.0036 -0.0054 -0.0009  0.0238  0.0159 -0.0011 -0.0006 -0.0079 -0.0065 -0.0001 -0.0108 -0.0037
  90.0 0.125 0.40  1.2020  0.0951  0.0575 1.04087 0.95105 -0.0460 -0.0075  0.0070 -0.0093  0.0252  0.0168 -0.0012 -0.0006  0.0007 -0.0026  0.0010 -0.0085  0.0012
  90.0 0.125 0.50  0.8638  0.0784  0.0350 1.03959 0.94709 -0.0180 -0.0031  0.0188 -0.0023  0.0181  0.0121 -0.0009 -0.0004  0.0019 -0.0001  0.0015 -0.0040 -0.0062
  90.0 0.125 0.60  0.6770  0.0688  0.0345 1.03789 0.94317 -0.0040  0.0042  0.0282  0.0003  0.0142  0.0095 -0.0007 -0.0003 -0.0030 -0.0027  0.0006 -0.0058  0.0043
  90.0 0.125 0.70  0.5233  0.0597  0.0440 1.03579 0.94563 -0.0281  0.0010  0.0290  0.0101  0.0110  0.0073 -0.0005 -0.0003  0.0027  0.0041  0.0003  0.0010  0.0003
  90.0 0.125 0.80  0.4299  0.0561  0.0345 1.03344 0.94809 -0.0323 -0.0025  0.0008  0.0001  0.0090  0.0060 -0.0004 -0.0002 -0.0025 -0.0037 -0.0001 -0.0021  0.0003
  90.0 0.175 0.10  1.4780  0.1098  0.0642 1.05289 0.99359  0.0347 -0.0206 -0.0222 -0.0007  0.0310  0.0207 -0.0015 -0.0007 -0.0231 -0.0063 -0.0004 -0.0058 -0.0013
  90.0 0.175 0.20  1.2867  0.1042  0.0511 1.05297 0.98055  0.0205  0.0014  0.0291 -0.0002  0.0270  0.0180 -0.0013 -0.0006 -0.0159 -0.0002  0.0012 -0.0023  0.0048
  90.0 0.175 0.30  1.0903  0.0940  0.0400 1.05222 0.97309  0.0204  0.0011  0.0134  0.0053  0.0229  0.0153 -0.0011 -0.0005 -0.0114 -0.0004  0.0010 -0.0078  0.0051
  90.0 0.175 0.40  0.6601  0.0698  0.0325 1.05089 0.96574 -0.0104  0.0014  0.0238  0.0048  0.0139  0.0092 -0.0007 -0.0003 -0.0058  0.0003  0.0003 -0.0064 -0.0016
  90.0 0.175 0.50  0.6142  0.0669  0.0357 1.04891 0.96144 -0.0236  0.0025  0.0136  0.0075  0.0129  0.0086 -0.0006 -0.0003 -0.0148  0.0005  0.0010 -0.0023 -0.0004
  90.0 0.175 0.60  0.4624  0.0573  0.0200 1.04615 0.95717 -0.0068 -0.0003  0.0099 -0.0051  0.0097  0.0065 -0.0005 -0.0002 -0.0055 -0.0025  0.0002 -0.0073 -0.0019
  90.0 0.175 0.70  0.3847  0.0510  0.0187 1.04255 0.95831 -0.0130 -0.0007  0.0019 -0.0001  0.0081  0.0054 -0.0004 -0.0002 -0.0078 -0.0028  0.0002 -0.0034 -0.0013
  90.0 0.175 0.80  0.2905  0.0446  0.0270 1.03828 0.95946 -0.0218  0.0015  0.0134 -0.0009  0.0061  0.0041 -0.0003 -0.0001 -0.0020 -0.0031  0.0002  0.0010  0.0009
  90.0 0.225 0.10  1.4335  0.1099  0.0774 1.06311 1.00773  0.0459 -0.0140 -0.0401  0.0005  0.0301  0.0201 -0.0014 -0.0007 -0.0275  0.0036  0.0007 -0.0015 -0.0001
  90.0 0.225 0.20  1.1231  0.0994  0.0612 1.06307 0.99321  0.0008 -0.0075 -0.0479 -0.0022  0.0236  0.0157 -0.0011 -0.0006 -0.0196 -0.0033  0.0025 -0.0133 -0.0006
  90.0 0.225 0.30  1.0680  0.0957  0.0326 1.06204 0.98527  0.0115  0.0046 -0.0091 -0.0030  0.0224  0.0150 -0.0011 -0.0005 -0.0056  0.0063 -0.0020 -0.0022  0.0025
  90.0 0.225 0.40  0.6460  0.0710  0.0209 1.06024 0.97746 -0.0048 -0.0055  0.0048 -0.0044  0.0136  0.0090 -0.0006 -0.0003 -0.0076  0.0003 -0.0014  0.0038 -0.0015
  90.0 0.225 0.50  0.5346  0.0616  0.0213 1.05751 0.97280 -0.0003 -0.0025  0.0104  0.0014  0.0112  0.0075 -0.0005 -0.0003 -0.0099 -0.0051 -0.0004  0.0001 -0.0056
  90.0 0.225 0.60  0.3725  0.0515  0.0296 1.05355 0.96818 -0.0265 -0.0010  0.0058  0.0060  0.0078  0.0052 -0.0004 -0.0002 -0.0015 -0.0010 -0.0012 -0.0032  0.0006
  90.0 0.225 0.70  0.2971  0.0464  0.0345 1.04802 0.96815 -0.0321 -0.0008  0.0064 -0.0050  0.0062  0.0042 -0.0003 -0.0001 -0.0048 -0.0014  0.0006  0.0028 -0.0015
  90.0 0.225 0.80  0.2632  0.0439  0.0198 1.04097 0.96812 -0.0165 -0.0011  0.0035 -0.0024  0.0055  0.0037 -0.0003 -0.0001 -0.0070  0.0007  0.0002 -0.0013 -0.0025
  90.0 0.275 0.10  1.2893  0.1056  0.0706 1.07288 1.01790  0.0489 -0.0030 -0.0248 -0.0032  0.0271  0.0181 -0.0013 -0.0006 -0.0146 -0.0001 -0.0008 -0.0259 -0.0030
  90.0 0.275 0.20  0.9465  0.0915  0.0466 1.07285 1.00244  0.0363  0.0027 -0.0110  0.0005  0.0199  0.0133 -0.0009 -0.0005 -0.0066  0.0042  0.0001 -0.0042  0.0085
  90.0 0.275 0.30  0.7398  0.0791  0.0329 1.07169 0.99413  0.0230 -0.0041  0.0009  0.0061  0.0155  0.0104 -0.0007 -0.0004 -0.0091 -0.0021  0.0035 -0.0064 -0.0028
  90.0 0.275 0.40  0.5190  0.0635  0.0220 1.06962 0.98595  0.0004  0.0054 -0.0149 -0.0018  0.0109  0.0073 -0.0005 -0.0003 -0.0028 -0.0013 -0.0013 -0.0064  0.0023
  90.0 0.275 0.50  0.3352  0.0502  0.0160 1.06635 0.98095 -0.0023  0.0024 -0.0093 -0.0025  0.0070  0.0047 -0.0003 -0.0002 -0.0016 -0.0014 -0.0004  0.0087  0.0006
  90.0 0.275 0.60  0.3104  0.0485  0.0142 1.06139 0.97599 -0.0062 -0.0001 -0.0037 -0.0045  0.0065  0.0043 -0.0003 -0.0002 -0.0016 -0.0009  0.0002 -0.0068  0.0044
  90.0 0.275 0.70  0.2039  0.0383  0.0138 1.05399 0.97494 -0.0093  0.0004  0.0013 -0.0002  0.0043  0.0029 -0.0002 -0.0001 -0.0048 -0.0005 -0.0013 -0.0070  0.0007
  90.0 0.275 0.80  0.1461  0.0325  0.0061 1.04364 0.97390 -0.0024  0.0007  0.0024  0.0016  0.0031  0.0020 -0.0001 -0.0001 -0.0029 -0.0007  0.0001  0.0002  0.0000
  90.0 0.350 0.10  0.7597  0.0549  0.0554 1.08693 1.03355  0.0358 -0.0011 -0.0188 -0.0022  0.0160  0.0106 -0.0008 -0.0004 -0.0064 -0.0008  0.0005 -0.0318 -0.0012
  90.0 0.350 0.20  0.7468  0.0575  0.0486 1.08712 1.01661  0.0329  0.0055 -0.0258  0.0022  0.0157  0.0105 -0.0007 -0.0004 -0.0086 -0.0060 -0.0006 -0.0101  0.0026
  90.0 0.350 0.30  0.5326  0.0483  0.0293 1.08607 1.00772  0.0173  0.0020 -0.0176 -0.0024  0.0112  0.0075 -0.0005 -0.0003 -0.0032 -0.0014 -0.0009 -0.0067  0.0009
  90.0 0.350 0.40  0.3836  0.0401  0.0237 1.08403 0.99898  0.0112  0.0010 -0.0178 -0.0018  0.0081  0.0054 -0.0004 -0.0002 -0.0019  0.0035  0.0009 -0.0007  0.0009
  90.0 0.350 0.50  0.2665  0.0323  0.0110 1.08060 0.99343 -0.0067  0.0016 -0.0004 -0.0011  0.0056  0.0037 -0.0003 -0.0001 -0.0008 -0.0017  0.0002 -0.0036  0.0031
  90.0 0.350 0.60  0.1894  0.0260  0.0126 1.07498 0.98794 -0.0104 -0.0002 -0.0027  0.0006  0.0040  0.0027 -0.0002 -0.0001 -0.0008  0.0009  0.0007 -0.0041 -0.0014
  90.0 0.350 0.70  0.1125  0.0200  0.0049 1.06568 0.98531  0.0022  0.0008 -0.0004 -0.0004  0.0024  0.0016 -0.0001 -0.0001  0.0004  0.0020  0.0003 -0.0021  0.0012
  90.0 0.350 0.80  0.0729  0.0158  0.0080 1.05057 0.98270 -0.0064 -0.0012 -0.0020 -0.0024  0.0015  0.0010 -0.0001  0.0000 -0.0014  0.0000 -0.0001 -0.0021 -0.0015
  90.0 0.450 0.10  0.5524  0.0471  0.0855 1.10474 1.05231  0.0559  0.0084 -0.0405 -0.0047  0.0116  0.0077 -0.0006 -0.0003 -0.0023 -0.0025 -0.0007 -0.0474  0.0000
  90.0 0.450 0.20  0.3559  0.0384  0.0367 1.10557 1.03365  0.0215  0.0024 -0.0208 -0.0021  0.0075  0.0050 -0.0004 -0.0002  0.0001 -0.0027 -0.0003 -0.0187 -0.0016
  90.0 0.450 0.30  0.3149  0.0349  0.0358 1.10502 1.02403  0.0298  0.0044 -0.0156 -0.0008  0.0066  0.0044 -0.0003 -0.0002 -0.0024  0.0014  0.0002 -0.0074  0.0011
  90.0 0.450 0.40  0.1673  0.0253  0.0117 1.10352 1.01459 -0.0020  0.0001 -0.0107 -0.0009  0.0035  0.0023 -0.0002 -0.0001 -0.0006  0.0002  0.0000 -0.0004 -0.0001
  90.0 0.450 0.50  0.1803  0.0255  0.0082 1.10076 1.00843  0.0048 -0.0019  0.0000 -0.0025  0.0038  0.0025 -0.0002 -0.0001 -0.0021 -0.0004 -0.0001 -0.0008 -0.0030
  90.0 0.450 0.60  0.0909  0.0186  0.0080 1.09580 1.00235 -0.0046 -0.0003 -0.0042 -0.0030  0.0019  0.0013 -0.0001  0.0000 -0.0016 -0.0018  0.0001 -0.0016 -0.0013
  90.0 0.450 0.70  0.0713  0.0157  0.0067 1.08651 0.99810 -0.0055 -0.0003 -0.0013 -0.0003  0.0015  0.0010 -0.0001  0.0000  0.0001 -0.0018 -0.0004  0.0026  0.0000
  90.0 0.450 0.80  0.0260  0.0096  0.0026 1.06803 0.99388 -0.0019  0.0007 -0.0007  0.0001  0.0005  0.0004  0.0000  0.0000  0.0007  0.0005  0.0001  0.0006  0.0008
  90.0 0.550 0.10  0.2661  0.0299  0.0460 1.12224 1.06883  0.0314  0.0080 -0.0118 -0.0008  0.0056  0.0037 -0.0003 -0.0001 -0.0031  0.0021  0.0007 -0.0295  0.0005
  90.0 0.550 0.20  0.1999  0.0272  0.0282 1.12387 1.04870  0.0212  0.0002 -0.0166 -0.0031  0.0042  0.0028 -0.0002 -0.0001 -0.0034 -0.0003 -0.0001 -0.0044  0.0014
  90.0 0.550 0.30  0.1618  0.0253  0.0130 1.12393 1.03841  0.0044 -0.0013 -0.0091 -0.0009  0.0034  0.0023 -0.0002 -0.0001 -0.0013  0.0007  0.0003 -0.0067 -0.0002
  90.0 0.550 0.40  0.0708  0.0156  0.0092 1.12317 1.02831  0.0048  0.0006 -0.0051 -0.0011  0.0015  0.0010 -0.0001  0.0000 -0.0011  0.0001 -0.0002 -0.0054  0.0001
  90.0 0.550 0.50  0.0385  0.0106  0.0033 1.12142 1.02169  0.0024  0.0000 -0.0012  0.0003  0.0008  0.0005  0.0000  0.0000 -0.0002  0.0004  0.0000 -0.0015  0.0005
  90.0 0.550 0.60  0.0383  0.0121  0.0065 1.11797 1.01515 -0.0036 -0.0001 -0.0049 -0.0016  0.0008  0.0005  0.0000  0.0000 -0.0008 -0.0002 -0.0001 -0.0012  0.0004
  90.0 0.550 0.70  0.0148  0.0068  0.0021 1.11078 1.00980  0.0011  0.0003 -0.0016 -0.0003  0.0003  0.0002  0.0000  0.0000 -0.0001 -0.0004  0.0000  0.0003  0.0005
  90.0 0.550 0.80  0.0311  0.0108  0.0033 1.09370 1.00450  0.0004 -0.0006 -0.0014 -0.0014  0.0007  0.0004  0.0000  0.0000  0.0001 -0.0022 -0.0004 -0.0008  0.0000
  90.0 0.650 0.10  0.1857  0.0218  0.0396 1.14030 1.08677  0.0142  0.0022 -0.0176  0.0009  0.0039  0.0026 -0.0002 -0.0001 -0.0077 -0.0003 -0.0006 -0.0311  0.0000
  90.0 0.650 0.20  0.0845  0.0148  0.0183 1.14278 1.06503  0.0079  0.0028 -0.0101 -0.0005  0.0018  0.0012 -0.0001  0.0000 -0.0059  0.0002 -0.0001 -0.0110 -0.0001
  90.0 0.650 0.30  0.0743  0.0151  0.0124 1.14343 1.05396  0.0045  0.0007 -0.0073 -0.0002  0.0016  0.0010 -0.0001  0.0000 -0.0060 -0.0008  0.0000 -0.0063  0.0008
  90.0 0.650 0.40  0.0350  0.0102  0.0075 1.14334 1.04313  0.0017  0.0001 -0.0061 -0.0001  0.0007  0.0005  0.0000  0.0000 -0.0028  0.0002  0.0005 -0.0026 -0.0007
  90.0 0.650 0.50  0.0343  0.0098  0.0055 1.14251 1.03596  0.0012 -0.0005 -0.0049 -0.0017  0.0007  0.0005  0.0000  0.0000 -0.0007 -0.0004  0.0000 -0.0004  0.0000
  90.0 0.650 0.60  0.0114  0.0059  0.0010 1.14057 1.02889  0.0005  0.0000 -0.0006  0.0003  0.0002  0.0002  0.0000  0.0000 -0.0005  0.0000  0.0000  0.0001  0.0000
  90.0 0.650 0.70  0.0094  0.0050  0.0018 1.13606 1.02253 -0.0008  0.0002  0.0013 -0.0001  0.0002  0.0001  0.0000  0.0000 -0.0006  0.0002  0.0000 -0.0001  0.0005
 110.0 0.020 0.10  1.2429  0.2062  0.0525 1.01224 0.90866  0.0214 -0.0223 -0.0030  0.0008  0.0261  0.0174  0.0012  0.0006 -0.0161 -0.0167 -0.0025 -0.0145 -0.0069
 110.0 0.020 0.20  1.4694  0.2202  0.1176 1.01189 0.89928  0.0312  0.0064  0.0967  0.0154  0.0309  0.0206  0.0015  0.0007  0.0311  0.0071  0.0020  0.0273  0.0082
 110.0 0.020 0.30  1.1563  0.1907  0.0609 1.01127 0.89546 -0.0401 -0.0189  0.0199  0.0096  0.0243  0.0162  0.0012  0.0006  0.0139  0.0097  0.0004 -0.0102 -0.0019
 110.0 0.020 0.40  1.0559  0.1811  0.0515 1.01048 0.89168 -0.0272  0.0002  0.0300 -0.0043  0.0222  0.0148  0.0011  0.0005  0.0063 -0.0007 -0.0007 -0.0137 -0.0073
 110.0 0.020 0.50  1.0650  0.1810  0.1300 1.00957 0.88791 -0.1229 -0.0032  0.0299 -0.0017  0.0224  0.0149  0.0011  0.0005 -0.0097 -0.0009  0.0029 -0.0039 -0.0071
 110.0 0.020 0.60  1.0193  0.1696  0.0849 1.00857 0.88417 -0.0363  0.0078  0.0659  0.0080  0.0214  0.0143  0.0010  0.0005  0.0222 -0.0057  0.0016 -0.0151 -0.0021
 110.0 0.020 0.70  0.9160  0.1627  0.1194 1.00754 0.88339 -0.0776  0.0000  0.0853  0.0087  0.0192  0.0128  0.0009  0.0005  0.0050  0.0101 -0.0008  0.0129 -0.0068
 110.0 0.045 0.10  1.9696  0.2189  0.1189 1.02092 0.93198  0.0826 -0.0256  0.0086 -0.0054  0.0414  0.0276  0.0020  0.0010  0.0500 -0.0087  0.0007 -0.0386  0.0021
 110.0 0.045 0.20  1.7970  0.2051  0.0943 1.02074 0.92493 -0.0118 -0.0243  0.0681 -0.0006  0.0377  0.0252  0.0018  0.0009  0.0191 -0.0010 -0.0017 -0.0325 -0.0065
 110.0 0.045 0.30  1.4162  0.1804  0.0466 1.02010 0.91965 -0.0168  0.0061  0.0136  0.0050  0.0297  0.0198  0.0014  0.0007 -0.0001  0.0028 -0.0005 -0.0174  0.0077
 110.0 0.045 0.40  1.4797  0.1729  0.0596 1.01924 0.91443 -0.0057 -0.0009  0.0387  0.0094  0.0311  0.0207  0.0015  0.0007  0.0032  0.0045 -0.0005 -0.0222 -0.0026
 110.0 0.045 0.50  1.0828  0.1450  0.0951 1.01820 0.91081 -0.0622 -0.0046  0.0610  0.0029  0.0227  0.0152  0.0011  0.0005  0.0112  0.0013 -0.0037 -0.0220 -0.0070
 110.0 0.045 0.60  0.9820  0.1425  0.0902 1.01702 0.90722 -0.0747  0.0091  0.0384  0.0060  0.0206  0.0137  0.0010  0.0005  0.0131 -0.0074  0.0040 -0.0098 -0.0014
 110.0 0.045 0.70  0.6977  0.1138  0.0641 1.01574 0.90932 -0.0455  0.0004  0.0349  0.0057  0.0147  0.0098  0.0007  0.0003  0.0132 -0.0019  0.0016 -0.0172  0.0009
 110.0 0.080 0.10  1.7654  0.1767  0.1109 1.03113 0.95559  0.0728 -0.0032  0.0492  0.0038  0.0371  0.0247  0.0018  0.0009  0.0457 -0.0063  0.0025 -0.0200  0.0061
 110.0 0.080 0.20  1.7632  0.1778  0.0540 1.03115 0.94661  0.0049 -0.0026  0.0049 -0.0029  0.0370  0.0247  0.0018  0.0009  0.0166  0.0035  0.0024 -0.0214  0.0110
 110.0 0.080 0.30  1.4610  0.1509  0.0794 1.03066 0.94029  0.0161  0.0007  0.0649  0.0062  0.0307  0.0205  0.0015  0.0007  0.0172 -0.0074  0.0028  0.0003  0.0083
 110.0 0.080 0.40  1.3237  0.1443  0.0658 1.02990 0.93406 -0.0180 -0.0006  0.0533  0.0023  0.0278  0.0185  0.0013  0.0007  0.0013  0.0031 -0.0013 -0.0042 -0.0037
 110.0 0.080 0.50  0.9266  0.1200  0.0658 1.02886 0.93023 -0.0602 -0.0040  0.0029  0.0045  0.0195  0.0130  0.0009  0.0005 -0.0088 -0.0015  0.0003 -0.0014 -0.0050
 110.0 0.080 0.60  0.7161  0.1018  0.0711 1.02758 0.92643 -0.0513 -0.0017  0.0450  0.0002  0.0150  0.0100  0.0007  0.0004  0.0072 -0.0016 -0.0015 -0.0014 -0.0032
 110.0 0.080 0.70  0.8429  0.1146  0.0723 1.02612 0.92936 -0.0534  0.0038  0.0434 -0.0020  0.0177  0.0118  0.0008  0.0004 -0.0007  0.0020  0.0011  0.0025  0.0020
 110.0 0.125 0.10  1.7186  0.1563  0.0736 1.04216 0.97730  0.0530 -0.0232 -0.0004  0.0110  0.0361  0.0241  0.0017  0.0009  0.0040 -0.0063 -0.0002 -0.0016 -0.0017
 110.0 0.125 0.20  1.5941  0.1522  0.0696 1.04225 0.96573  0.0389 -0.0001 -0.0316  0.0059  0.0335  0.0223  0.0016  0.0008 -0.0084 -0.0073 -0.0002 -0.0235 -0.0002
 110.0 0.125 0.30  1.2866  0.1299  0.0480 1.04172 0.95861  0.0129 -0.0020  0.0280 -0.0014  0.0270  0.0180  0.0013  0.0006  0.0045 -0.0044 -0.0023 -0.0126 -0.0092
 110.0 0.125 0.40  0.9687  0.1119  0.0459 1.04078 0.95159 -0.0109  0.0098  0.0339  0.0095  0.0203  0.0136  0.0010  0.0005  0.0046 -0.0029  0.0004  0.0024  0.0039
 110.0 0.125 0.50  0.8679  0.1010  0.0478 1.03941 0.94742 -0.0281  0.0038  0.0277  0.0055  0.0182  0.0122  0.0009  0.0004 -0.0008 -0.0060 -0.0004 -0.0130  0.0009
 110.0 0.125 0.60  0.6731  0.0920  0.0414 1.03762 0.94329 -0.0342  0.0032  0.0133 -0.0001  0.0141  0.0094  0.0007  0.0003 -0.0059 -0.0042  0.0002 -0.0026  0.0025
 110.0 0.125 0.70  0.4921  0.0761  0.0521 1.03544 0.94574 -0.0421 -0.0023  0.0268  0.0036  0.0103  0.0069  0.0005  0.0002 -0.0022 -0.0011 -0.0028  0.0043  0.0038
 110.0 0.175 0.10  1.2996  0.1358  0.0809 1.05312 0.99531  0.0698 -0.0056 -0.0026 -0.0002  0.0273  0.0182  0.0013  0.0006 -0.0122 -0.0001 -0.0007 -0.0192 -0.0065
 110.0 0.175 0.20  1.3509  0.1382  0.0743 1.05307 0.98187  0.0508  0.0031  0.0300  0.0081  0.0284  0.0189  0.0014  0.0007 -0.0061  0.0075 -0.0003 -0.0264  0.0028
 110.0 0.175 0.30  1.1095  0.1214  0.0401 1.05225 0.97415 -0.0098 -0.0102 -0.0032 -0.0040  0.0233  0.0155  0.0011  0.0006 -0.0232 -0.0064  0.0019 -0.0030  0.0012
 110.0 0.175 0.40  1.0939  0.1220  0.0419 1.05084 0.96655 -0.0157 -0.0061  0.0217  0.0046  0.0230  0.0153  0.0011  0.0005 -0.0122 -0.0061 -0.0014 -0.0045 -0.0032
 110.0 0.175 0.50  0.6228  0.0856  0.0346 1.04877 0.96202 -0.0260 -0.0030 -0.0080 -0.0102  0.0131  0.0087  0.0006  0.0003 -0.0090 -0.0002 -0.0004 -0.0034 -0.0009
 110.0 0.175 0.60  0.4419  0.0718  0.0372 1.04591 0.95753 -0.0347 -0.0017  0.0043 -0.0002  0.0093  0.0062  0.0004  0.0002 -0.0047  0.0011 -0.0019 -0.0027 -0.0009
 110.0 0.175 0.70  0.4658  0.0791  0.0466 1.04219 0.95867 -0.0390  0.0059  0.0209  0.0006  0.0098  0.0065  0.0005  0.0002 -0.0050 -0.0028  0.0016  0.0028  0.0009
 110.0 0.225 0.10  1.3405  0.1402  0.0810 1.06338 1.00965  0.0634 -0.0112 -0.0169 -0.0012  0.0282  0.0188  0.0013  0.0007 -0.0185 -0.0069  0.0012 -0.0240  0.0035
 110.0 0.225 0.20  1.1603  0.1299  0.0752 1.06322 0.99476  0.0547  0.0008 -0.0260 -0.0033  0.0244  0.0162  0.0012  0.0006 -0.0266 -0.0033  0.0012 -0.0187  0.0071
 110.0 0.225 0.30  0.7446  0.0986  0.0322 1.06212 0.98655  0.0025 -0.0079  0.0183 -0.0012  0.0156  0.0104  0.0007  0.0004 -0.0151 -0.0066 -0.0010 -0.0008 -0.0021
 110.0 0.225 0.40  0.9178  0.1155  0.0917 1.06024 0.97847 -0.0426 -0.0068 -0.0748 -0.0088  0.0193  0.0128  0.0009  0.0005 -0.0175 -0.0001 -0.0015 -0.0033  0.0043
 110.0 0.225 0.50  0.3944  0.0709  0.0251 1.05743 0.97360 -0.0166  0.0021  0.0130  0.0050  0.0083  0.0055  0.0004  0.0002 -0.0040  0.0002  0.0001 -0.0065 -0.0008
 110.0 0.225 0.60  0.3489  0.0653  0.0153 1.05337 0.96878 -0.0095 -0.0010  0.0051 -0.0013  0.0073  0.0049  0.0003  0.0002 -0.0041 -0.0018  0.0001  0.0042 -0.0004
 110.0 0.225 0.70  0.2498  0.0580  0.0270 1.04773 0.96872 -0.0209 -0.0001  0.0145 -0.0019  0.0052  0.0035  0.0002  0.0001 -0.0020  0.0001  0.0007  0.0057  0.0001
 110.0 0.275 0.10  1.2345  0.1339  0.1031 1.07320 1.01999  0.0853 -0.0060 -0.0034 -0.0013  0.0259  0.0173  0.0012  0.0006 -0.0140 -0.0052  0.0004 -0.0459  0.0021
 110.0 0.275 0.20  0.8519  0.1122  0.0604 1.07304 1.00412  0.0165  0.0125 -0.0507 -0.0009  0.0179  0.0119  0.0009  0.0004 -0.0039 -0.0040 -0.0012 -0.0124  0.0003
 110.0 0.275 0.30  0.5315  0.0814  0.0209 1.07182 0.99555  0.0096  0.0029 -0.0042 -0.0004  0.0112  0.0074  0.0005  0.0003 -0.0055  0.0048  0.0018 -0.0088  0.0023
 110.0 0.275 0.40  0.4729  0.0798  0.0265 1.06967 0.98712  0.0026  0.0061  0.0214 -0.0022  0.0099  0.0066  0.0005  0.0002 -0.0061 -0.0024  0.0002 -0.0031  0.0014
 110.0 0.275 0.50  0.4375  0.0747  0.0231 1.06634 0.98194 -0.0121  0.0000 -0.0087  0.0018  0.0092  0.0061  0.0004  0.0002 -0.0050 -0.0007  0.0009 -0.0122  0.0030
 110.0 0.275 0.60  0.3312  0.0628  0.0322 1.06129 0.97682 -0.0156 -0.0020  0.0251  0.0028  0.0070  0.0046  0.0003  0.0002 -0.0052  0.0022 -0.0006 -0.0070  0.0015
 110.0 0.275 0.70  0.1310  0.0390  0.0133 1.05377 0.97569 -0.0117 -0.0007 -0.0043 -0.0020  0.0028  0.0018  0.0001  0.0001 -0.0009 -0.0016  0.0001  0.0006 -0.0010
 110.0 0.350 0.10  0.9722  0.0830  0.0920 1.08733 1.03590  0.0672 -0.0069 -0.0384 -0.0006  0.0204  0.0136  0.0010  0.0005 -0.0048  0.0014  0.0008 -0.0422  0.0043
 110.0 0.350 0.20  0.5518  0.0636  0.0399 1.08738 1.01850  0.0273 -0.0014 -0.0199  0.0003  0.0116  0.0077  0.0006  0.0003 -0.0032 -0.0031 -0.0018 -0.0151  0.0002
 110.0 0.350 0.30  0.4856  0.0568  0.0355 1.08627 1.00936  0.0193 -0.0004 -0.0242 -0.0039  0.0102  0.0068  0.0005  0.0002 -0.0065 -0.0015 -0.0001 -0.0090 -0.0030
 110.0 0.350 0.40  0.4175  0.0527  0.0249 1.08417 1.00038 -0.0056 -0.0015 -0.0193  0.0018  0.0088  0.0058  0.0004  0.0002 -0.0016 -0.0028 -0.0006 -0.0095  0.0005
 110.0 0.350 0.50  0.2462  0.0405  0.0152 1.08068 0.99473 -0.0125 -0.0010 -0.0039 -0.0034  0.0052  0.0034  0.0002  0.0001 -0.0018 -0.0004 -0.0009  0.0016 -0.0009
 110.0 0.350 0.60  0.1788  0.0335  0.0142 1.07498 0.98914 -0.0116 -0.0008 -0.0059 -0.0015  0.0038  0.0025  0.0002  0.0001 -0.0014 -0.0001 -0.0006 -0.0020 -0.0016
 110.0 0.350 0.70  0.0805  0.0222  0.0074 1.06559 0.98634 -0.0056 -0.0014 -0.0025 -0.0016  0.0017  0.0011  0.0001  0.0000 -0.0009  0.0007  0.0002 -0.0019 -0.0018
 110.0 0.450 0.10  0.5121  0.0569  0.0710 1.10529 1.05503  0.0389  0.0078 -0.0325 -0.0004  0.0108  0.0072  0.0005  0.0003 -0.0024  0.0003 -0.0001 -0.0472  0.0011
 110.0 0.450 0.20  0.3109  0.0432  0.0404 1.10592 1.03586  0.0374  0.0012 -0.0038 -0.0008  0.0065  0.0044  0.0003  0.0002 -0.0013  0.0008  0.0009 -0.0121  0.0031
 110.0 0.450 0.30  0.3100  0.0447  0.0199 1.10530 1.02599  0.0065  0.0042 -0.0139  0.0020  0.0065  0.0043  0.0003  0.0002  0.0021  0.0016  0.0009 -0.0075  0.0038
 110.0 0.450 0.40  0.1264  0.0278  0.0095 1.10375 1.01631  0.0020 -0.0007 -0.0068 -0.0007  0.0027  0.0018  0.0001  0.0001 -0.0017 -0.0014  0.0000 -0.0045 -0.0017
 110.0 0.450 0.50  0.1181  0.0268  0.0066 1.10094 1.01008 -0.0011 -0.0008 -0.0047 -0.0023  0.0025  0.0017  0.0001  0.0001  0.0000  0.0011  0.0003  0.0000  0.0019
 110.0 0.450 0.60  0.0970  0.0254  0.0067 1.09594 1.00393  0.0022  0.0003 -0.0041 -0.0033  0.0020  0.0014  0.0001  0.0000 -0.0002 -0.0022  0.0001 -0.0013  0.0001
 110.0 0.450 0.70  0.0722  0.0220  0.0079 1.08661 0.99946 -0.0072 -0.0008 -0.0015  0.0003  0.0015  0.0010  0.0001  0.0000  0.0005 -0.0002  0.0000 -0.0018 -0.0012
 110.0 0.550 0.10  0.2822  0.0393  0.0616 1.12296 1.07192  0.0336  0.0018 -0.0327 -0.0038  0.0059  0.0040  0.0003  0.0001 -0.0057 -0.0003  0.0006 -0.0387 -0.0010
 110.0 0.550 0.20  0.2229  0.0363  0.0336 1.12433 1.05127  0.0164  0.0014 -0.0282  0.0016  0.0047  0.0031  0.0002  0.0001 -0.0051 -0.0009  0.0007  0.0003  0.0007
 110.0 0.550 0.30  0.1214  0.0241  0.0189 1.12428 1.04072  0.0180 -0.0011 -0.0015 -0.0018  0.0025  0.0017  0.0001  0.0001  0.0010  0.0015  0.0003 -0.0037 -0.0011
 110.0 0.550 0.40  0.1325  0.0294  0.0221 1.12346 1.03037  0.0192 -0.0009 -0.0095 -0.0007  0.0028  0.0019  0.0001  0.0001  0.0007  0.0017  0.0005  0.0024  0.0027
 110.0 0.550 0.50  0.0412  0.0150  0.0047 1.12168 1.02363  0.0020 -0.0001 -0.0016 -0.0005  0.0009  0.0006  0.0000  0.0000 -0.0015  0.0003 -0.0002 -0.0033 -0.0007
 110.0 0.550 0.60  0.0229  0.0106  0.0024 1.11820 1.01698  0.0017  0.0004  0.0000  0.0012  0.0005  0.0003  0.0000  0.0000  0.0003 -0.0001  0.0002 -0.0009  0.0003
 110.0 0.550 0.70  0.0059  0.0059  0.0009 1.11099 1.01148 -0.0006  0.0000 -0.0004 -0.0004  0.0001  0.0001  0.0000  0.0000  0.0000  0.0001  0.0000 -0.0002  0.0001
 110.0 0.650 0.10  0.1800  0.0272  0.0337 1.14124 1.09030  0.0250  0.0054 -0.0129  0.0010  0.0038  0.0025  0.0002  0.0001 -0.0063  0.0020  0.0003 -0.0158  0.0011
 110.0 0.650 0.20  0.0622  0.0143  0.0127 1.14337 1.06802  0.0121  0.0005  0.0001 -0.0001  0.0013  0.0009  0.0001  0.0000 -0.0022  0.0006 -0.0002 -0.0024  0.0005
 110.0 0.650 0.30  0.0734  0.0181  0.0090 1.14390 1.05668  0.0036  0.0011 -0.0070  0.0015  0.0015  0.0010  0.0001  0.0000 -0.0023 -0.0019 -0.0003 -0.0017 -0.0006
 110.0 0.650 0.40  0.0519  0.0156  0.0103 1.14369 1.04558  0.0057  0.0000 -0.0051 -0.0026  0.0011  0.0007  0.0001  0.0000 -0.0052 -0.0008 -0.0005 -0.0032 -0.0013
 110.0 0.650 0.50  0.0294  0.0112  0.0034 1.14283 1.03827 -0.0010 -0.0001 -0.0017  0.0004  0.0006  0.0004  0.0000  0.0000 -0.0006 -0.0003  0.0000  0.0025  0.0003
 110.0 0.650 0.60  0.0134  0.0081  0.0029 1.14085 1.03105 -0.0008  0.0001 -0.0024 -0.0007  0.0003  0.0002  0.0000  0.0000 -0.0007  0.0003  0.0000  0.0007  0.0003
 110.0 0.650 0.70  0.0173  0.0096  0.0026 1.13635 1.02457  0.0002 -0.0003 -0.0020 -0.0004  0.0004  0.0002  0.0000  0.0000 -0.0010  0.0000 -0.0004 -0.0003 -0.0009
 130.0 0.020 0.10  1.4527  0.3288  0.1139 1.01229 0.90767  0.0088 -0.0362  0.0070 -0.0114  0.0305  0.0203  0.0044  0.0022 -0.0399 -0.0173  0.0042 -0.0893 -0.0121
 130.0 0.020 0.20  1.0571  0.2702  0.0585 1.01190 0.89957 -0.0123 -0.0127 -0.0294  0.0041  0.0222  0.0148  0.0032  0.0016  0.0120 -0.0016  0.0006 -0.0368  0.0007
 130.0 0.020 0.30  1.7163  0.3370  0.0806 1.01122 0.89580 -0.0314 -0.0197  0.0512 -0.0210  0.0360  0.0240  0.0051  0.0026  0.0015 -0.0048  0.0010  0.0025 -0.0112
 130.0 0.020 0.40  1.1390  0.2618  0.0759 1.01039 0.89206 -0.0158 -0.0087  0.0596  0.0169  0.0239  0.0159  0.0034  0.0017  0.0241  0.0097  0.0007  0.0026  0.0090
 130.0 0.020 0.50  0.8735  0.2310  0.0869 1.00946 0.88810  0.0304  0.0055  0.0763  0.0085  0.0183  0.0122  0.0026  0.0013 -0.0077  0.0013 -0.0047 -0.0105  0.0041
 130.0 0.020 0.60  1.4381  0.3116  0.2266 1.00845 0.88417 -0.2187 -0.0202  0.0197 -0.0080  0.0302  0.0201  0.0043  0.0022 -0.0358  0.0033 -0.0025  0.0002  0.0042
 130.0 0.045 0.10  1.6468  0.2747  0.1008 1.02103 0.93267  0.0159 -0.0227 -0.0135  0.0117  0.0346  0.0231  0.0049  0.0025  0.0516 -0.0116 -0.0013 -0.0669 -0.0054
 130.0 0.045 0.20  2.2794  0.3231  0.1499 1.02074 0.92523  0.0708  0.0215  0.1091  0.0157  0.0479  0.0319  0.0068  0.0034  0.0342  0.0073  0.0014 -0.0145 -0.0066
 130.0 0.045 0.30  1.6470  0.2677  0.0473 1.02004 0.91983  0.0079  0.0053  0.0056 -0.0092  0.0346  0.0231  0.0049  0.0025  0.0093 -0.0091  0.0010 -0.0088 -0.0051
 130.0 0.045 0.40  1.1192  0.2077  0.0892 1.01914 0.91449 -0.0245 -0.0024  0.0703  0.0006  0.0235  0.0157  0.0034  0.0017  0.0362 -0.0109 -0.0023  0.0071 -0.0109
 130.0 0.045 0.50  1.2749  0.2279  0.1286 1.01807 0.91068 -0.1133  0.0049  0.0485 -0.0021  0.0268  0.0178  0.0038  0.0019 -0.0022 -0.0005 -0.0011  0.0123  0.0104
 130.0 0.045 0.60  0.9294  0.1919  0.0889 1.01686 0.90689 -0.0429 -0.0042  0.0711  0.0024  0.0195  0.0130  0.0028  0.0014  0.0076 -0.0090  0.0006 -0.0139  0.0098
 130.0 0.080 0.10  1.5086  0.2322  0.1055 1.03125 0.95668  0.0878 -0.0056  0.0166 -0.0094  0.0317  0.0211  0.0045  0.0023  0.0363 -0.0092  0.0009 -0.0123 -0.0004
 130.0 0.080 0.20  1.3228  0.2080  0.0842 1.03116 0.94713  0.0296 -0.0117  0.0693  0.0028  0.0278  0.0185  0.0040  0.0020  0.0108 -0.0002  0.0007 -0.0020 -0.0027
 130.0 0.080 0.30  1.1974  0.1929  0.0528 1.03062 0.94064 -0.0138 -0.0066  0.0322 -0.0014  0.0251  0.0168  0.0036  0.0018  0.0052 -0.0018  0.0018 -0.0234 -0.0029
 130.0 0.080 0.40  0.9463  0.1671  0.0638 1.02980 0.93424 -0.0424  0.0078  0.0351  0.0075  0.0199  0.0132  0.0028  0.0014  0.0175  0.0040  0.0016 -0.0016  0.0037
 130.0 0.080 0.50  1.1756  0.2008  0.1055 1.02872 0.93024 -0.0971 -0.0125  0.0184  0.0035  0.0247  0.0165  0.0035  0.0018  0.0138 -0.0040 -0.0009  0.0038 -0.0088
 130.0 0.080 0.60  0.8985  0.1730  0.0916 1.02740 0.92627 -0.0728  0.0117  0.0468  0.0023  0.0189  0.0126  0.0027  0.0013 -0.0086 -0.0005  0.0005  0.0020  0.0121
 130.0 0.125 0.10  1.9433  0.2395  0.1217 1.04230 0.97851  0.0894 -0.0229  0.0183 -0.0061  0.0408  0.0272  0.0058  0.0029  0.0130 -0.0016 -0.0019 -0.0573 -0.0034
 130.0 0.125 0.20  1.4524  0.1998  0.0865 1.04230 0.96654  0.0744 -0.0018  0.0024  0.0033  0.0305  0.0203  0.0044  0.0022 -0.0186  0.0033 -0.0016 -0.0141  0.0023
 130.0 0.125 0.30  1.4699  0.1888  0.0687 1.04172 0.95923 -0.0297  0.0038  0.0402  0.0016  0.0309  0.0206  0.0044  0.0022 -0.0046 -0.0155 -0.0004 -0.0225  0.0052
 130.0 0.125 0.40  1.1080  0.1662  0.0604 1.04070 0.95203 -0.0511 -0.0014  0.0041  0.0050  0.0233  0.0155  0.0033  0.0017 -0.0053 -0.0020  0.0007 -0.0039 -0.0123
 130.0 0.125 0.50  0.9895  0.1636  0.0876 1.03927 0.94769 -0.0727  0.0012  0.0397  0.0085  0.0208  0.0139  0.0030  0.0015 -0.0010  0.0099 -0.0007 -0.0006  0.0007
 130.0 0.125 0.60  0.6143  0.1203  0.0330 1.03743 0.94340 -0.0193  0.0041  0.0122  0.0016  0.0129  0.0086  0.0018  0.0009 -0.0002  0.0081 -0.0015  0.0149  0.0033
 130.0 0.175 0.10  1.4268  0.2019  0.0538 1.05329 0.99670 -0.0010 -0.0301  0.0142  0.0030  0.0300  0.0200  0.0043  0.0021 -0.0006  0.0086  0.0021 -0.0166  0.0100
 130.0 0.175 0.20  1.2398  0.1778  0.0802 1.05316 0.98299  0.0677  0.0127  0.0141  0.0059  0.0260  0.0174  0.0037  0.0019 -0.0122 -0.0062 -0.0017 -0.0150  0.0071
 130.0 0.175 0.30  1.0757  0.1627  0.0535 1.05228 0.97504  0.0201  0.0089 -0.0260  0.0100  0.0226  0.0151  0.0032  0.0016 -0.0252  0.0075 -0.0019  0.0107 -0.0066
 130.0 0.175 0.40  0.7604  0.1339  0.0505 1.05081 0.96722 -0.0255 -0.0009  0.0319 -0.0008  0.0160  0.0106  0.0023  0.0011  0.0022  0.0019  0.0015 -0.0171  0.0142
 130.0 0.175 0.50  0.7800  0.1388  0.0761 1.04867 0.96251 -0.0572 -0.0019  0.0422 -0.0080  0.0164  0.0109  0.0023  0.0012 -0.0081  0.0014  0.0005 -0.0128 -0.0064
 130.0 0.175 0.60  0.5523  0.1232  0.0730 1.04573 0.95785 -0.0689 -0.0011  0.0092 -0.0038  0.0116  0.0077  0.0017  0.0008 -0.0088  0.0011  0.0003  0.0141 -0.0024
 130.0 0.225 0.10  1.1728  0.1799  0.0975 1.06358 1.01121  0.0657 -0.0157 -0.0594  0.0043  0.0246  0.0164  0.0035  0.0018 -0.0204 -0.0022 -0.0017 -0.0085  0.0020
 130.0 0.225 0.20  1.0995  0.1790  0.0625 1.06334 0.99610  0.0137 -0.0052 -0.0436 -0.0149  0.0231  0.0154  0.0033  0.0016 -0.0171  0.0033 -0.0008 -0.0205 -0.0078
 130.0 0.225 0.30  0.7917  0.1343  0.0341 1.06218 0.98764  0.0182 -0.0062  0.0094  0.0003  0.0166  0.0111  0.0024  0.0012 -0.0137  0.0036 -0.0006 -0.0081 -0.0059
 130.0 0.225 0.40  0.7467  0.1383  0.0370 1.06026 0.97933  0.0259  0.0035  0.0080  0.0070  0.0157  0.0105  0.0022  0.0011 -0.0124 -0.0046 -0.0009 -0.0050  0.0031
 130.0 0.225 0.50  0.6294  0.1350  0.0837 1.05739 0.97427 -0.0758 -0.0047 -0.0243  0.0138  0.0132  0.0088  0.0019  0.0009 -0.0003 -0.0039  0.0020 -0.0131 -0.0013
 130.0 0.225 0.60  0.3442  0.0953  0.0448 1.05324 0.96927 -0.0386  0.0072  0.0085 -0.0002  0.0072  0.0048  0.0010  0.0005 -0.0031  0.0018 -0.0009  0.0106  0.0137
 130.0 0.275 0.10  0.8643  0.1534  0.0716 1.07345 1.02170  0.0582  0.0135  0.0191 -0.0003  0.0182  0.0121  0.0026  0.0013 -0.0048  0.0039  0.0005 -0.0244 -0.0087
 130.0 0.275 0.20  1.1720  0.1791  0.0970 1.07319 1.00556  0.0872 -0.0204 -0.0006 -0.0018  0.0246  0.0164  0.0035  0.0018 -0.0136  0.0035 -0.0010  0.0170  0.0042
 130.0 0.275 0.30  0.7282  0.1437  0.0392 1.07192 0.99675 -0.0285  0.0046  0.0092  0.0013  0.0153  0.0102  0.0022  0.0011 -0.0095 -0.0020  0.0033  0.0119  0.0048
 130.0 0.275 0.40  0.6397  0.1259  0.0279 1.06973 0.98810 -0.0120  0.0022 -0.0142  0.0021  0.0134  0.0090  0.0019  0.0010  0.0006 -0.0002 -0.0012  0.0115  0.0050
 130.0 0.275 0.50  0.3665  0.1015  0.0289 1.06635 0.98272 -0.0175 -0.0016 -0.0078 -0.0082  0.0077  0.0051  0.0011  0.0005 -0.0162  0.0020  0.0002  0.0035 -0.0055
 130.0 0.275 0.60  0.2792  0.0842  0.0394 1.06123 0.97741 -0.0109 -0.0012  0.0365  0.0040  0.0059  0.0039  0.0008  0.0004 -0.0049  0.0010  0.0002 -0.0007 -0.0033
 130.0 0.350 0.10  0.7322  0.0981  0.0770 1.08764 1.03783  0.0570  0.0077 -0.0215  0.0047  0.0154  0.0103  0.0022  0.0011 -0.0018 -0.0030 -0.0001 -0.0420  0.0033
 130.0 0.350 0.20  0.6442  0.0909  0.0305 1.08759 1.02010  0.0195 -0.0052 -0.0143  0.0044  0.0135  0.0090  0.0019  0.0010 -0.0029  0.0004  0.0010 -0.0048  0.0004
 130.0 0.350 0.30  0.4219  0.0721  0.0282 1.08645 1.01074  0.0180  0.0024 -0.0184 -0.0013  0.0089  0.0059  0.0013  0.0006  0.0014  0.0002 -0.0008 -0.0011  0.0024
 130.0 0.350 0.40  0.4203  0.0710  0.0227 1.08428 1.00155 -0.0013  0.0063  0.0169  0.0010  0.0088  0.0059  0.0013  0.0006 -0.0010  0.0083 -0.0004 -0.0013 -0.0011
 130.0 0.350 0.50  0.2280  0.0543  0.0185 1.08075 0.99568 -0.0166  0.0007  0.0044 -0.0021  0.0048  0.0032  0.0007  0.0003  0.0011  0.0014  0.0002  0.0022  0.0008
 130.0 0.350 0.60  0.1846  0.0480  0.0082 1.07500 0.98987  0.0024  0.0034 -0.0042  0.0017  0.0039  0.0026  0.0006  0.0003  0.0004 -0.0007  0.0001 -0.0014  0.0020
 130.0 0.450 0.10  0.4339  0.0696  0.0581 1.10570 1.05728  0.0367 -0.0054 -0.0013  0.0029  0.0091  0.0061  0.0013  0.0007 -0.0038 -0.0023  0.0007 -0.0430  0.0012
 130.0 0.450 0.20  0.3805  0.0686  0.0548 1.10619 1.03770  0.0250  0.0051 -0.0440 -0.0049  0.0080  0.0053  0.0011  0.0006 -0.0049  0.0021  0.0002 -0.0163  0.0022
 130.0 0.450 0.30  0.2169  0.0516  0.0117 1.10551 1.02763 -0.0059 -0.0033 -0.0013 -0.0034  0.0046  0.0030  0.0007  0.0003  0.0029  0.0017  0.0001  0.0058 -0.0013
 130.0 0.450 0.40  0.2654  0.0564  0.0245 1.10394 1.01776  0.0163  0.0037 -0.0158  0.0000  0.0056  0.0037  0.0008  0.0004  0.0021  0.0038  0.0002 -0.0013  0.0017
 130.0 0.450 0.50  0.0675  0.0282  0.0095 1.10110 1.01132 -0.0058  0.0002 -0.0069  0.0007  0.0014  0.0009  0.0002  0.0001 -0.0016  0.0015 -0.0003  0.0003 -0.0009
 130.0 0.450 0.60  0.0458  0.0234  0.0080 1.09607 1.00496 -0.0072 -0.0006 -0.0027 -0.0004  0.0010  0.0006  0.0001  0.0001  0.0001 -0.0010 -0.0006  0.0002  0.0014
 130.0 0.550 0.10  0.2622  0.0482  0.0591 1.12350 1.07450  0.0454  0.0162 -0.0190 -0.0014  0.0055  0.0037  0.0008  0.0004 -0.0029  0.0013 -0.0002 -0.0273  0.0006
 130.0 0.550 0.20  0.1710  0.0404  0.0229 1.12467 1.05340  0.0046 -0.0014 -0.0179 -0.0045  0.0036  0.0024  0.0005  0.0003 -0.0053 -0.0019  0.0005 -0.0099 -0.0036
 130.0 0.550 0.30  0.1145  0.0344  0.0233 1.12457 1.04265  0.0133  0.0022 -0.0175 -0.0006  0.0024  0.0016  0.0003  0.0002 -0.0024  0.0002 -0.0003 -0.0061  0.0022
 130.0 0.550 0.40  0.0859  0.0299  0.0091 1.12370 1.03212 -0.0008  0.0003  0.0020 -0.0013  0.0018  0.0012  0.0003  0.0001 -0.0046 -0.0025  0.0001 -0.0066  0.0001
 130.0 0.550 0.50  0.0507  0.0218  0.0041 1.12189 1.02522  0.0020  0.0004 -0.0001 -0.0015  0.0011  0.0007  0.0002  0.0001 -0.0019 -0.0012  0.0005 -0.0017 -0.0008
 130.0 0.550 0.60  0.0232  0.0168  0.0044 1.11837 1.01841 -0.0038 -0.0001  0.0008  0.0005  0.0005  0.0003  0.0001  0.0000  0.0005  0.0003  0.0000  0.0016 -0.0009
 130.0 0.650 0.10  0.1646  0.0339  0.0317 1.14195 1.09325  0.0086 -0.0034 -0.0151 -0.0007  0.0035  0.0023  0.0005  0.0002 -0.0101 -0.0008  0.0001 -0.0239  0.0001
 130.0 0.650 0.20  0.0641  0.0197  0.0073 1.14380 1.07050  0.0026 -0.0017 -0.0047  0.0009  0.0013  0.0009  0.0002  0.0001 -0.0041  0.0002 -0.0007 -0.0003  0.0010
 130.0 0.650 0.30  0.0782  0.0241  0.0135 1.14421 1.05896  0.0056  0.0001 -0.0109 -0.0017  0.0016  0.0011  0.0002  0.0001 -0.0031  0.0016  0.0000 -0.0035 -0.0005
 130.0 0.650 0.40  0.0425  0.0184  0.0085 1.14398 1.04767  0.0034  0.0007 -0.0051 -0.0001  0.0009  0.0006  0.0001  0.0001 -0.0035 -0.0002  0.0001 -0.0043  0.0017
 130.0 0.650 0.50  0.0118  0.0120  0.0028 1.14307 1.04022 -0.0014  0.0001 -0.0020  0.0008  0.0002  0.0002  0.0000  0.0000 -0.0007  0.0004  0.0000 -0.0006 -0.0002
 130.0 0.650 0.60  0.0058  0.0031  0.0007 1.14108 1.03287  0.0000  0.0002 -0.0004 -0.0002  0.0001  0.0001  0.0000  0.0000 -0.0001  0.0001  0.0000 -0.0004  0.0001
 170.0 0.020 0.10  1.6438  0.3623  0.0874 1.01235 0.90626  0.0619  0.0007 -0.0029  0.0046  0.0345  0.0230  0.0115  0.0058  0.0402  0.0000  0.0011  0.0057  0.0155
 170.0 0.020 0.20  1.9092  0.3617  0.1141 1.01186 0.90080 -0.0287 -0.0041  0.0584  0.0062  0.0401  0.0267  0.0134  0.0067  0.0557 -0.0146 -0.0022 -0.0519 -0.0128
 170.0 0.020 0.30  1.6218  0.3425  0.1014 1.01110 0.89641 -0.0024  0.0079  0.0747 -0.0054  0.0341  0.0227  0.0114  0.0057  0.0364  0.0366  0.0011  0.0055  0.0078
 170.0 0.020 0.40  1.3727  0.3096  0.1381 1.01023 0.89206 -0.1283  0.0065  0.0263  0.0100  0.0288  0.0192  0.0096  0.0048 -0.0003  0.0014 -0.0022 -0.0179 -0.0116
 170.0 0.045 0.10  1.4550  0.2610  0.0898 1.02115 0.93399 -0.0112 -0.0255 -0.0048 -0.0053  0.0306  0.0204  0.0102  0.0051  0.0693  0.0048  0.0029  0.0285 -0.0100
 170.0 0.045 0.20  2.4655  0.3545  0.1557 1.02070 0.92653 -0.0139 -0.0236  0.1188  0.0061  0.0518  0.0345  0.0173  0.0086  0.0391  0.0103  0.0017 -0.0589 -0.0017
 170.0 0.045 0.30  1.2013  0.2224  0.0552 1.01993 0.92047 -0.0266 -0.0043  0.0082  0.0013  0.0252  0.0168  0.0084  0.0042  0.0347 -0.0064  0.0008 -0.0005  0.0007
 170.0 0.045 0.40  1.3012  0.2453  0.1468 1.01899 0.91449 -0.1278 -0.0063  0.0599 -0.0031  0.0273  0.0182  0.0091  0.0046  0.0023  0.0152 -0.0028  0.0124  0.0027
 170.0 0.080 0.10  2.0786  0.2717  0.1357 1.03139 0.95865  0.0683 -0.0053  0.0666 -0.0014  0.0437  0.0291  0.0146  0.0073  0.0759  0.0007  0.0072  0.0189  0.0091
 170.0 0.080 0.20  1.7964  0.2433  0.0909 1.03117 0.94859 -0.0012  0.0009 -0.0141  0.0057  0.0377  0.0251  0.0126  0.0063  0.0737  0.0108 -0.0005  0.0151  0.0028
 170.0 0.080 0.30  1.4314  0.2191  0.1030 1.03056 0.94153 -0.0807 -0.0061  0.0503  0.0023  0.0301  0.0200  0.0100  0.0050 -0.0021 -0.0029 -0.0007 -0.0087  0.0024
 170.0 0.080 0.40  1.3750  0.2233  0.1476 1.02966 0.93458 -0.1324 -0.0070  0.0440 -0.0169  0.0289  0.0192  0.0096  0.0048 -0.0114 -0.0109 -0.0028 -0.0200 -0.0047
 170.0 0.125 0.10  1.8992  0.2279  0.0989 1.04251 0.98063  0.0470 -0.0048  0.0046  0.0126  0.0399  0.0266  0.0133  0.0066 -0.0077  0.0100 -0.0077 -0.0678 -0.0064
 170.0 0.125 0.20  1.5237  0.2032  0.0462 1.04238 0.96810  0.0148  0.0038  0.0000 -0.0019  0.0320  0.0213  0.0107  0.0053 -0.0153 -0.0013 -0.0017 -0.0018 -0.0060
 170.0 0.125 0.30  1.4457  0.1982  0.0660 1.04170 0.96034 -0.0469  0.0070 -0.0098  0.0041  0.0304  0.0202  0.0101  0.0051 -0.0139  0.0096 -0.0006  0.0093 -0.0126
 170.0 0.125 0.40  0.9169  0.1540  0.0736 1.04059 0.95271 -0.0405 -0.0099  0.0547  0.0025  0.0193  0.0128  0.0064  0.0032 -0.0097  0.0009  0.0017 -0.0009  0.0005
 170.0 0.175 0.10  1.6236  0.2145  0.1165 1.05354 0.99901  0.0349 -0.0085 -0.0875 -0.0010  0.0341  0.0227  0.0114  0.0057 -0.0315  0.0207  0.0026 -0.0344  0.0134
 170.0 0.175 0.20  1.7238  0.2211  0.0838 1.05329 0.98451  0.0384 -0.0083  0.0386  0.0069  0.0362  0.0241  0.0121  0.0060 -0.0333 -0.0009 -0.0006 -0.0263  0.0086
 170.0 0.175 0.30  1.0536  0.1675  0.0339 1.05234 0.97625  0.0054 -0.0045  0.0008 -0.0066  0.0221  0.0148  0.0074  0.0037 -0.0097  0.0060  0.0007 -0.0107  0.0060
 170.0 0.175 0.40  0.6159  0.1225  0.0366 1.05077 0.96813 -0.0268  0.0034  0.0154  0.0022  0.0129  0.0086  0.0043  0.0022 -0.0055  0.0061 -0.0014  0.0056  0.0004
 170.0 0.225 0.10  1.2224  0.1774  0.0937 1.06389 1.01374  0.0598  0.0010  0.0582  0.0062  0.0257  0.0171  0.0086  0.0043 -0.0258  0.0004 -0.0005 -0.0062 -0.0044
 170.0 0.225 0.20  0.9377  0.1541  0.0351 1.06352 0.99773  0.0075  0.0099 -0.0080 -0.0009  0.0197  0.0131  0.0066  0.0033 -0.0177  0.0023  0.0018  0.0023  0.0085
 170.0 0.225 0.30  0.7897  0.1434  0.0352 1.06230 0.98903 -0.0102  0.0007 -0.0048  0.0003  0.0166  0.0111  0.0055  0.0028 -0.0177 -0.0005  0.0005 -0.0188 -0.0020
 170.0 0.225 0.40  0.6639  0.1355  0.0501 1.06031 0.98048 -0.0384 -0.0124  0.0114  0.0007  0.0139  0.0093  0.0046  0.0023 -0.0088  0.0034 -0.0022  0.0176 -0.0062
 170.0 0.275 0.10  1.1020  0.1639  0.0889 1.07381 1.02446  0.0583 -0.0136  0.0090  0.0004  0.0231  0.0154  0.0077  0.0039 -0.0179  0.0077  0.0033 -0.0548 -0.0006
 170.0 0.275 0.20  0.6860  0.1282  0.0464 1.07344 1.00749  0.0331 -0.0072  0.0185  0.0107  0.0144  0.0096  0.0048  0.0024 -0.0130 -0.0033  0.0004  0.0037 -0.0047
 170.0 0.275 0.30  0.6894  0.1324  0.0316 1.07209 0.99842  0.0076  0.0021 -0.0211  0.0007  0.0145  0.0097  0.0048  0.0024 -0.0116  0.0013 -0.0022 -0.0036 -0.0009
 170.0 0.275 0.40  0.4111  0.1004  0.0410 1.06985 0.98950 -0.0289 -0.0009  0.0258  0.0021  0.0086  0.0058  0.0029  0.0014 -0.0040  0.0025  0.0012 -0.0055  0.0021
 170.0 0.350 0.10  0.8340  0.0979  0.0564 1.08809 1.04097  0.0217 -0.0101 -0.0118 -0.0035  0.0175  0.0117  0.0058  0.0029 -0.0098 -0.0059  0.0001 -0.0429  0.0012
 170.0 0.350 0.20  0.7149  0.0961  0.0332 1.08791 1.02250  0.0184  0.0035 -0.0156 -0.0001  0.0150  0.0100  0.0050  0.0025 -0.0055 -0.0044 -0.0003 -0.0060 -0.0083
 170.0 0.350 0.30  0.4163  0.0687  0.0174 1.08669 1.01284  0.0086 -0.0018 -0.0084 -0.0021  0.0087  0.0058  0.0029  0.0015 -0.0045 -0.0024 -0.0014  0.0015 -0.0009
 170.0 0.350 0.40  0.3189  0.0589  0.0158 1.08448 1.00336  0.0075  0.0070 -0.0050 -0.0030  0.0067  0.0045  0.0022  0.0011 -0.0026 -0.0040 -0.0003 -0.0007  0.0038
 170.0 0.450 0.10  0.4852  0.0681  0.0456 1.10628 1.06093  0.0227 -0.0006 -0.0228 -0.0034  0.0102  0.0068  0.0034  0.0017  0.0019  0.0045  0.0008 -0.0290 -0.0002
 170.0 0.450 0.20  0.3869  0.0625  0.0362 1.10660 1.04067  0.0314 -0.0023 -0.0013 -0.0019  0.0081  0.0054  0.0027  0.0014 -0.0009  0.0029  0.0008 -0.0137  0.0030
 170.0 0.450 0.30  0.1918  0.0456  0.0070 1.10585 1.03027  0.0001 -0.0002  0.0002 -0.0022  0.0040  0.0027  0.0013  0.0007 -0.0027  0.0006  0.0002 -0.0028 -0.0019
 170.0 0.450 0.40  0.1453  0.0391  0.0141 1.10423 1.02008 -0.0115 -0.0003 -0.0052  0.0021  0.0031  0.0020  0.0010  0.0005 -0.0019  0.0030  0.0001 -0.0025  0.0005
 170.0 0.550 0.10  0.2027  0.0388  0.0389 1.12427 1.07867  0.0310  0.0036 -0.0054  0.0013  0.0043  0.0028  0.0014  0.0007 -0.0050  0.0006  0.0001 -0.0213  0.0015
 170.0 0.550 0.20  0.1644  0.0370  0.0180 1.12516 1.05686  0.0121  0.0019 -0.0111  0.0005  0.0035  0.0023  0.0012  0.0006 -0.0038  0.0017 -0.0007 -0.0031  0.0020
 170.0 0.550 0.30  0.1011  0.0285  0.0082 1.12496 1.04577  0.0058  0.0011 -0.0035  0.0012  0.0021  0.0014  0.0007  0.0004 -0.0015  0.0020 -0.0002 -0.0011  0.0022
 170.0 0.550 0.40  0.0722  0.0253  0.0056 1.12406 1.03491  0.0026  0.0013 -0.0031 -0.0018  0.0015  0.0010  0.0005  0.0003  0.0006  0.0000  0.0001  0.0023 -0.0011
 170.0 0.650 0.10  0.1180  0.0238  0.0279 1.14290 1.09803  0.0129  0.0028 -0.0076 -0.0013  0.0025  0.0017  0.0008  0.0004 -0.0108  0.0006 -0.0004 -0.0205 -0.0001
 170.0 0.650 0.20  0.0736  0.0200  0.0080 1.14443 1.07453  0.0048  0.0005  0.0002 -0.0006  0.0015  0.0010  0.0005  0.0003 -0.0035  0.0006  0.0003 -0.0048 -0.0010
 170.0 0.650 0.30  0.0686  0.0199  0.0126 1.14469 1.06264  0.0040 -0.0003 -0.0089 -0.0004  0.0014  0.0010  0.0005  0.0002 -0.0046  0.0015  0.0000 -0.0060 -0.0004
 170.0 0.650 0.40  0.0415  0.0181  0.0047 1.14438 1.05101 -0.0022 -0.0009 -0.0019 -0.0002  0.0009  0.0006  0.0003  0.0001 -0.0034  0.0000 -0.0004 -0.0003  0.0000
