       185        240        200     0.0037     0.0060     0.0050 1.1100E+00       0.87      -0.87       2.30     -1.81     -0.01       0.08       0.09      -0.07      -0.44       0.40       1.91      -0.00      -1.41       1.08      -1.03       0.00       0.16      -0.01       0.13      -0.00      -0.20       0.00       0.22      -0.05      -0.19       0.10       0.07      -0.00       0.22      -0.11       0.08      -0.00       0.14      -0.00       1.84 
       185        240        200     0.0060     0.0100     0.0080 9.4467E-01       0.80      -0.80       0.84     -1.95     -0.04       0.05       0.08      -0.00      -0.10       0.13       0.80      -0.00      -1.36       0.19      -1.36       0.00       0.01      -0.00      -0.02       0.00      -0.01       0.00       0.12      -0.06      -0.03       0.05      -0.01       0.00      -0.01       0.03      -0.03       0.01      -0.03       0.08       1.84 
       185        240        200     0.0100     0.0170     0.0130 8.0076E-01       0.79      -0.79       0.21     -1.77     -0.10       0.06       0.12      -0.18      -0.08       0.04       0.12      -0.00      -1.55       0.06      -0.80       0.00      -0.05       0.00      -0.02       0.00      -0.02       0.00       0.09      -0.11      -0.03       0.00      -0.04       0.00      -0.08       0.01      -0.02       0.00      -0.08       0.00       1.84 
       185        240        200     0.0170     0.0250     0.0210 6.8035E-01       0.95      -0.95       0.73     -0.56     -0.09       0.12       0.05      -0.24      -0.02       0.02      -0.40       0.00      -0.28       0.01       0.71      -0.00      -0.01       0.00      -0.02       0.00      -0.02       0.00       0.13      -0.09       0.00      -0.03      -0.01       0.00      -0.03       0.02      -0.02       0.00      -0.01       0.04       1.84 
       185        240        200     0.0250     0.0370     0.0320 5.6576E-01       1.01      -1.01       2.54     -0.20     -0.10       0.13      -0.09       0.00      -0.00       0.00      -0.02       0.00       0.14      -0.00       2.53      -0.00      -0.02       0.00      -0.03       0.01      -0.00       0.00       0.11      -0.04       0.02      -0.00       0.04      -0.00      -0.02       0.00       0.02      -0.00      -0.13       0.00       1.84 
       185        240        200     0.0370     0.0600     0.0500 5.1093E-01       0.98      -0.98       2.25     -0.41     -0.13       0.14      -0.03       0.03      -0.01       0.01       0.13      -0.00      -0.38       0.07       2.24      -0.00      -0.00       0.00       0.01      -0.00       0.01      -0.00       0.13      -0.05      -0.00       0.01       0.03      -0.00       0.03      -0.00      -0.00       0.03      -0.05       0.00       1.84 
       185        240        200     0.0600     0.1200     0.0800 4.3256E-01       0.85      -0.85       2.81     -0.19     -0.12       0.12       0.12      -0.00      -0.00       0.00       0.29      -0.00       0.06      -0.00       2.79      -0.00       0.00      -0.00      -0.00       0.00       0.00      -0.00       0.10      -0.04      -0.02       0.00      -0.00       0.01      -0.04       0.04       0.01      -0.00       0.02      -0.14       1.84 
       185        240        200     0.1200     0.2500     0.1800 3.4581E-01       1.06      -1.06       1.68     -1.23     -0.07       0.12      -0.07       0.00      -0.00       0.00       1.36      -0.00       0.77      -0.00      -1.05       0.00       0.01      -0.01       0.00      -0.00      -0.00       0.00       0.10      -0.03       0.01      -0.00      -0.60       0.56      -0.20       0.23       0.01      -0.00      -0.07       0.00       1.84 
       240        310        250     0.0060     0.0100     0.0080 9.2860E-01       1.05      -1.05       2.41     -0.71      0.05      -0.00       0.29      -0.27      -0.20       0.19       2.13      -0.00      -0.41       1.00      -0.45       0.00       0.02      -0.06       0.17      -0.00      -0.10       0.00       0.15      -0.09      -0.16       0.00      -0.02       0.00       0.10      -0.00       0.05      -0.01      -0.04       0.18       1.84 
       240        310        250     0.0100     0.0170     0.0130 8.2106E-01       0.97      -0.97       0.72     -1.52     -0.06       0.09      -0.12       0.00      -0.05       0.05       0.69      -0.00      -1.04       0.00      -1.08       0.00       0.03      -0.00       0.05      -0.00      -0.11       0.00       0.10      -0.06      -0.20       0.05       0.02      -0.00      -0.02       0.06       0.01      -0.01      -0.04       0.11       1.84 
       240        310        250     0.0170     0.0250     0.0210 6.9187E-01       1.14      -1.14       0.67     -1.23     -0.12       0.08       0.16      -0.00      -0.08       0.04       0.53      -0.00      -1.19       0.29      -0.39       0.00      -0.03       0.00      -0.04       0.00      -0.01       0.00       0.08      -0.05      -0.04       0.02      -0.02       0.00      -0.06       0.00      -0.05       0.00      -0.00       0.00       1.84 
       240        310        250     0.0250     0.0370     0.0320 5.8507E-01       1.16      -1.16       1.73     -1.87     -0.10       0.14      -0.05       0.00      -0.01       0.01       0.13      -0.00      -1.85       0.17       1.70      -0.00      -0.01       0.01       0.03      -0.01      -0.06       0.00       0.19      -0.08      -0.02       0.03      -0.01       0.02      -0.04       0.06       0.02      -0.00       0.14      -0.16       1.84 
       240        310        250     0.0370     0.0600     0.0500 5.1285E-01       1.14      -1.14       2.74     -1.64     -0.10       0.11      -0.06       0.00      -0.00       0.00      -0.40       0.00      -1.58       0.11       2.73      -0.00       0.04      -0.02      -0.09       0.00       0.00      -0.00       0.14      -0.05      -0.01       0.00      -0.01       0.00       0.02      -0.00      -0.02       0.00       0.07      -0.02       1.84 
       240        310        250     0.0600     0.1200     0.0800 4.3477E-01       0.99      -0.99       2.10     -1.06     -0.09       0.14      -0.22       0.09      -0.00       0.00      -0.06       0.00      -1.03       0.04       2.06      -0.00      -0.00       0.02       0.04      -0.02      -0.00       0.00       0.14      -0.06       0.03      -0.00       0.05      -0.00       0.02      -0.00      -0.00       0.05      -0.06       0.26       1.84 
       240        310        250     0.1200     0.2500     0.1800 3.3726E-01       1.12      -1.12       1.53     -2.26     -0.09       0.09      -0.17       0.24      -0.00       0.00       1.36      -0.00      -1.82       0.09      -1.21       0.00       0.01      -0.02      -0.01       0.00       0.03      -0.00       0.13      -0.08      -0.03       0.00      -0.48       0.62      -0.13       0.13      -0.02       0.01      -0.14       0.00       1.84 
       310        410        350     0.0060     0.0100     0.0080 9.4764E-01       1.35      -1.35       2.59     -0.84     -0.06       0.08      -0.19       0.00      -0.31       0.23       2.38      -0.00       0.08      -0.00       0.71      -0.00       0.64      -0.71       0.13      -0.00      -0.14       0.00       0.13      -0.08      -0.01       0.12      -0.04       0.00       0.08      -0.03      -0.02       0.00      -0.04       0.09       1.84 
       310        410        350     0.0100     0.0170     0.0130 8.0898E-01       1.20      -1.20       1.14     -0.43     -0.05       0.04       0.25      -0.32      -0.12       0.04       0.73      -0.00      -0.02       0.77      -0.02       0.00       0.09      -0.09       0.02      -0.10      -0.10       0.00       0.10      -0.09      -0.25       0.06       0.02      -0.02      -0.03       0.04      -0.03       0.00      -0.15       0.00       1.84 
       310        410        350     0.0170     0.0250     0.0210 6.7281E-01       1.39      -1.39       1.49     -0.44      0.08      -0.00       0.16      -0.14      -0.02       0.01       1.13      -0.00      -0.01       0.72       0.60      -0.00       0.03      -0.03       0.01      -0.00      -0.30       0.00       0.15      -0.13      -0.23       0.12      -0.01       0.01      -0.01       0.06      -0.03       0.02       0.11      -0.04       1.84 
       310        410        350     0.0250     0.0370     0.0320 5.7537E-01       1.43      -1.43       2.53     -0.64      0.12      -0.00      -0.02       0.00      -0.01       0.01       0.82      -0.00      -0.10       2.37      -0.06       0.00       0.04      -0.00       0.09      -0.00      -0.27       0.00       0.20      -0.04      -0.55       0.23       0.09      -0.00       0.09      -0.00       0.05      -0.00      -0.13       0.00       1.84 
       310        410        350     0.0370     0.0600     0.0500 5.0662E-01       1.37      -1.37       1.94     -1.06     -0.04       0.09      -0.60       0.00      -0.01       0.01       0.88      -0.00      -0.75       0.99       1.39      -0.00      -0.04       0.00      -0.03       0.00      -0.26       0.00       0.18      -0.14      -0.27       0.00      -0.03       0.00      -0.02       0.00      -0.04       0.00      -0.13       0.00       1.84 
       310        410        350     0.0600     0.1200     0.0800 4.1766E-01       1.21      -1.21       3.31     -0.85     -0.03       0.05      -0.36       0.04      -0.00       0.00       0.69      -0.00      -0.68       0.84       3.12      -0.00       0.01      -0.00      -0.03       0.00      -0.15       0.00       0.12      -0.11      -0.19       0.00       0.01      -0.01      -0.03       0.00      -0.05       0.00      -0.21       0.00       1.84 
       310        410        350     0.1200     0.2500     0.1800 3.2515E-01       1.26      -1.26       1.64     -1.39     -0.02       0.10      -1.06       0.00      -0.00       0.00       1.45      -0.00      -0.86       0.00       0.64      -0.00       0.04      -0.02       0.07      -0.04      -0.13       0.00       0.19      -0.08       0.09      -0.00       0.31      -0.00      -0.05       0.03      -0.01       0.04       0.09      -0.17       1.84 
       410        530        450     0.0060     0.0100     0.0080 1.0231E+00       1.50      -1.50       1.93     -1.63     -0.35       0.43       0.04      -0.08      -0.50       0.49       0.94      -0.00      -0.03       0.03       0.03      -0.00       1.41      -1.37       0.13      -0.12      -0.17       0.00       0.18      -0.11      -0.57       0.14      -0.04       0.01       0.46      -0.32       0.01      -0.02       0.12      -0.00       1.84 
       410        530        450     0.0100     0.0170     0.0130 8.1615E-01       1.74      -1.74       1.22     -1.04     -0.02       0.05      -0.12       0.00      -0.09       0.11       0.70      -0.00      -0.00       0.02      -0.06       0.00       0.95      -1.00      -0.14       0.00       0.04      -0.00       0.05      -0.05      -0.31       0.01      -0.01       0.00      -0.03       0.03      -0.03       0.00       0.21      -0.00       1.84 
       410        530        450     0.0170     0.0250     0.0210 7.0603E-01       1.92      -1.92       1.75     -0.62     -0.15       0.06       0.00      -0.14      -0.04       0.04       1.66      -0.00      -0.01       0.03       0.53      -0.00       0.13      -0.23       0.11      -0.00      -0.46       0.00       0.07      -0.10      -0.21       0.00      -0.06       0.00      -0.10       0.03      -0.08       0.00       0.07      -0.01       1.84 
       410        530        450     0.0250     0.0370     0.0320 5.8229E-01       1.84      -1.84       1.86     -0.72     -0.08       0.08       0.12      -0.11      -0.02       0.02       1.25      -0.00      -0.04       0.08       1.37      -0.00       0.06      -0.11      -0.07       0.00      -0.68       0.00       0.08      -0.06       0.04      -0.00       0.02      -0.01      -0.02       0.00       0.02      -0.04       0.06      -0.11       1.84 
       410        530        450     0.0370     0.0600     0.0500 5.1125E-01       1.66      -1.66       1.99     -0.64     -0.09       0.09      -0.53       0.04      -0.00       0.00       1.42      -0.00      -0.07       0.15       1.37      -0.00       0.04      -0.07      -0.11       0.00      -0.22       0.00       0.09      -0.09      -0.08       0.06      -0.00       0.02      -0.01       0.04      -0.04       0.04      -0.18       0.00       1.84 
       410        530        450     0.0600     0.1000     0.0800 4.2545E-01       1.74      -1.74       1.68     -0.56     -0.05       0.06       0.07      -0.20      -0.00       0.00       1.65      -0.00      -0.02       0.07       0.06      -0.00       0.02      -0.10      -0.18       0.00      -0.04       0.00       0.18      -0.13      -0.17       0.00      -0.01       0.00      -0.06       0.03      -0.05       0.00       0.18      -0.42       1.84 
       410        530        450     0.1000     0.1700     0.1300 3.6493E-01       1.80      -1.80       2.50     -0.12     -0.00       0.08       0.19      -0.00      -0.00       0.00       1.11      -0.00       0.85      -0.00       2.00      -0.00       0.07      -0.07      -0.01       0.00       0.44      -0.00       0.16      -0.09       0.04      -0.00      -0.01       0.02      -0.02       0.00       0.02      -0.01       0.02      -0.00       1.84 
       410        530        450     0.1700     0.3000     0.2500 2.5721E-01       1.96      -1.96       2.71     -0.39     -0.02       0.05       0.19      -0.00      -0.00       0.00       2.52      -0.00      -0.07       0.72      -0.05       0.00       0.05      -0.00      -0.01       0.00      -0.24       0.00       0.16      -0.11       0.00      -0.00       0.64      -0.00      -0.04       0.09      -0.03       0.06      -0.27       0.00       1.84 
       530        710        650     0.0100     0.0170     0.0130 8.6521E-01       1.58      -1.58       2.82     -1.73      0.01      -0.00       0.43      -0.00      -0.33       0.36       2.35      -0.00      -0.03       0.00      -0.79       0.00       1.45      -1.38      -0.06       0.02      -0.12       0.00       0.07      -0.05      -0.53       0.21       0.02      -0.01       0.12      -0.03       0.08      -0.00      -0.11       0.00       1.84 
       530        710        650     0.0170     0.0250     0.0210 7.3520E-01       1.97      -1.97       1.08     -1.09     -0.05       0.09       0.29      -0.00      -0.00       0.00      -0.01       0.00       0.03      -0.00       0.01      -0.00       1.01      -0.97       0.07      -0.00      -0.08       0.00       0.06      -0.05      -0.48       0.12       0.04      -0.00      -0.05       0.07       0.04      -0.00       0.07      -0.00       1.84 
       530        710        650     0.0250     0.0370     0.0320 6.0906E-01       2.21      -2.21       2.40     -0.85     -0.16       0.11      -0.19       0.00      -0.03       0.03       1.22      -0.00       0.00      -0.01       1.90      -0.00       0.74      -0.74       0.07      -0.05       0.01      -0.00       0.05      -0.05      -0.19       0.15      -0.00       0.02      -0.03       0.08      -0.00       0.03       0.27      -0.24       1.84 
       530        710        650     0.0370     0.0600     0.0500 5.1175E-01       2.22      -2.22       0.65     -0.69     -0.18       0.14      -0.22       0.00      -0.00       0.00       0.30      -0.00      -0.03       0.00       0.18      -0.00       0.51      -0.50      -0.03       0.00      -0.32       0.00       0.07      -0.04       0.14      -0.00      -0.01       0.00      -0.07       0.03      -0.02       0.00      -0.19       0.08       1.84 
       530        710        650     0.0600     0.1000     0.0800 4.3359E-01       2.35      -2.35       0.50     -0.74     -0.13       0.16      -0.43       0.00      -0.00       0.00       0.29      -0.00      -0.03       0.03       0.02      -0.00       0.33      -0.33       0.06      -0.00      -0.03       0.00       0.11      -0.04       0.07      -0.00       0.04      -0.00       0.03      -0.00       0.03      -0.00      -0.49       0.00       1.84 
       530        710        650     0.1000     0.1700     0.1300 3.3503E-01       2.50      -2.50       2.83     -0.25     -0.09       0.12       0.11      -0.00      -0.00       0.00       1.38      -0.00       0.07      -0.01       2.45      -0.00       0.24      -0.20      -0.05       0.00       0.16      -0.00       0.03      -0.02      -0.10       0.00      -0.00       0.03      -0.01       0.04       0.02      -0.04       0.07      -0.00       1.84 
       530        710        650     0.1700     0.3000     0.2500 2.3832E-01       2.62      -2.62       1.42     -1.15     -0.20       0.17      -0.04       0.27      -0.00       0.00       1.28      -0.00      -0.06       0.00       0.49      -0.00       0.17      -0.22      -0.10       0.00      -0.66       0.00       0.04      -0.07      -0.04       0.00      -0.87       0.00       0.04      -0.00      -0.00       0.02      -0.08       0.03       1.84 
       710        900        800     0.0090     0.0170     0.0130 8.3580E-01       1.99      -1.99       3.27     -1.59     -0.27       0.28      -0.27       0.19      -0.81       0.78       2.60      -0.00       0.18      -0.00       0.49      -0.00       1.48      -1.25       0.39      -0.00       0.06      -0.00       0.16      -0.00      -0.51       0.08      -0.04       0.00       0.48      -0.20       0.10      -0.00       0.11      -0.00       1.84 
       710        900        800     0.0170     0.0250     0.0210 7.4057E-01       2.39      -2.39       1.18     -1.36     -0.06       0.07       0.03      -0.08      -0.09       0.09      -0.11       0.00      -0.02       0.00      -0.38       0.00       1.14      -1.15      -0.01       0.07      -0.33       0.00       0.05      -0.08      -0.40       0.00       0.01      -0.02      -0.10       0.06       0.00      -0.03       0.24      -0.21       1.84 
       710        900        800     0.0250     0.0370     0.0320 6.0978E-01       2.40      -2.40       1.18     -1.04     -0.08       0.10       0.09      -0.03      -0.23       0.29       0.39      -0.00       0.09      -0.00      -0.42       0.00       0.95      -0.87      -0.05       0.00      -0.10       0.00       0.16      -0.02      -0.12       0.17       0.01      -0.00      -0.08       0.05       0.15      -0.00      -0.25       0.37       1.84 
       710        900        800     0.0370     0.0600     0.0500 5.1407E-01       2.26      -2.26       2.00     -0.88     -0.11       0.18       0.40      -0.20      -0.03       0.03       0.77      -0.00       0.02      -0.00       1.64      -0.00       0.74      -0.75       0.02      -0.04      -0.12       0.00       0.07      -0.01      -0.32       0.01       0.01      -0.02      -0.04       0.08       0.04      -0.00      -0.05       0.04       1.84 
       710        900        800     0.0600     0.1000     0.0800 4.5423E-01       2.38      -2.38       0.66     -0.95     -0.16       0.10      -0.26       0.00      -0.00       0.00      -0.12       0.00      -0.04       0.00      -0.33       0.00       0.64      -0.73      -0.25       0.00       0.11      -0.00       0.03      -0.07      -0.06       0.04      -0.03       0.00      -0.04       0.00      -0.08       0.00      -0.28       0.00       1.84 
       710        900        800     0.1000     0.1700     0.1300 3.4429E-01       2.69      -2.69       2.05     -0.60     -0.05       0.13       0.38      -0.00      -0.00       0.00       1.75      -0.00       0.01      -0.00       0.69      -0.00       0.63      -0.60       0.02      -0.02       0.22      -0.00       0.08      -0.00       0.25      -0.00       0.05      -0.00      -0.03       0.03      -0.02       0.04       0.02      -0.04       1.84 
       710        900        800     0.1700     0.3000     0.2500 2.4287E-01       3.00      -3.00       3.13     -0.97     -0.12       0.09      -0.55       0.49      -0.00       0.00       2.32      -0.00       0.04      -0.01       1.95      -0.00       0.60      -0.56      -0.03       0.00      -0.08       0.00       0.13      -0.05      -0.54       0.01      -0.06       0.00      -0.03       0.02       0.06      -0.00      -0.10       0.00       1.84 
       900       1300       1200     0.0100     0.0170     0.0140 8.1532E-01       2.53      -2.53       8.96     -3.06     -0.30       0.26      -0.51       0.08      -1.68       1.11       8.70      -0.00      -0.01       0.05      -1.24       0.00       1.36      -1.36      -0.14       0.95      -0.59       0.00      -0.10       0.00      -1.26       0.30       0.06      -0.00       1.07      -0.50      -0.02       0.08       0.23      -0.11       1.84 
       900       1300       1200     0.0170     0.0250     0.0210 7.3750E-01       2.36      -2.36       2.40     -1.49     -0.00       0.04       0.41      -0.51      -0.34       0.34       1.74      -0.00       0.02      -0.00       0.36      -0.00       1.34      -1.33       0.60      -0.00       0.07      -0.00       0.03      -0.04      -0.09       0.19       0.02      -0.00       0.13      -0.00       0.02      -0.00      -0.18       0.46       1.84 
       900       1300       1200     0.0250     0.0370     0.0320 6.2561E-01       2.32      -2.32       1.19     -1.34     -0.13       0.10       0.28      -0.00      -0.00       0.00       0.63      -0.00       0.01      -0.01      -0.63       0.00       0.95      -0.99      -0.09       0.00      -0.06       0.00       0.04      -0.05      -0.48       0.00       0.02      -0.00      -0.13       0.14      -0.00       0.04       0.00      -0.40       1.84 
       900       1300       1200     0.0370     0.0600     0.0500 5.1253E-01       2.13      -2.13       1.56     -0.88     -0.16       0.11       0.22      -0.23      -0.00       0.00       1.33      -0.00      -0.04       0.00       0.06      -0.00       0.76      -0.79       0.05      -0.00       0.03      -0.00       0.03      -0.06      -0.21       0.00      -0.02       0.00      -0.08       0.06      -0.01       0.04      -0.15       0.00       1.84 
       900       1300       1200     0.0600     0.1000     0.0800 4.2286E-01       2.22      -2.22       1.20     -0.74     -0.11       0.15       0.10      -0.00      -0.03       0.03       0.93      -0.00       0.02      -0.02       0.02      -0.00       0.72      -0.67      -0.00       0.03      -0.18       0.00       0.05      -0.01      -0.16       0.10       0.01      -0.02      -0.05       0.03      -0.01       0.00      -0.18       0.01       1.84 
       900       1300       1200     0.1000     0.1700     0.1300 3.5158E-01       2.33      -2.33       0.88     -0.78     -0.12       0.13       0.39      -0.03      -0.00       0.00       0.26      -0.00      -0.01       0.02       0.25      -0.00       0.65      -0.61      -0.01       0.02       0.05      -0.00       0.07      -0.04       0.22      -0.00      -0.02       0.00      -0.03       0.03       0.03      -0.00      -0.47       0.00       1.84 
       900       1300       1200     0.1700     0.3000     0.2500 2.4739E-01       2.62      -2.62       0.73     -0.77     -0.17       0.08       0.26      -0.00      -0.00       0.00      -0.18       0.00      -0.09       0.00      -0.29       0.00       0.51      -0.62      -0.04       0.00       0.31      -0.00       0.05      -0.06       0.31      -0.19      -0.03       0.00      -0.07       0.00      -0.03       0.00      -0.04       0.00       1.84 
       900       1300       1200     0.3000     0.5300     0.4000 1.2925E-01       4.00      -4.00       1.09     -1.13     -0.16       0.18       0.34      -0.00      -0.00       0.00       0.53      -0.00      -0.03       0.00       0.02      -0.00       0.56      -0.55      -0.01       0.01       0.16      -0.00       0.06      -0.01       0.27      -0.00      -0.97       0.00      -0.12       0.00      -0.01       0.04       0.58      -0.00       1.84 
      1300       1800       1500     0.0170     0.0250     0.0210 7.2401E-01       3.35      -3.35      11.87     -1.95     -0.06       0.07      -0.35       0.06      -0.97       0.97      11.63      -0.00      -0.10       0.00       1.36      -0.00       1.39      -1.41      -0.62       0.00      -0.15       0.00       0.06      -0.04       0.42      -0.00      -0.03       0.00       0.75      -0.44      -0.04       0.00       0.09      -0.35       1.84 
      1300       1800       1500     0.0250     0.0370     0.0320 5.8297E-01       3.25      -3.25       4.53     -1.15     -0.03       0.00       0.28      -0.13      -0.17       0.05       4.32      -0.00      -0.08       0.00       0.27      -0.00       1.09      -1.16       0.50      -0.00      -0.07       0.00      -0.11       0.00      -0.12       0.28      -0.10       0.00      -0.10       0.07       0.02      -0.02       0.06      -0.21       1.84 
      1300       1800       1500     0.0370     0.0600     0.0500 5.3238E-01       2.77      -2.77       1.00     -1.74     -0.15       0.09       0.37      -0.00      -0.04       0.04      -0.70       0.00      -0.07       0.00      -1.25       0.00       0.83      -0.84      -0.11       0.00      -0.10       0.00       0.04      -0.06      -0.25       0.37      -0.03       0.00      -0.14       0.07      -0.04       0.01      -0.34       0.13       1.84 
      1300       1800       1500     0.0600     0.1000     0.0800 4.4616E-01       2.77      -2.77       1.05     -0.95     -0.13       0.16       0.06      -0.27      -0.00       0.00       0.52      -0.00       0.04      -0.00       0.36      -0.00       0.72      -0.67      -0.01       0.02      -0.34       0.00       0.07      -0.02      -0.50       0.23       0.04      -0.00      -0.01       0.09       0.05      -0.00       0.30      -0.00       1.84 
      1300       1800       1500     0.1000     0.1500     0.1300 3.7273E-01       3.33      -3.33       0.98     -0.93     -0.10       0.13      -0.57       0.00      -0.05       0.02      -0.11       0.00       0.07      -0.00      -0.55       0.00       0.70      -0.60       0.07      -0.00      -0.05       0.00       0.11      -0.02      -0.21       0.14       0.06      -0.00      -0.07       0.13       0.09      -0.00       0.26      -0.00       1.84 
      1300       1800       1500     0.1500     0.2300     0.1800 3.0578E-01       3.56      -3.56       1.12     -0.81     -0.15       0.11       0.44      -0.18      -0.00       0.00       0.63      -0.00      -0.06       0.00       0.41      -0.00       0.53      -0.64      -0.07       0.03      -0.12       0.00       0.02      -0.02       0.46      -0.00      -0.08       0.01      -0.06       0.01      -0.03       0.04      -0.40       0.00       1.84 
      1300       1800       1500     0.2300     0.3500     0.2500 2.4194E-01       4.35      -4.35       1.88     -0.68     -0.15       0.21       0.65      -0.24      -0.00       0.00       1.01      -0.00       0.02      -0.00       1.05      -0.00       0.55      -0.54      -0.10       0.00      -0.13       0.00       0.06      -0.03      -0.16       0.00       0.05      -0.00       0.01      -0.00      -0.19       0.00       0.80      -0.00       1.84 
      1300       1800       1500     0.3500     0.5300     0.4000 1.1875E-01       6.31      -6.31       1.97     -2.90     -0.22       0.33       0.66      -0.00      -0.00       0.00      -1.12       0.00       0.15      -0.00      -2.05       0.00       0.67      -0.47       0.07      -0.00      -0.09       0.00       0.09      -0.00       0.10      -0.15       1.67      -1.56       0.15      -0.00       0.07      -0.00      -0.43       0.00       1.84 
      1800       2500       2000     0.0230     0.0370     0.0320 5.9360E-01       3.84      -3.84      10.89     -2.04     -0.02       0.12      -0.87       0.77      -0.88       0.88      10.56      -0.00      -0.02       0.02       1.10      -0.00       1.41      -1.43       1.29      -0.00      -0.62       0.00       0.06      -0.02       0.40      -0.00       0.01      -0.00       0.65      -0.29       0.03      -0.00      -0.32       0.18       1.84 
      1800       2500       2000     0.0370     0.0600     0.0500 4.9537E-01       3.56      -3.56       2.02     -1.27     -0.15       0.16       0.48      -0.22       0.12      -0.00       1.72      -0.00       0.10      -0.06       0.25      -0.00       1.00      -0.97       0.19      -0.18       0.04      -0.00       0.09      -0.01       0.43      -0.00       0.10      -0.05      -0.03       0.12       0.16      -0.00       0.19      -0.23       1.84 
      1800       2500       2000     0.0600     0.1000     0.0800 4.7410E-01       3.27      -3.27       0.90     -1.09     -0.09       0.15       0.40      -0.00      -0.06       0.06      -0.25       0.00       0.02      -0.00      -0.63       0.00       0.76      -0.73      -0.02       0.13      -0.25       0.00       0.06      -0.00      -0.31       0.00       0.03      -0.00      -0.05       0.14       0.04      -0.00      -0.05       0.02       1.84 
      1800       2500       2000     0.1000     0.1500     0.1300 3.5173E-01       4.07      -4.07       1.55     -0.89     -0.11       0.17       0.05      -0.05      -0.09       0.09       1.23      -0.00       0.03      -0.00       0.61      -0.00       0.68      -0.66      -0.23       0.00      -0.45       0.00       0.02      -0.00      -0.14       0.00       0.06      -0.00      -0.02       0.06      -0.02       0.06       0.09      -0.24       1.84 
      1800       2500       2000     0.1500     0.2300     0.1800 2.7274E-01       4.48      -4.48       0.98     -1.77     -0.19       0.12      -0.25       0.24      -0.00       0.00       0.70      -0.00      -0.06       0.00      -1.22       0.00       0.59      -0.64      -0.24       0.00      -0.22       0.00       0.01      -0.08      -0.56       0.21      -0.07       0.00      -0.09       0.00      -0.04       0.00      -0.84       0.00       1.84 
      1800       2500       2000     0.2300     0.3500     0.2500 2.4674E-01       5.08      -5.08       1.52     -2.31     -0.14       0.14      -0.62       0.10      -0.00       0.00       1.32      -0.00       0.02      -0.00      -2.10       0.00       0.61      -0.56       0.05      -0.00      -0.06       0.00      -0.00       0.00      -0.07       0.39       0.06      -0.00      -0.04       0.05       0.06      -0.00      -0.45       0.00       1.84 
      1800       2500       2000     0.3500     0.5300     0.4000 1.1931E-01       7.45      -7.45       2.38     -0.88     -0.24       0.24      -0.21       0.00      -0.00       0.00       1.98      -0.00      -0.01       0.00      -0.39       0.00       0.50      -0.57      -0.00       0.00       0.13      -0.00       0.08      -0.02       0.50      -0.19       0.77      -0.00      -0.03       0.03      -0.05       0.02      -0.41       0.77       1.84 
      2500       3500       3000     0.0370     0.0600     0.0500 4.9953E-01       4.48      -4.48       2.41     -2.02     -0.04       0.01       0.96      -0.02      -0.22       0.22       1.87      -0.00      -0.02       0.00      -1.50       0.00       1.18      -1.17      -0.40       0.11      -0.18       0.00       0.02      -0.04      -0.34       0.07      -0.02       0.00       0.18      -0.02      -0.01       0.01      -0.17       0.00       1.84 
      2500       3500       3000     0.0600     0.1000     0.0800 4.2920E-01       4.17      -4.17       1.04     -1.26     -0.11       0.11      -0.19       0.00      -0.00       0.00      -0.01       0.00      -0.05       0.00      -0.37       0.00       0.80      -0.81      -0.32       0.00      -0.03       0.00       0.01      -0.00      -0.79       0.35      -0.00       0.00      -0.11       0.13      -0.04       0.05       0.54      -0.00       1.84 
      2500       3500       3000     0.1000     0.1500     0.1300 3.6577E-01       4.72      -4.72       1.97     -1.45     -0.19       0.12       0.42      -0.45      -0.00       0.00      -1.10       0.00       0.01      -0.01       1.79      -0.00       0.67      -0.72      -0.06       0.07       0.14      -0.00       0.04      -0.03      -0.05       0.06      -0.02       0.00      -0.12       0.07      -0.04       0.01      -0.30       0.00       1.84 
      2500       3500       3000     0.1500     0.2300     0.1800 2.7626E-01       5.30      -5.30       2.49     -1.88     -0.18       0.16      -1.53       0.15      -0.00       0.00       0.57      -0.00      -0.04       0.00       2.29      -0.00       0.62      -0.63      -0.04       0.00       0.15      -0.00       0.03      -0.05      -0.77       0.40      -0.02       0.00      -0.05       0.04      -0.03       0.02      -0.38       0.00       1.84 
      2500       3500       3000     0.2300     0.3500     0.2500 2.4319E-01       5.91      -5.91       0.71     -2.04     -0.11       0.15      -0.97       0.00      -0.00       0.00      -1.52       0.00       0.01      -0.00      -0.28       0.00       0.65      -0.58       0.02      -0.00       0.18      -0.00       0.02      -0.00      -0.69       0.00       0.09      -0.00      -0.01       0.07       0.05      -0.00       0.07      -0.00       1.84 
      2500       3500       3000     0.3500     0.5300     0.4000 1.2117E-01       8.87      -8.87       3.01     -3.70     -0.33       0.23      -0.16       0.00      -0.00       0.00       2.96      -0.00      -0.11       0.00      -3.56       0.00       0.46      -0.67      -0.06       0.00       0.10      -0.00      -0.06       0.00      -0.45       0.00      -0.12       0.00      -0.12       0.00      -0.10       0.00      -0.41       0.11       1.84 
      2500       3500       3000     0.5300     0.7500     0.6500 1.4773E-02      26.93     -21.65       8.83     -1.81     -0.03       0.55       1.83      -1.69      -0.00       0.00       1.17      -0.00       0.07      -0.00       1.92      -0.00       0.67      -0.51       0.17      -0.00       0.16      -0.00       0.25      -0.00       0.34      -0.10       6.88      -0.06      -0.35       0.61       0.09      -0.00       4.57      -0.00       1.84 
      3500       5600       5000     0.0400     0.1000     0.0800 4.0502E-01       4.02      -4.02       4.10     -1.62     -0.16       0.16       0.00      -0.66      -0.32       0.32       3.89      -0.00      -0.02       0.00       0.18      -0.00       1.08      -1.08      -0.93       0.00      -0.12       0.00       0.02      -0.02       0.50      -0.00      -0.02       0.00       0.21      -0.06       0.00      -0.12      -0.06       0.18       1.84 
      3500       5600       5000     0.1000     0.1500     0.1300 3.2811E-01       5.39      -5.39       1.00     -1.34     -0.10       0.13      -0.44       0.00      -0.00       0.00      -0.05       0.00      -0.01       0.00      -0.72       0.00       0.75      -0.73       0.30      -0.00      -0.35       0.00       0.01      -0.04      -0.49       0.46       0.01      -0.01      -0.11       0.14      -0.02       0.06      -0.39       0.31       1.84 
      3500       5600       5000     0.1500     0.2300     0.1800 2.8603E-01       5.48      -5.48       0.80     -2.33     -0.15       0.13       0.30      -0.00      -0.00       0.00      -1.80       0.00      -0.03       0.00       0.08      -0.00       0.67      -0.66      -0.06       0.14      -0.09       0.00      -0.04       0.00       0.08      -0.10      -0.02       0.00      -0.10       0.08      -0.05       0.04       0.21      -1.30       1.84 
      3500       5600       5000     0.2300     0.3500     0.2500 2.1493E-01       6.57      -6.57       1.00     -1.14     -0.15       0.09      -0.66       0.38      -0.00       0.00       0.67      -0.00      -0.05       0.00      -0.05       0.00       0.61      -0.63      -0.39       0.00       0.18      -0.00      -0.06       0.00      -0.14       0.00      -0.04       0.00      -0.07       0.03      -0.03       0.05      -0.52       0.00       1.84 
      3500       5600       5000     0.3500     0.5300     0.4000 1.3493E-01       8.54      -8.54       1.61     -1.59     -0.20       0.28       1.43      -0.00      -0.00       0.00       0.29      -0.00       0.01      -0.00      -1.37       0.00       0.58      -0.57      -0.01       0.06       0.19      -0.00      -0.05       0.00      -0.25       0.00       0.04      -0.02      -0.10       0.06      -0.04       0.07      -0.48       0.02       1.84 
      5600       9000       8000     0.0700     0.1500     0.1300 3.1171E-01       6.01      -6.01       3.62     -3.14     -0.12       0.13      -2.70       0.45      -0.00       0.00       3.00      -0.00       0.02      -0.00       1.58      -0.00       0.99      -0.96      -1.23       0.00      -0.29       0.00       0.01      -0.00       0.32      -0.00       0.02      -0.00       0.08      -0.00       0.06      -0.00       0.51      -0.00       1.84 
      5600       9000       8000     0.1500     0.2300     0.1800 2.3880E-01       7.88      -7.88       0.79     -2.80     -0.11       0.12      -0.95       0.00      -0.00       0.00      -1.72       0.00       0.01      -0.00      -1.76       0.00       0.72      -0.70      -0.25       0.00      -0.31       0.00       0.03      -0.00      -0.28       0.00       0.02      -0.00      -0.14       0.12      -0.01       0.07      -0.36       0.25       1.84 
      5600       9000       8000     0.2300     0.3500     0.2500 2.1297E-01       8.57      -8.57       1.85     -2.23     -0.12       0.16       0.47      -0.00      -0.00       0.00      -0.91       0.00       0.03      -0.00      -1.46       0.00       0.67      -0.62       1.41      -0.00      -1.19       0.00       0.06      -0.00      -0.42       0.00       0.02      -0.00      -0.05       0.09      -0.01       0.09       0.84      -0.00       1.84 
      5600       9000       8000     0.3500     0.5300     0.4000 1.0383E-01      12.31     -12.31       3.30     -2.61     -0.23       0.20      -1.47       1.52      -0.00       0.00       2.64      -0.00       0.02      -0.00      -1.65       0.00       0.60      -0.58      -0.05       0.19       0.24      -0.00      -0.00       0.02      -1.22       0.00       0.01      -0.00      -0.03       0.08      -0.01       0.07       1.06      -0.00       1.84 
      5600       9000       8000     0.5300     0.7500     0.6500 1.7380E-02      33.06     -25.53       9.65     -7.92     -0.85       0.44      -4.41       0.00      -0.00       0.00       7.17      -0.00      -0.06       0.00      -1.10       0.00       0.67      -0.48       0.02      -0.00       0.31      -0.00      -0.19       0.06      -6.40       0.00       0.04      -0.00      -0.41       0.41      -0.06       0.00       6.38      -0.00       1.84 
      9000      15000      12000     0.0900     0.2300     0.1800 1.9164E-01      10.26     -10.26       1.96     -1.98     -0.21       0.13       0.96      -0.32      -0.00       0.00      -0.19       0.00       0.00      -0.00       0.52      -0.00       0.92      -0.90       1.20      -1.56       0.61      -0.00      -0.01       0.00      -0.62       0.00       0.00      -0.00      -0.02       0.05      -0.01       0.04      -0.36       0.00       1.84 
      9000      15000      12000     0.2300     0.3500     0.2500 1.5241E-01      13.36     -13.36       1.61     -4.59     -0.11       0.10      -4.16       0.00      -0.00       0.00      -0.12       0.00      -0.01       0.00      -1.50       0.00       0.69      -0.68       1.38      -0.00       0.35      -0.00       0.01      -0.03       0.18      -0.01      -0.01       0.01      -0.17       0.14      -0.02       0.08      -0.98       0.00       1.84 
      9000      15000      12000     0.3500     0.5300     0.4000 1.1453E-01      15.08     -15.08       3.18     -3.87     -0.24       0.18       1.65      -0.00      -0.00       0.00       1.28      -0.00      -0.01       0.00      -1.93       0.00       0.61      -0.63      -0.21       0.54      -2.04       0.00      -0.07       0.00      -2.08       0.00      -0.01       0.00      -0.20       0.13       2.24      -0.00      -1.49       0.00       1.84 
     15000      25000      20000     0.1500     0.3500     0.2500 1.5379E-01      19.00     -16.15       7.78     -3.56     -0.24       0.26       1.99      -0.00      -0.00       0.00       6.15      -0.00      -0.00       0.00      -1.26       0.00       0.85      -0.83      -0.13       3.67      -1.90       0.00      -0.00       0.00      -1.89       2.11      -0.00       0.00      -0.08       0.21      -0.00       0.06      -1.78       0.00       1.84 
     15000      25000      20000     0.3500     0.7500     0.4000 6.3982E-02      33.06     -25.53       7.07    -18.44     -0.20       0.17     -11.57       4.63      -0.00       0.00     -10.65       0.00       0.00      -0.01      -0.52       0.00       0.66      -0.66       5.21      -3.30      -6.12       0.00       0.02      -0.02       0.28      -0.09      -0.01       0.00      -0.21       0.22      -6.59       0.00      -0.40       0.90       1.84 
     25000      50000      30000     0.2500     0.7500     0.4000 4.0161E-02      59.73     -39.67       2.82    -11.97     -0.31       0.34       2.27      -2.33      -0.00       0.00      -2.06       0.00       0.00      -0.00      -5.66       0.00       0.77      -0.76     -10.02       0.00       0.73      -0.00       0.00      -0.00       0.94      -0.61       0.00      -0.00      -0.33       0.30      -0.00       0.03      -0.33       0.79       1.84 
