1.
0.13	1.
0.26	0.48	1.
0.42	0.24	0.36	1.
0.23	0.47	0.46	0.33	1.
0.17	0.53	0.46	0.28	0.46	1.
0.29	0.42	0.45	0.38	0.42	0.41	1.
0.11	0.27	0.26	0.15	0.23	0.23	0.22	1.
0.60	0.48	0.42	0.22	0.41	0.45	0.37	0.22	1.	 	
0.45	0.34	0.20	0.46	0.17	0.06	0.25	0.06	0.03	1.	
0.44	0.16	0.64	0.49	0.28	0.20	0.34	0.11	0.15	0.52	1.	
0.10	0.59	0.48	0.48	0.49	0.56	0.41	0.26	0.50	-0.04	0.12	1.
0.45	0.02	0.21	0.21	0.47	0.07	0.26	0.07	0.03	0.58	0.53	-0.03	1.
0.46	-0.09	0.12	0.12	0.46	0.09	0.19	0.01	-0.06	0.61	0.53	-0.15	0.62	1.
0.43	0.21	0.35	0.35	0.48	0.31	0.24	0.17	0.20	0.49	0.50	0.18	0.50	0.49	1.
0.20	0.15	0.21	0.21	0.24	0.19	0.15	0.21	0.14	0.22	0.24	0.13	0.23	0.2	0.25	1.
