   20.0000000000    1.0000000000    2.8571429253    0.1206630990    0.0026734672    0.0060937661    0.0066544279
   20.0000000000    3.0000000000    0.9523809552    0.2567394674    0.0035414873    0.0042531365    0.0055345553
   20.0000000000    5.0000000000    0.5714285970    0.2719196379    0.0037492055    0.0022766322    0.0043862965
   20.0000000000    7.0000000000    0.4081632793    0.2425806522    0.0033808944    0.0022809925    0.0040784036
   20.0000000000    9.0000000000    0.3174603283    0.2160631865    0.0033424045    0.0019782186    0.0038839434
   20.0000000000   11.5000000000    0.2484472096    0.1721159965    0.0023777848    0.0016039112    0.0028681688
   20.0000000000   14.5000000000    0.1970443279    0.1397848278    0.0021590891    0.0011875953    0.0024641526
   20.0000000000   18.0000000000    0.1587301642    0.1078411043    0.0015729991    0.0009115569    0.0018180379
   20.0000000000   22.5000000000    0.1269841343    0.0820875764    0.0011588810    0.0008131265    0.0014156905
   20.0000000000   27.5000000000    0.1038961038    0.0606758483    0.0010208745    0.0007531552    0.0012686321
   20.0000000000   33.5000000000    0.0852878466    0.0445050932    0.0007102216    0.0005367679    0.0008902441
   20.0000000000   41.0000000000    0.0696864128    0.0317630880    0.0005590698    0.0004077293    0.0006919554
   20.0000000000   50.0000000000    0.0571428575    0.0217635203    0.0004171590    0.0003879678    0.0005696847
   20.0000000000   60.0000000000    0.0476190485    0.0148103852    0.0003545691    0.0003194652    0.0004772601
   20.0000000000   70.0000000000    0.0408163257    0.0100432439    0.0003150365    0.0002746514    0.0004179490
   20.0000000000   80.0000000000    0.0357142873    0.0072547034    0.0002792234    0.0002061405    0.0003470729
   20.0000000000   95.0000000000    0.0300751887    0.0048791538    0.0001406566    0.0001450306    0.0002020351
   20.0000000000  127.5000000000    0.0224089641    0.0021250651    0.0000555214    0.0000566008    0.0000792861
   20.0000000000  175.0000000000    0.0163265299    0.0006599060    0.0000284794    0.0000118377    0.0000308416
   20.0000000000  550.0000000000    0.0051948051    0.0000256951    0.0000012827    0.0000004654    0.0000013645
