 1.00	 0.12	 0.16	 0.08	 0.00	 0.00	-0.28	 0.00	 0.00	 0.00	 0.00	-0.15	 0.00	 0.00	 0.00	-0.08     0.00    0.00   0.00     0.02     0.00   0.00   0.00    0.00
 0.12	 1.00	 0.14	 0.04	 0.00	 0.00	 0.00	-0.41	 0.00	 0.00	 0.00	 0.00	-0.09	 0.00	 0.00	 0.00	 -0.20	  0.00	 0.00	  0.00	   0.00	  0.02	 0.00	 0.00
 0.16	 0.14	 1.00	 0.05	 0.00	 0.00	 0.00	 0.00	-0.21	 0.02	 0.00	 0.00	 0.00	-0.11	 0.00	 0.00	  0.00	 -0.02	 0.02	  0.00	   0.00	  0.00	 0.00	 0.00
 0.08	 0.04	 0.05	 1.00	 0.00	 0.00	 0.06	 0.05	 0.03	-0.32	 0.00	 0.05	 0.00	 0.02	 0.00	 0.00	  0.00	  0.00	 0.02	  0.02	  -0.02	  0.00	 0.00	 0.00
 0.00	 0.00	 0.00	 0.00	 1.00	 0.00	 0.00	 0.00	 0.00	 0.00	 0.00	 0.00	 0.00	 0.00	-0.02	-0.02	  0.00	  0.00	 0.00	  0.00	   0.00	  0.00	 0.00	 0.00
 0.00	 0.00	 0.00	 0.00	 0.00	 1.00	 0.00	 0.00	 0.00	 0.00	-0.54	 0.00	 0.00	 0.00	 0.00	 0.00	  0.00	  0.00	 0.00	  0.00	   0.00	  0.00	 0.00	 0.00
-0.28	 0.00	 0.00	 0.06	 0.00	 0.00	 1.00	 0.03	 0.02	 0.00	 0.00	 0.03	 0.00	 0.00	 0.00	 0.02	  0.00	  0.00	 0.00	 -0.02	   0.00	  0.00	 0.00	 0.00
 0.00	-0.41	 0.00	 0.05	 0.00	 0.00	 0.03	 1.00	 0.00	 0.00	 0.00	 0.00	 0.00	 0.00	 0.00	 0.00	  0.00	  0.00	 0.00	  0.00	  -0.02	  0.00	 0.00	 0.00
 0.00	 0.00	-0.21	 0.03	 0.00	 0.00	 0.02	 0.00	 1.00	-0.03	 0.00	 0.00	 0.00	 0.00	 0.00	 0.00	  0.00	  0.00	 0.00	  0.00	   0.00	  0.00	 0.00	 0.00 
 0.00	 0.00	 0.02	-0.32	 0.00	 0.00	 0.00	 0.00	-0.03	 1.00	 0.00	 0.00	 0.00	 0.00	 0.00	 0.00	  0.02	  0.00	 0.00	  0.00	   0.02	  0.00	 0.00	 0.00
 0.00	 0.00	 0.00	 0.00	 0.00	-0.54	 0.00	 0.00	 0.00	 0.00	 1.00	 0.00	 0.00	 0.00	 0.00	 0.00	  0.00	  0.00	 0.00	  0.00	   0.00	  0.00	 0.00	 0.00
-0.15	 0.00	 0.00	 0.05	 0.00	 0.00	 0.03	 0.00	 0.00	 0.00	 0.00	 1.00	 0.00	 0.00	 0.00	-0.20	  0.00	  0.00	 0.00	 -0.08	   0.00	  0.00	 0.00	 0.00
 0.00	-0.09	 0.00	 0.00	 0.00	 0.00	 0.00	 0.00	 0.00	 0.00	 0.00	 0.00	 1.00	 0.00	 0.00	 0.00	 -0.30	  0.00	 0.00	  0.00	   0.00	  0.00	 0.00	 0.00
 0.00	 0.00	-0.11	 0.02	 0.00	 0.00	 0.00	 0.00	 0.00	 0.00	 0.00	 0.00	 0.00	 1.00	 0.00	 0.00	  0.00	 -0.05	 0.00	  0.00	   0.00	  0.00	 0.00	 0.00
 0.00	 0.00	 0.00	 0.00	-0.02	 0.00	 0.00	 0.00	 0.00	 0.00	 0.00	 0.00	 0.00	 0.00	 1.00	 0.00	  0.00	  0.00	-0.03	  0.00	   0.00	  0.00	 0.00	 0.00
-0.08	 0.00	 0.00	 0.00	-0.02	 0.00	 0.02	 0.00	 0.00	 0.00	 0.00	-0.20	 0.00	 0.00	 0.00	 1.00	  0.00	  0.00	 0.00	 -0.03	   0.00	  0.00	 0.00	 0.00
 0.00	-0.20	 0.00	 0.00	 0.00	 0.00	 0.00	 0.00	 0.00	 0.02	 0.00	 0.00	-0.30	 0.00	 0.00	 0.00	  1.00	  0.00	 0.00	  0.00	  -0.02   0.00	 0.00	 0.00
 0.00	 0.00	-0.02	 0.00	 0.00	 0.00	 0.00	 0.00	 0.00	 0.00	 0.00	 0.00	 0.00	-0.05	 0.00	 0.00	  0.00	  1.00	 0.00	  0.00	   0.00	  0.00	 0.00	 0.00
 0.00	 0.00	 0.02	 0.02	 0.00	 0.00	 0.00	 0.00	 0.00	 0.00	 0.00	 0.00	 0.00	 0.00	-0.03	 0.00	  0.00	  0.00	 1.00	  0.00	   0.00	  0.00	 0.00	 0.00
 0.02	 0.00	 0.00	 0.02	 0.00	 0.00	-0.02	 0.00	 0.00	 0.00	 0.00	-0.08	 0.00	 0.00	 0.00	-0.03	  0.00	  0.00	 0.00	  1.00	   0.00	  0.05	 0.04	 0.00
 0.00	 0.00	 0.00	-0.02	 0.00	 0.00	 0.00	-0.02	 0.00	 0.02	 0.00	 0.00	 0.00	 0.00	 0.00	 0.00	 -0.02	  0.00	 0.00	  0.00	   1.00	 -0.08	 0.00	-0.04
 0.00	 0.02	 0.00	 0.00	 0.00	 0.00	 0.00	 0.00	 0.00	 0.00	 0.00	 0.00	 0.00	 0.00	 0.00	 0.00	  0.00	  0.00	 0.00	  0.05	  -0.08   1.00	 0.03	-0.42
 0.00	 0.00	 0.00	 0.00	 0.00	 0.00	 0.00	 0.00	 0.00	 0.00	 0.00	 0.00	 0.00	 0.00	 0.00	 0.00	  0.00	  0.00	 0.00	  0.04	   0.00	  0.03	 1.00	 0.00
 0.00	 0.00	 0.00	 0.00	 0.00	 0.00	 0.00	 0.00	 0.00	 0.00	 0.00	 0.00	 0.00	 0.00	 0.00	 0.00	  0.00	  0.00	 0.00	  0.00	  -0.04  -0.42	 0.00	 1.00
