1.397312000000000033e-02 6.039326000000000416e-01 2.328649000000000058e+01 1.310384579635470448e-01 1.431599300427516611e-02 4.115447530320000095e-03
1.915054000000000062e-02 5.618267999999999596e-01 2.622875000000000156e+01 9.391940764485036397e-02 7.988438346815781438e-03 2.989459309460000026e-03
2.626010999999999970e-02 5.236423000000000050e-01 2.940217000000000169e+01 6.620885768299243634e-02 4.301686628809422812e-03 2.696840268319999727e-03
3.605036999999999825e-02 4.753079000000000054e-01 3.294814000000000220e+01 4.953792798056869118e-02 2.361062915201250431e-03 1.825460395780000022e-03
4.939149000000000317e-02 4.224644000000000177e-01 3.592998000000000047e+01 2.460224970727893645e-02 1.338514786472173044e-03 9.347265977400000562e-04
6.754799000000000220e-02 3.643326000000000064e-01 3.874253999999999820e+01 1.628157264509793450e-02 7.805903443048336186e-04 4.959166309759999646e-04
9.257347000000000492e-02 3.044205999999999857e-01 4.092029000000000138e+01 9.491831591163712653e-03 4.606292523536729489e-04 2.549716151700000049e-04
9.349246999999999419e-02 5.722205000000000208e-01 1.896704000000000008e+02 8.813910303746787592e-03 7.510268684972107962e-04 1.578200654087999889e-04
1.270656000000000008e-01 2.461617000000000111e-01 4.228631000000000029e+01 5.659116494925575842e-03 2.779122260151525620e-04 1.620864356467999993e-04
1.280476000000000114e-01 5.174212999999999729e-01 2.123656000000000006e+02 5.130719849886915783e-03 3.751869537061008095e-04 1.806369997601000069e-04
1.746289000000000036e-01 1.933571000000000040e-01 4.339280000000000115e+01 3.217868811982744527e-03 1.703053596321388915e-04 7.179475428059999931e-05
1.757865999999999873e-01 4.505319999999999880e-01 2.353979999999999961e+02 2.577229419815432743e-03 1.915712841445503360e-04 1.762243717064999968e-04
2.394508999999999943e-01 1.493377999999999928e-01 4.414385999999999655e+01 1.840650340675225975e-03 1.023395226718487242e-04 6.927250684560000568e-06
2.405199000000000087e-01 3.880584000000000255e-01 2.598485999999999763e+02 1.554543546216526680e-03 9.843133660576679894e-05 8.084431637099999542e-05
3.271202000000000276e-01 1.141438000000000036e-01 4.481864999999999810e+01 8.776432553189667061e-04 5.807062924283387526e-05 3.908682075221999710e-05
3.281962999999999964e-01 3.206806999999999852e-01 2.777513999999999896e+02 5.772201502797366050e-04 4.888699719224554518e-05 2.318258444232000213e-05
4.454651000000000027e-01 8.626406999999999825e-02 4.477539999999999765e+01 3.976262177066716371e-04 3.276230637481731666e-05 2.572957128826000199e-05
4.455736000000000141e-01 2.607402999999999804e-01 2.936605999999999881e+02 2.696247586974283338e-04 2.528489326470925464e-05 1.570057387499999943e-05
