1.397312000000000033e-02 6.039326000000000416e-01 2.328649000000000058e+01 1.705634729642057090e-01 1.431599300427516611e-02 5.667927015660000067e-02
1.915054000000000062e-02 5.618267999999999596e-01 2.622875000000000156e+01 1.212605399618776614e-01 7.988438346815781438e-03 4.518672850639999378e-02
2.626010999999999970e-02 5.236423000000000050e-01 2.940217000000000169e+01 8.094072791793394117e-02 4.301686628809422812e-03 3.198155512309999726e-02
3.605036999999999825e-02 4.753079000000000054e-01 3.294814000000000220e+01 4.032468866643475203e-02 2.361062915201250431e-03 2.135101178643999953e-02
4.939149000000000317e-02 4.224644000000000177e-01 3.592998000000000047e+01 1.736265658590895045e-02 1.338514786472173044e-03 1.347783187679999981e-02
6.754799000000000220e-02 3.643326000000000064e-01 3.874253999999999820e+01 2.451273596867993565e-02 7.805903443048336186e-04 8.464624321919999791e-03
9.257347000000000492e-02 3.044205999999999857e-01 4.092029000000000138e+01 8.879235951204501529e-03 4.606292523536729489e-04 5.236138381199999942e-03
9.349246999999999419e-02 5.722205000000000208e-01 1.896704000000000008e+02 1.337169046232528254e-02 7.510268684972107962e-04 3.950036118792000193e-03
1.270656000000000008e-01 2.461617000000000111e-01 4.228631000000000029e+01 6.454026546861487378e-03 2.779122260151525620e-04 3.266601370439999909e-03
1.280476000000000114e-01 5.174212999999999729e-01 2.123656000000000006e+02 2.757065743846043304e-03 3.751869537061008095e-04 2.255867324477999966e-03
1.746289000000000036e-01 1.933571000000000040e-01 4.339280000000000115e+01 4.250491580198252628e-03 1.703053596321388915e-04 1.946177091716999987e-03
1.757865999999999873e-01 4.505319999999999880e-01 2.353979999999999961e+02 2.926915874510933706e-03 1.915712841445503360e-04 1.201552568267999976e-03
2.394508999999999943e-01 1.493377999999999928e-01 4.414385999999999655e+01 1.932110158346608732e-03 1.023395226718487242e-04 1.044621433352000035e-03
2.405199000000000087e-01 3.880584000000000255e-01 2.598485999999999763e+02 1.066682096045566469e-03 9.843133660576679894e-05 5.184836135150000091e-04
3.271202000000000276e-01 1.141438000000000036e-01 4.481864999999999810e+01 1.068491153499332791e-04 5.807062924283387526e-05 4.611528674370000427e-04
3.281962999999999964e-01 3.206806999999999852e-01 2.777513999999999896e+02 7.375937621642243485e-04 4.888699719224554518e-05 1.492382319630000198e-04
4.454651000000000027e-01 8.626406999999999825e-02 4.477539999999999765e+01 3.806216488470805974e-04 3.276230637481731666e-05 1.786751226477000128e-04
4.455736000000000141e-01 2.607402999999999804e-01 2.936605999999999881e+02 2.721291471279900444e-04 2.528489326470925464e-05 4.240572656249999677e-06
