1.009585999999999990e-02 4.334195000000000131e-01 6.600039999999999907e+00 3.284114332542578674e-01 3.264530762420217447e-02 2.351551476358000256e-02
1.020002000000000061e-02 6.394606999999999930e-01 2.038657999999999859e+01 4.336399175411978502e-01 3.944517951830002478e-02 3.028556900754000164e-02
1.385725999999999972e-02 3.727987999999999857e-01 6.671756000000000242e+00 2.232414294772503138e-01 1.946276417870518999e-02 6.265199847860000032e-03
1.397312000000000033e-02 6.039326000000000416e-01 2.328649000000000058e+01 3.094884002189531302e-01 2.036602551210466711e-02 1.687628184493999983e-02
1.898096999999999979e-02 3.193061999999999845e-01 6.775370999999999810e+00 1.716941972005705530e-01 1.189700813530704740e-02 1.557445767639999926e-03
1.915054000000000062e-02 5.618267999999999596e-01 2.622875000000000156e+01 2.034347371251041536e-01 1.135999855739596928e-02 6.416816713410000012e-03
2.606309000000000056e-02 2.598013000000000128e-01 6.829996000000000400e+00 1.101682335635302823e-01 7.403400525389789051e-03 2.826226130700000127e-03
2.626010999999999970e-02 5.236423000000000050e-01 2.940217000000000169e+01 1.339054342700156941e-01 6.064389722983918284e-03 6.154616110499999682e-04
3.586107000000000183e-02 2.120533000000000001e-01 6.879069999999999574e+00 5.528273632657845771e-02 4.631643697194307886e-03 3.868916616749000417e-03
3.605036999999999825e-02 4.753079000000000054e-01 3.294814000000000220e+01 8.709321655842847121e-02 3.345928575581935596e-03 1.753277911129999924e-03
4.915519000000000138e-02 1.674470999999999876e-01 6.883763000000000076e+00 3.655091608325271302e-02 2.953598345790345130e-03 3.114371965352999688e-03
4.939149000000000317e-02 4.224644000000000177e-01 3.592998000000000047e+01 5.460642132146546063e-02 1.893233055513863713e-03 1.563565528329000174e-03
6.732016999999999862e-02 1.313385999999999998e-01 6.878554000000000279e+00 2.546683818669496363e-02 1.889693932463855277e-03 3.143578043849999757e-03
6.754799000000000220e-02 3.643326000000000064e-01 3.874253999999999820e+01 3.276457395814934281e-02 1.097197336968982941e-03 1.439518838783999813e-03
6.842847999999999986e-02 6.236407999999999952e-01 1.706921000000000106e+02 3.164266745198739822e-02 2.280779858647143978e-03 1.171144992380999906e-03
9.246859999999999802e-02 9.752035000000000564e-02 6.896946999999999939e+00 1.802143761061115665e-02 1.224514118295258035e-03 2.710576293479999982e-03
9.257347000000000492e-02 3.044205999999999857e-01 4.092029000000000138e+01 1.888967111288541653e-02 6.509603368258269022e-04 1.394701434000000144e-03
9.349246999999999419e-02 5.722205000000000208e-01 1.896704000000000008e+02 1.716548555459308442e-02 1.065489731321670299e-03 1.294208840744000060e-03
1.268797000000000119e-01 7.388883000000000256e-02 6.876201000000000008e+00 1.021201734305103928e-02 8.211025257135499359e-04 2.316179413564000127e-03
1.270656000000000008e-01 2.461617000000000111e-01 4.228631000000000029e+01 1.369582452414314089e-02 3.933341881619493584e-04 1.358210247810000054e-03
1.280476000000000114e-01 5.174212999999999729e-01 2.123656000000000006e+02 8.483102374911491786e-03 5.302661369334780604e-04 9.853983978500000830e-04
1.743129999999999957e-01 5.441390000000000116e-02 6.917296999999999585e+00 8.255476247642778986e-03 5.428541957654757196e-04 1.811300930020000094e-03
1.746289000000000036e-01 1.933571000000000040e-01 4.339280000000000115e+01 5.414138213264629677e-03 2.406102467315766999e-04 9.899011310699999677e-04
1.757865999999999873e-01 4.505319999999999880e-01 2.353979999999999961e+02 5.324286615486648749e-03 2.726364882159294724e-04 6.921439034150000252e-04
2.394508999999999943e-01 1.493377999999999928e-01 4.414385999999999655e+01 2.982880645092622369e-03 1.449111058678735858e-04 5.764166138250000028e-04
2.405199000000000087e-01 3.880584000000000255e-01 2.598485999999999763e+02 2.896668575774679916e-03 1.386919968259176579e-04 2.926199423699999986e-04
3.271202000000000276e-01 1.141438000000000036e-01 4.481864999999999810e+01 1.595186157691308101e-03 8.213897944763836939e-05 2.341023943620000082e-04
3.281962999999999964e-01 3.206806999999999852e-01 2.777513999999999896e+02 1.379161249380238957e-03 6.971472540707427008e-05 6.225239643479999895e-05
4.454651000000000027e-01 8.626406999999999825e-02 4.477539999999999765e+01 8.736297139198427380e-04 4.636394452401962173e-05 8.842629551250000578e-05
4.455736000000000141e-01 2.607402999999999804e-01 2.936605999999999881e+02 5.741392846929255786e-04 3.569842727672946277e-05 1.759997793750000096e-05
5.999524000000000523e-01 6.642752000000000379e-02 4.593393999999999977e+01 2.521940998028284007e-04 2.603015814567927758e-05 7.404047459180001177e-05
