CF_QCD
1.
1.
1.
1.
1.
1.2190351600213341     
1.2578390576855925     
1.2868104915811280     
1.3123656663134009     
1.3381698491106970     
1.3570611174044938     
1.3683723956783438     
1.3887347392434144     
1.3913959603238122     
1.3979821686007721     
1.4093163890503380     
1.4197950844311666     
1.4199674461168013     
1.4268916499864810     
1.4179723603256824     
1.4186222715461747     
1.4339203129520124     
1.4241680581855196     
1.4193862471586227     
1.3672098241489203  
1.2872620928126071