   20.0000000000    1.0000000000    2.8571429253    0.0269921087    0.0001014352    0.0002042888    0.0002280855
   20.0000000000    3.0000000000    0.9523809552    0.0559361018    0.0001418816    0.0001683795    0.0002201863
   20.0000000000    5.0000000000    0.5714285970    0.0566102751    0.0001475060    0.0001780788    0.0002312360
   20.0000000000    7.0000000000    0.4081632793    0.0493868329    0.0001375842    0.0001830704    0.0002290069
   20.0000000000    9.0000000000    0.3174603283    0.0408438668    0.0001272578    0.0001693146    0.0002118065
   20.0000000000   11.5000000000    0.2484472096    0.0326717533    0.0000848830    0.0000639764    0.0001062925
   20.0000000000   14.5000000000    0.1970443279    0.0250945780    0.0000732299    0.0000356879    0.0000814631
   20.0000000000   18.0000000000    0.1587301642    0.0190012213    0.0000524993    0.0000398219    0.0000658936
   20.0000000000   22.5000000000    0.1269841343    0.0136367958    0.0000378463    0.0000257941    0.0000458004
   20.0000000000   27.5000000000    0.1038961038    0.0097508952    0.0000317791    0.0000149267    0.0000351101
   20.0000000000   33.5000000000    0.0852878466    0.0067856722    0.0000210583    0.0000115952    0.0000240396
   20.0000000000   41.0000000000    0.0696864128    0.0046038795    0.0000160497    0.0000115878    0.0000197957
   20.0000000000   50.0000000000    0.0571428575    0.0029942978    0.0000113456    0.0000095070    0.0000148022
   20.0000000000   60.0000000000    0.0476190485    0.0019326581    0.0000092926    0.0000070449    0.0000116612
   20.0000000000   70.0000000000    0.0408163257    0.0012868614    0.0000078651    0.0000052742    0.0000094698
   20.0000000000   80.0000000000    0.0357142873    0.0008661474    0.0000064520    0.0000036616    0.0000074186
   20.0000000000   95.0000000000    0.0300751887    0.0004874329    0.0000031082    0.0000023313    0.0000038853
   20.0000000000  127.5000000000    0.0224089641    0.0001880252    0.0000012132    0.0000009421    0.0000015360
   20.0000000000  175.0000000000    0.0163265299    0.0000532005    0.0000006015    0.0000003339    0.0000006880
   20.0000000000  550.0000000000    0.0051948051    0.0000021524    0.0000000309    0.0000000186    0.0000000361
