   20.0000000000    1.0000000000    2.8571429253    0.0433629937    0.0003727464    0.0018977714    0.0019340310
   20.0000000000    3.0000000000    0.9523809552    0.0812856555    0.0005082758    0.0009823862    0.0011060863
   20.0000000000    5.0000000000    0.5714285970    0.0737272054    0.0004699821    0.0007740711    0.0009055767
   20.0000000000    7.0000000000    0.4081632793    0.0586248003    0.0004067735    0.0005239020    0.0006632782
   20.0000000000    9.0000000000    0.3174603283    0.0434477441    0.0003508588    0.0003628542    0.0005047425
   20.0000000000   11.5000000000    0.2484472096    0.0317971408    0.0002165598    0.0002956696    0.0003664951
   20.0000000000   14.5000000000    0.1970443279    0.0214262772    0.0001711008    0.0002147489    0.0002745770
   20.0000000000   18.0000000000    0.1587301642    0.0145208379    0.0001094560    0.0001730906    0.0002047949
   20.0000000000   22.5000000000    0.1269841343    0.0093049323    0.0000705651    0.0001551099    0.0001704069
   20.0000000000   27.5000000000    0.1038961038    0.0059849676    0.0000579732    0.0000624519    0.0000852123
   20.0000000000   33.5000000000    0.0852878466    0.0037594205    0.0000413068    0.0000545134    0.0000683956
   20.0000000000   41.0000000000    0.0696864128    0.0025139560    0.0000331569    0.0000403524    0.0000522273
   20.0000000000   50.0000000000    0.0571428575    0.0017080086    0.0000240967    0.0000316357    0.0000397677
   20.0000000000   60.0000000000    0.0476190485    0.0011427678    0.0000209812    0.0000224731    0.0000307449
   20.0000000000   70.0000000000    0.0408163257    0.0007693543    0.0000177749    0.0000150972    0.0000233211
   20.0000000000   80.0000000000    0.0357142873    0.0005459641    0.0000154931    0.0000125905    0.0000199639
   20.0000000000   95.0000000000    0.0300751887    0.0003258965    0.0000075931    0.0000078645    0.0000109319
   20.0000000000  127.5000000000    0.0224089641    0.0001188470    0.0000029521    0.0000025843    0.0000039234
   20.0000000000  175.0000000000    0.0163265299    0.0000335486    0.0000013386    0.0000006518    0.0000014889
   20.0000000000  550.0000000000    0.0051948051    0.0000012439    0.0000000667    0.0000000300    0.0000000731
