6.522737000000000023e-04 8.931740000000000235e-01 4.150568999999999953e+00 2.176115942965557792e+02 2.135952799872773085e+02 2.569575526447029468e+00
8.172470000000000038e-04 8.283996000000000137e-01 4.834327000000000041e+00 -2.387003693605801224e+00 6.831020960228178751e+01 1.316391150162161683e+00
1.128111999999999908e-03 7.816484999999999683e-01 5.173592000000000191e+00 -1.331639824379436021e+01 2.034409120321162234e+01 6.257397120841086124e-01
1.041377000000000014e-03 9.553559999999999830e-01 1.006476999999999933e+01 -5.695368234812767838e+01 4.961808315402616927e+02 2.090123593684159431e+01
1.531419999999999917e-03 7.277375000000000371e-01 5.547837999999999603e+00 9.377549216642741214e+00 7.880942900620103053e+00 5.806524853134742425e-01
1.544313000000000066e-03 8.758732000000000184e-01 1.102585999999999977e+01 -7.170683529956848545e+00 6.095691538066127180e+01 3.919297017129121929e+00
2.076740000000000096e-03 6.671057999999999710e-01 5.840040000000000120e+00 -7.305112441110848120e-01 4.023193645131351914e+00 2.558811208548361082e-01
2.130518999999999989e-03 8.109321000000000446e-01 1.192955000000000076e+01 -4.030459055962442960e+01 1.641855485516454394e+01 1.208898137172265574e+00
2.883547000000000193e-03 6.079786999999999830e-01 6.130145999999999873e+00 4.415238130546831563e+00 1.895401995783762672e+00 1.875132702689138176e-01
2.930751000000000103e-03 7.804775999999999936e-01 1.328744000000000014e+01 7.727067803401130419e+00 5.055591597637455692e+00 4.201194397655828028e-01
3.928245999999999821e-03 5.497910000000000297e-01 6.294083999999999790e+00 1.785873707692645418e+00 9.339589034860239503e-01 1.818406619465291196e-01
3.988852000000000196e-03 7.351746999999999588e-01 1.447220000000000084e+01 1.390562713384813076e+00 1.870617222497328314e+00 1.306473451648728634e-01
5.309391999999999584e-03 4.872793000000000263e-01 6.449188000000000365e+00 7.086478701750625886e-02 5.716196466564604783e-01 9.245025711779632227e-02
5.380531000000000029e-03 6.911270000000000469e-01 1.610978000000000065e+01 1.482441680577788690e+00 9.029986365407089988e-01 2.799592995606099352e-02
7.422615999999999936e-03 4.216829999999999745e-01 6.538731000000000293e+00 -9.077972387816696243e-02 3.304841884791744344e-01 3.637679463060591867e-02
7.484450000000000131e-03 6.487275999999999598e-01 1.847206999999999866e+01 7.745654029041331157e-01 4.198374881906357659e-01 3.323594555261670525e-02
1.012250999999999949e-02 3.633023000000000224e-01 6.665581999999999674e+00 1.660096354342573410e-01 1.786799910788032797e-01 5.483291106036477375e-02
1.022540000000000081e-02 6.127955000000000485e-01 2.115730999999999895e+01 3.862368353445451152e-01 1.898542086071922652e-01 2.779254025982525259e-02
1.124450999999999923e-02 9.714603000000000543e-01 1.058302000000000049e+02 2.333249033091662650e+00 2.482534467221573493e+01 2.301163540299178578e+00
1.375989000000000032e-02 3.099752000000000063e-01 6.729839000000000127e+00 2.752709841334924357e-01 1.116056203270036490e-01 3.367592643821550741e-02
1.387930000000000066e-02 5.804380000000000095e-01 2.461454000000000164e+01 -3.733640001934915298e-02 1.092512990512317927e-01 2.267414056675859033e-02
1.467317999999999921e-02 8.850297999999999776e-01 1.113980999999999995e+02 2.733612471418405132e-01 2.391059398599012731e+00 3.320844718619062608e-01
1.910030000000000061e-02 2.596458999999999850e-01 6.810912000000000077e+00 -2.274310677483655507e-02 7.370829036711279425e-02 7.680823099900529506e-03
1.927811000000000108e-02 5.443424999999999514e-01 2.858258000000000010e+01 1.467332580490666449e-01 6.064236154789730271e-02 1.421204094232926020e-02
1.991303999999999991e-02 8.362948999999999522e-01 1.189030000000000058e+02 -2.850318977533859988e-01 5.172322734226054708e-01 1.378141080802802731e-01
2.595244999999999844e-02 2.238481999999999972e-01 7.323908000000000307e+00 7.876636159769509482e-04 4.505682162153980957e-02 1.595720381466533486e-02
2.636375999999999997e-02 5.047918000000000127e-01 3.248062999999999789e+01 1.039698836049024189e-01 2.915181292409469924e-02 8.277481063279976473e-03
2.698638999999999899e-02 7.838129000000000346e-01 1.263808999999999969e+02 3.261576167296358908e-01 1.385991098912870423e-01 3.368587516932990134e-02
3.501390000000000058e-02 1.992774999999999963e-01 8.259824999999999307e+00 4.238655980885422392e-03 3.529206843254874271e-02 1.282474986543534999e-02
3.583684000000000175e-02 4.609200999999999993e-01 3.607224999999999682e+01 4.959492165553881782e-02 1.548151728730338961e-02 9.415387959770234530e-03
3.653377000000000013e-02 7.419417000000000373e-01 1.369056999999999960e+02 6.380702054125535205e-02 4.660428414180406431e-02 6.321283762433215110e-03
4.510075000000000195e-02 1.815015000000000100e-01 9.221584000000000003e+00 1.575412086476669637e-01 5.798587322087529056e-02 6.715063356505155540e-03
4.926881000000000316e-02 4.155831999999999860e-01 3.946132000000000062e+01 1.104577833678647633e-02 9.726894701776386820e-03 4.094178321373715367e-03
5.010652000000000161e-02 6.976512999999999742e-01 1.513992000000000075e+02 1.366688138115417991e-02 2.105248473496535225e-02 4.763665261490634961e-03
6.797040000000000026e-02 3.733829000000000176e-01 4.429149000000000314e+01 1.292989414741218396e-02 4.598915528763914025e-03 2.011272854690487367e-03
6.898297000000000456e-02 6.520112999999999603e-01 1.690740999999999872e+02 9.933107379590883079e-03 7.133170509910957517e-03 6.377227458806690409e-04
9.238918000000000130e-02 3.363082000000000016e-01 4.959893999999999892e+01 1.449171834541047518e-02 2.315916066108791513e-03 2.008522691125308023e-03
9.359538000000000579e-02 6.141545999999999950e-01 1.903896000000000015e+02 1.584353394238739027e-03 2.780932310629884510e-03 1.074952306132039319e-03
1.239827000000000012e-01 3.026868999999999810e-01 5.529650000000000176e+01 2.608961224091490942e-03 1.645604469346174286e-03 5.290468724510476346e-04
1.256520000000000137e-01 5.781159999999999632e-01 2.153104999999999905e+02 2.723588393674525581e-03 1.474826710028204245e-03 4.912080503396354858e-04
1.361013000000000084e-01 9.052236999999999645e-01 1.102470000000000027e+03 -1.292693360979373964e-02 3.500969529022516374e-02 6.763015765701495090e-03
1.753011999999999904e-01 2.643043999999999949e-01 6.269839000000000340e+01 2.441626606205464858e-03 7.755087343058566281e-04 1.443982179586187459e-04
1.776939999999999908e-01 5.356117000000000239e-01 2.498500999999999976e+02 9.454687681910545856e-04 5.031544448996313644e-04 4.572020148773568515e-05
1.849401999999999990e-01 8.427968999999999600e-01 1.159464999999999918e+03 4.013390275625555725e-03 4.237801359759184490e-03 1.232682039989039992e-03
2.382875999999999883e-01 2.314499999999999891e-01 7.044549000000000660e+01 4.038070918548856275e-06 3.490821235066342981e-04 1.946201106635122116e-04
2.416947000000000123e-01 4.979181999999999775e-01 2.835998999999999910e+02 1.509316582792690213e-04 1.612316243493371385e-04 1.035061206607831852e-04
2.479391999999999985e-01 7.961654999999999704e-01 1.230749000000000024e+03 4.269916498550108868e-04 7.016420844803762961e-04 1.491069671233087699e-04
3.134739999999999749e-01 2.088251000000000135e-01 7.851845000000000141e+01 1.562505590977483804e-04 2.629836062092339604e-04 4.308672180122652298e-05
3.174735000000000196e-01 4.530095000000000094e-01 3.092058999999999855e+02 2.823974943205486733e-04 9.066886044606957201e-05 2.876704610913078983e-05
3.217455000000000176e-01 7.522280999999999551e-01 1.297823000000000093e+03 3.445109677308271878e-04 2.410695384005080743e-04 1.610555560150670590e-05
4.332945999999999742e-01 1.743757999999999975e-01 9.033764999999999645e+01 -6.610654988643696953e-05 3.284251894368176057e-04 4.778064193908869808e-05
4.588740000000000041e-01 3.792577999999999783e-01 3.329585999999999899e+02 5.347433394131532493e-05 5.146676950342971756e-05 1.930566039022774447e-05
4.670731000000000188e-01 6.835932000000000119e-01 1.420345000000000027e+03 -9.986983218407803837e-05 8.429739849078741510e-05 1.107904095902891534e-05
5.309836999999999474e-01 4.059028000000000080e-01 9.964988999999999919e+01 8.013434719605845233e-03 2.045484053365528507e-02 2.093726133444800841e-05
6.231894000000000045e-01 3.421044999999999781e-01 3.740373999999999910e+02 2.522104322733506994e-06 1.202606271277885462e-05 5.616008643038677438e-06
6.337884999999999769e-01 6.385224000000000455e-01 1.551086999999999989e+03 3.135832984653851745e-05 1.257484390389249658e-05 1.083083507646111700e-06
8.213496000000000130e-01 3.169252000000000180e-01 4.300767000000000166e+02 1.620294826808490032e-07 9.747319991977693743e-07 3.912784135771595756e-07
8.303218999999999461e-01 5.988812000000000024e-01 1.677210000000000036e+03 -1.302333561457675078e-07 8.152128311258935586e-07 1.737702091039998078e-07
