6.522737000000000023e-04 8.931740000000000235e-01 4.150568999999999953e+00 1.344498438564161518e+02 2.135952799872773085e+02 8.461427500000000546e-01
8.172470000000000038e-04 8.283996000000000137e-01 4.834327000000000041e+00 8.364379417707858977e+01 6.831020960228178751e+01 3.714556285439999939e-01
1.128111999999999908e-03 7.816484999999999683e-01 5.173592000000000191e+00 2.558486083704543113e-01 2.034409120321162234e+01 1.955254165919999843e-01
1.041377000000000014e-03 9.553559999999999830e-01 1.006476999999999933e+01 3.705185197606311363e+02 4.961808315402616927e+02 0.000000000000000000e+00
1.531419999999999917e-03 7.277375000000000371e-01 5.547837999999999603e+00 8.852788351852861837e+00 7.880942900620103053e+00 2.309408350440000091e-01
1.544313000000000066e-03 8.758732000000000184e-01 1.102585999999999977e+01 9.621108763786344298e+01 6.095691538066127180e+01 2.084465693310000034e-01
2.076740000000000096e-03 6.671057999999999710e-01 5.840040000000000120e+00 6.118748807316196192e+00 4.023193645131351914e+00 1.441726696060000208e-02
2.130518999999999989e-03 8.109321000000000446e-01 1.192955000000000076e+01 8.973288888240350758e+00 1.641855485516454394e+01 1.887974273640000145e-01
2.883547000000000193e-03 6.079786999999999830e-01 6.130145999999999873e+00 3.730670896110352963e+00 1.895401995783762672e+00 2.894832339602000301e-02
2.930751000000000103e-03 7.804775999999999936e-01 1.328744000000000014e+01 5.694723984565066566e+00 5.055591597637455692e+00 8.105795866041999240e-03
3.928245999999999821e-03 5.497910000000000297e-01 6.294083999999999790e+00 1.505133936100922165e+00 9.339589034860239503e-01 5.169573403581999294e-02
3.988852000000000196e-03 7.351746999999999588e-01 1.447220000000000084e+01 2.368030610520583945e+00 1.870617222497328314e+00 6.925140505580000376e-03
5.309391999999999584e-03 4.872793000000000263e-01 6.449188000000000365e+00 5.947064389449243649e-01 5.716196466564604783e-01 1.975484641266000291e-02
5.380531000000000029e-03 6.911270000000000469e-01 1.610978000000000065e+01 1.179086118987215936e-01 9.029986365407089988e-01 2.160619377734999957e-02
7.422615999999999936e-03 4.216829999999999745e-01 6.538731000000000293e+00 1.201563107036301425e-01 3.304841884791744344e-01 3.773991604159999784e-03
7.484450000000000131e-03 6.487275999999999598e-01 1.847206999999999866e+01 2.075886807814806001e-01 4.198374881906357659e-01 2.118726228786000157e-02
1.012250999999999949e-02 3.633023000000000224e-01 6.665581999999999674e+00 8.469191161848686755e-02 1.786799910788032797e-01 1.712884408093999847e-02
1.022540000000000081e-02 6.127955000000000485e-01 2.115730999999999895e+01 4.079716721482863351e-01 1.898542086071922652e-01 7.061395988679999673e-03
1.124450999999999923e-02 9.714603000000000543e-01 1.058302000000000049e+02 1.881159983693046911e+01 2.482534467221573493e+01 3.143014499999999822e-01
1.375989000000000032e-02 3.099752000000000063e-01 6.729839000000000127e+00 2.106145721748610422e-02 1.116056203270036490e-01 1.197520046399999996e-02
1.387930000000000066e-02 5.804380000000000095e-01 2.461454000000000164e+01 2.836428763728717217e-01 1.092512990512317927e-01 5.200937657860000077e-03
1.467317999999999921e-02 8.850297999999999776e-01 1.113980999999999995e+02 2.180399033263684228e+00 2.391059398599012731e+00 1.995271565650000301e-02
1.910030000000000061e-02 2.596458999999999850e-01 6.810912000000000077e+00 1.111916027842390492e-01 7.370829036711279425e-02 4.876745064044999377e-03
1.927811000000000108e-02 5.443424999999999514e-01 2.858258000000000010e+01 1.566950774607923369e-01 6.064236154789730271e-02 1.090953355679999924e-02
1.991303999999999991e-02 8.362948999999999522e-01 1.189030000000000058e+02 3.258907362034426658e-01 5.172322734226054708e-01 5.176926700729999296e-03
2.595244999999999844e-02 2.238481999999999972e-01 7.323908000000000307e+00 5.033745714824480744e-02 4.505682162153980957e-02 3.177205976049000524e-03
2.636375999999999997e-02 5.047918000000000127e-01 3.248062999999999789e+01 8.923732250942000011e-02 2.915181292409469924e-02 2.412966551588999631e-03
2.698638999999999899e-02 7.838129000000000346e-01 1.263808999999999969e+02 1.511589746092813491e-01 1.385991098912870423e-01 2.546145101344000124e-03
3.501390000000000058e-02 1.992774999999999963e-01 8.259824999999999307e+00 4.989964816198838582e-02 3.529206843254874271e-02 3.102249674629999933e-03
3.583684000000000175e-02 4.609200999999999993e-01 3.607224999999999682e+01 1.674115830500342086e-02 1.548151728730338961e-02 3.656034775460999947e-03
3.653377000000000013e-02 7.419417000000000373e-01 1.369056999999999960e+02 6.810792076457428124e-02 4.660428414180406431e-02 3.431917799010000131e-03
4.510075000000000195e-02 1.815015000000000100e-01 9.221584000000000003e+00 1.524586566996735670e-01 5.798587322087529056e-02 2.706954811499999707e-03
4.926881000000000316e-02 4.155831999999999860e-01 3.946132000000000062e+01 3.715078647016110264e-02 9.726894701776386820e-03 3.149008768839999927e-03
5.010652000000000161e-02 6.976512999999999742e-01 1.513992000000000075e+02 2.697897077291297463e-02 2.105248473496535225e-02 2.454307747400000152e-03
6.797040000000000026e-02 3.733829000000000176e-01 4.429149000000000314e+01 1.157504080686217081e-02 4.598915528763914025e-03 5.123128906859999001e-04
6.898297000000000456e-02 6.520112999999999603e-01 1.690740999999999872e+02 1.793995441092331722e-02 7.133170509910957517e-03 4.373542839599999779e-04
9.238918000000000130e-02 3.363082000000000016e-01 4.959893999999999892e+01 1.116701226084986301e-02 2.315916066108791513e-03 9.502041288349999176e-04
9.359538000000000579e-02 6.141545999999999950e-01 1.903896000000000015e+02 6.824069024358234495e-03 2.780932310629884510e-03 6.900316881750000794e-04
1.239827000000000012e-01 3.026868999999999810e-01 5.529650000000000176e+01 4.870954505922089200e-03 1.645604469346174286e-03 4.194552792080000377e-04
1.256520000000000137e-01 5.781159999999999632e-01 2.153104999999999905e+02 2.551127029316391584e-04 1.474826710028204245e-03 3.808598183999999977e-04
1.361013000000000084e-01 9.052236999999999645e-01 1.102470000000000027e+03 5.434160757151450943e-02 3.500969529022516374e-02 2.449124799999999953e-04
1.753011999999999904e-01 2.643043999999999949e-01 6.269839000000000340e+01 3.015708027403919168e-03 7.755087343058566281e-04 1.899779724219999928e-05
1.776939999999999908e-01 5.356117000000000239e-01 2.498500999999999976e+02 1.461500732607492158e-03 5.031544448996313644e-04 6.875775624209999769e-06
1.849401999999999990e-01 8.427968999999999600e-01 1.159464999999999918e+03 1.638410202949979171e-03 4.237801359759184490e-03 6.685637674099999085e-06
2.382875999999999883e-01 2.314499999999999891e-01 7.044549000000000660e+01 8.069325362206197783e-04 3.490821235066342981e-04 9.757043754860001566e-05
2.416947000000000123e-01 4.979181999999999775e-01 2.835998999999999910e+02 6.995711593780356858e-05 1.612316243493371385e-04 6.110628461079999595e-05
2.479391999999999985e-01 7.961654999999999704e-01 1.230749000000000024e+03 1.072838632740221983e-03 7.016420844803762961e-04 3.342367478320000095e-05
3.134739999999999749e-01 2.088251000000000135e-01 7.851845000000000141e+01 2.112796798576688944e-04 2.629836062092339604e-04 9.376303629300001123e-06
3.174735000000000196e-01 4.530095000000000094e-01 3.092058999999999855e+02 1.869507420419820229e-05 9.066886044606957201e-05 8.848750968200001313e-06
3.217455000000000176e-01 7.522280999999999551e-01 1.297823000000000093e+03 1.338868339363897229e-04 2.410695384005080743e-04 1.332415156679999902e-05
4.332945999999999742e-01 1.743757999999999975e-01 9.033764999999999645e+01 1.585140215464027173e-05 3.284251894368176057e-04 4.058828904240000505e-05
4.588740000000000041e-01 3.792577999999999783e-01 3.329585999999999899e+02 6.019003261476430118e-05 5.146676950342971756e-05 1.599307802374999837e-05
4.670731000000000188e-01 6.835932000000000119e-01 1.420345000000000027e+03 9.157425718924898416e-05 8.429739849078741510e-05 4.595624127599999655e-06
5.309836999999999474e-01 4.059028000000000080e-01 9.964988999999999919e+01 3.538462938746075176e-02 2.045484053365528507e-02 9.363450393530000534e-06
6.231894000000000045e-01 3.421044999999999781e-01 3.740373999999999910e+02 1.169856483355985650e-05 1.202606271277885462e-05 3.290425632269999899e-06
6.337884999999999769e-01 6.385224000000000455e-01 1.551086999999999989e+03 1.124072538940222407e-05 1.257484390389249658e-05 1.062944508167999994e-06
8.213496000000000130e-01 3.169252000000000180e-01 4.300767000000000166e+02 1.209315986216603030e-06 9.747319991977693743e-07 1.700495866929999771e-07
8.303218999999999461e-01 5.988812000000000024e-01 1.677210000000000036e+03 7.987138753584900828e-07 8.152128311258935586e-07 3.391761455287999979e-08
