*  Total number of systematic sources *
   99
   36     AVE 99 99    1     0.000 O 1 2 3 4 5 6 7 8 9101112131415161718192021222324252627282930313233343536373839404142434445464748495051525354555657585960616263646566676869707172737475767778798081828384858687888990919293949596979899
 0.2000000E-02 0.2571428E+04 0.3600000E+02 0.7259813E+01 0.1535740E+00 0.6524879E-01 0.3020279E+00
  0.0000  0.0000  0.0000 -0.0000 -0.0000 -0.0000  0.0000  0.0000 -0.0000 -0.0000  0.0000  0.0000 -0.0000  0.0000 -0.0000 -0.0000  0.0000  0.0000  0.0000 -0.0000 -0.0000 -0.0000 -0.0000 -0.0000 -0.0000 -0.0000 -0.0000 -0.0000 -0.0000 -0.0000 -0.0000 -0.0000 -0.0000 -0.0000 -0.0000 -0.0000 -0.0000 -0.0000 -0.0000 -0.0000 -0.0000 -0.0000 -0.0000 -0.0000 -0.0000 -0.0000 -0.0000 -0.0000 -0.0000 -0.0000 -0.0000 -0.0000 -0.0000 -0.0000  0.0000  0.0000 -0.0000  0.0000 -0.0000 -0.0000 -0.0000  0.0000  0.0000 -0.0000  0.0000 -0.0000 -0.0000  0.0000  0.0000 -0.0017 -0.0118 -0.0057  0.0049 -0.0120 -0.0062 -0.0466 -0.0307 -0.0185  0.0392  0.1580 -0.0547 -0.7684 -0.0947 -0.1229  0.1546  0.6862  2.2912 -0.8361  0.3597  0.0848 -1.5384  1.2906 -0.1368  0.5368 -0.4609 -0.3512  0.0977 -0.3288  0.0685
 0.6000000E-02 0.8571429E+03 0.3600000E+02 0.7129166E+01 0.1444112E+00 0.6481646E-01 0.2009924E+00
  0.0000  0.0000  0.0000 -0.0000 -0.0000 -0.0000 -0.0000  0.0000 -0.0000 -0.0000  0.0000  0.0000 -0.0000  0.0000 -0.0000 -0.0000  0.0000  0.0000  0.0000 -0.0000 -0.0000 -0.0000 -0.0000 -0.0000 -0.0000 -0.0000 -0.0000 -0.0000 -0.0000 -0.0000 -0.0000 -0.0000 -0.0000 -0.0000 -0.0000 -0.0000 -0.0000 -0.0000 -0.0000 -0.0000 -0.0000 -0.0000 -0.0000 -0.0000 -0.0000 -0.0000 -0.0000 -0.0000 -0.0000 -0.0000 -0.0000 -0.0000 -0.0000 -0.0000  0.0000  0.0000 -0.0000  0.0000 -0.0000 -0.0000 -0.0000  0.0000  0.0000 -0.0000  0.0000 -0.0000 -0.0000  0.0000  0.0000 -0.0012 -0.0034 -0.0016  0.0004 -0.0058 -0.0070 -0.0300 -0.0068  0.0511  0.0140  0.0709 -0.0075 -0.3126 -0.1196 -0.0659  0.0486  0.2796  0.9783 -0.3911  0.0994 -0.0154 -0.8177  0.6411 -0.2314  0.1319 -0.5507 -0.3734  0.2660 -0.1680  0.0201
 0.1000000E-01 0.5142857E+03 0.3600000E+02 0.7174342E+01 0.1474245E+00 0.6491335E-01 0.1869195E+00
  0.0000 -0.0000 -0.0000  0.0000  0.0000 -0.0000 -0.0000 -0.0000 -0.0000 -0.0000  0.0000 -0.0000  0.0000 -0.0000  0.0000  0.0000 -0.0000 -0.0000 -0.0000 -0.0000 -0.0000 -0.0000 -0.0000 -0.0000 -0.0000 -0.0000 -0.0000 -0.0000 -0.0000 -0.0000 -0.0000 -0.0000 -0.0000 -0.0000 -0.0000 -0.0000 -0.0000 -0.0000 -0.0000 -0.0000 -0.0000 -0.0000 -0.0000 -0.0000 -0.0000 -0.0000 -0.0000 -0.0000 -0.0000 -0.0000 -0.0000 -0.0000 -0.0000 -0.0000 -0.0000 -0.0000 -0.0000  0.0000  0.0000  0.0000  0.0000 -0.0000 -0.0000 -0.0000  0.0000  0.0000 -0.0000 -0.0000 -0.0000 -0.0014 -0.0003  0.0010 -0.0023 -0.0045 -0.0076 -0.0229  0.0009  0.0656  0.0022  0.0463  0.0171 -0.1362 -0.1314 -0.0299  0.0330  0.1088  0.5254 -0.2250  0.1696 -0.0872 -0.5341  0.6401 -0.0507  0.1215 -0.6466 -0.2778  0.2843 -0.1331 -0.1437
 0.1400000E-01 0.3673469E+03 0.3600000E+02 0.7388789E+01 0.1497453E+00 0.6404768E-01 0.1840539E+00
 -0.0000 -0.0000 -0.0000  0.0000  0.0000  0.0000 -0.0000 -0.0000  0.0000  0.0000 -0.0000 -0.0000  0.0000 -0.0000  0.0000  0.0000 -0.0000 -0.0000 -0.0000 -0.0000 -0.0000 -0.0000 -0.0000 -0.0000 -0.0000 -0.0000 -0.0000 -0.0000 -0.0000 -0.0000 -0.0000 -0.0000 -0.0000 -0.0000 -0.0000 -0.0000 -0.0000 -0.0000 -0.0000 -0.0000 -0.0000 -0.0000 -0.0000 -0.0000 -0.0000 -0.0000 -0.0000 -0.0000 -0.0000 -0.0000 -0.0000 -0.0000 -0.0000 -0.0000 -0.0000 -0.0000  0.0000  0.0000  0.0000  0.0000  0.0000 -0.0000 -0.0000 -0.0000 -0.0000  0.0000  0.0000 -0.0000 -0.0000 -0.0007  0.0006  0.0002 -0.0013 -0.0030 -0.0074 -0.0222  0.0065  0.0735 -0.0005  0.0186  0.0478 -0.1053 -0.0859 -0.0149  0.0172  0.0327  0.3522 -0.0511  0.0782  0.0589 -0.3771  0.5449  0.0048  0.1989 -0.5673 -0.3490  0.5039  0.0472 -0.0544
 0.1800000E-01 0.2857143E+03 0.3600000E+02 0.7248857E+01 0.1512483E+00 0.6176315E-01 0.1858911E+00
 -0.0000 -0.0000 -0.0000  0.0000  0.0000  0.0000 -0.0000 -0.0000  0.0000  0.0000 -0.0000  0.0000  0.0000  0.0000  0.0000 -0.0000 -0.0000 -0.0000 -0.0000 -0.0000 -0.0000 -0.0000 -0.0000 -0.0000 -0.0000 -0.0000 -0.0000 -0.0000 -0.0000 -0.0000 -0.0000 -0.0000 -0.0000 -0.0000 -0.0000 -0.0000 -0.0000 -0.0000 -0.0000 -0.0000 -0.0000 -0.0000 -0.0000 -0.0000 -0.0000 -0.0000 -0.0000 -0.0000 -0.0000 -0.0000 -0.0000 -0.0000 -0.0000 -0.0000 -0.0000 -0.0000  0.0000 -0.0000  0.0000 -0.0000  0.0000 -0.0000  0.0000  0.0000 -0.0000 -0.0000  0.0000 -0.0000 -0.0000 -0.0008  0.0003 -0.0001  0.0012 -0.0035 -0.0047 -0.0246  0.0021  0.0525  0.0136  0.0185  0.0368 -0.0740 -0.1109 -0.0392 -0.0345  0.0802  0.2644 -0.1632 -0.1011  0.0067 -0.3963  0.4547 -0.1879  0.3909 -0.6661 -0.4361 -0.0945 -0.3537 -0.1945
 0.2200000E-01 0.2337662E+03 0.3600000E+02 0.6802750E+01 0.1459523E+00 0.6025039E-01 0.1722976E+00
 -0.0000 -0.0000 -0.0000  0.0000  0.0000  0.0000 -0.0000 -0.0000  0.0000  0.0000 -0.0000 -0.0000  0.0000 -0.0000  0.0000  0.0000 -0.0000 -0.0000 -0.0000 -0.0000 -0.0000 -0.0000 -0.0000 -0.0000 -0.0000 -0.0000 -0.0000 -0.0000 -0.0000 -0.0000 -0.0000 -0.0000 -0.0000 -0.0000 -0.0000 -0.0000 -0.0000 -0.0000 -0.0000 -0.0000 -0.0000 -0.0000 -0.0000 -0.0000 -0.0000 -0.0000 -0.0000 -0.0000 -0.0000 -0.0000 -0.0000 -0.0000 -0.0000 -0.0000 -0.0000 -0.0000  0.0000  0.0000  0.0000  0.0000  0.0000 -0.0000 -0.0000  0.0000 -0.0000  0.0000  0.0000 -0.0000 -0.0000 -0.0009  0.0013  0.0008 -0.0008 -0.0018 -0.0078 -0.0224  0.0031  0.0894  0.0090  0.0090  0.0311 -0.0353 -0.1307 -0.0202 -0.0201  0.0284  0.1747 -0.1252 -0.0636  0.0202 -0.2075  0.4287 -0.2064  0.0515 -0.6527 -0.4187  0.1661 -0.1702 -0.1306
 0.2650000E-01 0.1940701E+03 0.3600000E+02 0.6747324E+01 0.1305340E+00 0.5367672E-01 0.1556185E+00
 -0.0000 -0.0000 -0.0000  0.0000  0.0000  0.0000 -0.0000 -0.0000  0.0000  0.0000 -0.0000 -0.0000  0.0000 -0.0000  0.0000  0.0000 -0.0000 -0.0000 -0.0000 -0.0000 -0.0000 -0.0000 -0.0000 -0.0000 -0.0000 -0.0000 -0.0000 -0.0000 -0.0000 -0.0000 -0.0000 -0.0000 -0.0000 -0.0000 -0.0000 -0.0000 -0.0000 -0.0000 -0.0000 -0.0000 -0.0000 -0.0000 -0.0000 -0.0000 -0.0000 -0.0000 -0.0000 -0.0000 -0.0000 -0.0000 -0.0000 -0.0000 -0.0000 -0.0000 -0.0000 -0.0000  0.0000  0.0000  0.0000  0.0000  0.0000 -0.0000 -0.0000  0.0000 -0.0000  0.0000  0.0000 -0.0000 -0.0000 -0.0005  0.0028  0.0013 -0.0011 -0.0035 -0.0056 -0.0235  0.0090  0.0774 -0.0088 -0.0008  0.0658  0.0029 -0.1126 -0.0083 -0.0182 -0.0306  0.0099  0.0089 -0.0286  0.1130 -0.2659  0.3434 -0.1239  0.1882 -0.6687 -0.3736  0.0505 -0.1912 -0.1992
 0.3150000E-01 0.1632653E+03 0.3600000E+02 0.6260799E+01 0.1260466E+00 0.5186915E-01 0.1497353E+00
 -0.0000 -0.0000 -0.0000  0.0000  0.0000  0.0000 -0.0000 -0.0000  0.0000  0.0000 -0.0000 -0.0000  0.0000 -0.0000  0.0000  0.0000 -0.0000 -0.0000 -0.0000 -0.0000 -0.0000 -0.0000 -0.0000 -0.0000 -0.0000 -0.0000 -0.0000 -0.0000 -0.0000 -0.0000 -0.0000 -0.0000 -0.0000 -0.0000 -0.0000 -0.0000 -0.0000 -0.0000 -0.0000 -0.0000 -0.0000 -0.0000 -0.0000 -0.0000 -0.0000 -0.0000 -0.0000 -0.0000 -0.0000 -0.0000 -0.0000 -0.0000 -0.0000 -0.0000 -0.0000 -0.0000  0.0000  0.0000  0.0000  0.0000  0.0000 -0.0000 -0.0000  0.0000 -0.0000  0.0000  0.0000 -0.0000 -0.0000 -0.0015  0.0035  0.0009 -0.0029 -0.0033 -0.0078 -0.0213  0.0071  0.0866 -0.0029 -0.0103  0.0573 -0.0310 -0.1081  0.0271 -0.0083 -0.0524  0.1156  0.1715 -0.0942 -0.0726 -0.0847  0.4525 -0.0827  0.1029 -0.7087 -0.1884  0.2759 -0.1475 -0.1752
 0.3650000E-01 0.1409002E+03 0.3600000E+02 0.6049535E+01 0.1239751E+00 0.5141649E-01 0.1461909E+00
 -0.0000 -0.0000 -0.0000  0.0000  0.0000  0.0000 -0.0000 -0.0000  0.0000  0.0000 -0.0000 -0.0000  0.0000 -0.0000  0.0000  0.0000 -0.0000 -0.0000 -0.0000 -0.0000 -0.0000 -0.0000 -0.0000 -0.0000 -0.0000 -0.0000 -0.0000 -0.0000 -0.0000 -0.0000 -0.0000 -0.0000 -0.0000 -0.0000 -0.0000 -0.0000 -0.0000 -0.0000 -0.0000 -0.0000 -0.0000 -0.0000 -0.0000 -0.0000 -0.0000 -0.0000 -0.0000 -0.0000 -0.0000 -0.0000 -0.0000 -0.0000 -0.0000 -0.0000 -0.0000 -0.0000  0.0000  0.0000  0.0000  0.0000  0.0000 -0.0000 -0.0000  0.0000 -0.0000  0.0000  0.0000 -0.0000 -0.0000 -0.0012  0.0018  0.0009 -0.0020 -0.0025 -0.0069 -0.0179  0.0104  0.0994 -0.0055  0.0007  0.0548  0.0089 -0.1235  0.0001 -0.0191 -0.0327  0.0236 -0.0800  0.0278  0.1166 -0.2081  0.3459 -0.2831  0.1629 -0.6389 -0.3249  0.1747 -0.1898 -0.1273
 0.4200000E-01 0.1224490E+03 0.3600000E+02 0.5894858E+01 0.1105312E+00 0.5061600E-01 0.1339277E+00
 -0.0000 -0.0000 -0.0000  0.0000  0.0000  0.0000 -0.0000 -0.0000  0.0000  0.0000 -0.0000 -0.0000  0.0000 -0.0000  0.0000  0.0000 -0.0000 -0.0000 -0.0000 -0.0000 -0.0000 -0.0000 -0.0000 -0.0000 -0.0000 -0.0000 -0.0000 -0.0000 -0.0000 -0.0000 -0.0000 -0.0000 -0.0000 -0.0000 -0.0000 -0.0000 -0.0000 -0.0000 -0.0000 -0.0000 -0.0000 -0.0000 -0.0000 -0.0000 -0.0000 -0.0000 -0.0000 -0.0000 -0.0000 -0.0000 -0.0000 -0.0000 -0.0000 -0.0000 -0.0000 -0.0000  0.0000  0.0000  0.0000  0.0000  0.0000 -0.0000 -0.0000  0.0000 -0.0000  0.0000  0.0000 -0.0000 -0.0000 -0.0012  0.0032  0.0018 -0.0032 -0.0025 -0.0059 -0.0171  0.0142  0.0826 -0.0175  0.0038  0.0758  0.0006 -0.0942  0.0024 -0.0016 -0.0840  0.0001  0.1112  0.0545 -0.0646 -0.2782  0.3442 -0.2555  0.0987 -0.5338 -0.4038  0.3495 -0.0660 -0.1196
 0.4800000E-01 0.1071429E+03 0.3600000E+02 0.5417736E+01 0.1052202E+00 0.4765407E-01 0.1275894E+00
 -0.0000 -0.0000 -0.0000  0.0000  0.0000  0.0000 -0.0000 -0.0000  0.0000  0.0000 -0.0000 -0.0000  0.0000 -0.0000  0.0000  0.0000 -0.0000 -0.0000 -0.0000 -0.0000 -0.0000 -0.0000 -0.0000 -0.0000 -0.0000 -0.0000 -0.0000 -0.0000 -0.0000 -0.0000 -0.0000 -0.0000 -0.0000 -0.0000 -0.0000 -0.0000 -0.0000 -0.0000 -0.0000 -0.0000 -0.0000 -0.0000 -0.0000 -0.0000 -0.0000 -0.0000 -0.0000 -0.0000 -0.0000 -0.0000 -0.0000 -0.0000 -0.0000 -0.0000 -0.0000 -0.0000  0.0000  0.0000  0.0000  0.0000  0.0000 -0.0000 -0.0000  0.0000 -0.0000  0.0000  0.0000 -0.0000 -0.0000 -0.0007  0.0033  0.0006 -0.0022 -0.0030 -0.0053 -0.0233  0.0141  0.0844 -0.0163 -0.0193  0.0879  0.0361 -0.1020 -0.0150 -0.0327 -0.0720 -0.1533  0.0586 -0.0689  0.1183 -0.4208  0.2648 -0.1215  0.2403 -0.6039 -0.2575  0.3282 -0.1982 -0.1508
 0.5400000E-01 0.9523809E+02 0.3600000E+02 0.5160744E+01 0.1008699E+00 0.4262701E-01 0.1202798E+00
 -0.0000 -0.0000 -0.0000  0.0000  0.0000  0.0000 -0.0000 -0.0000  0.0000  0.0000 -0.0000 -0.0000  0.0000 -0.0000  0.0000  0.0000 -0.0000 -0.0000 -0.0000 -0.0000 -0.0000 -0.0000 -0.0000 -0.0000 -0.0000 -0.0000 -0.0000 -0.0000 -0.0000 -0.0000 -0.0000 -0.0000 -0.0000 -0.0000 -0.0000 -0.0000 -0.0000 -0.0000 -0.0000 -0.0000 -0.0000 -0.0000 -0.0000 -0.0000 -0.0000 -0.0000 -0.0000 -0.0000 -0.0000 -0.0000 -0.0000 -0.0000 -0.0000 -0.0000 -0.0000 -0.0000  0.0000  0.0000  0.0000  0.0000  0.0000 -0.0000 -0.0000  0.0000 -0.0000  0.0000  0.0000 -0.0000 -0.0000 -0.0010  0.0032  0.0006 -0.0030 -0.0015 -0.0062 -0.0164  0.0133  0.0903 -0.0150 -0.0027  0.0637  0.0581 -0.0861 -0.0072 -0.0146 -0.1180 -0.1063  0.0456  0.0751 -0.0056 -0.2254  0.3371 -0.1096  0.2106 -0.5404 -0.3259  0.4958  0.0055 -0.0871
 0.6050000E-01 0.8500591E+02 0.3600000E+02 0.4995425E+01 0.9331234E-01 0.3937778E-01 0.1088883E+00
 -0.0000 -0.0000 -0.0000  0.0000  0.0000  0.0000 -0.0000 -0.0000  0.0000  0.0000 -0.0000 -0.0000  0.0000 -0.0000  0.0000  0.0000 -0.0000 -0.0000 -0.0000 -0.0000 -0.0000 -0.0000 -0.0000 -0.0000 -0.0000 -0.0000 -0.0000 -0.0000 -0.0000 -0.0000 -0.0000 -0.0000 -0.0000 -0.0000 -0.0000 -0.0000 -0.0000 -0.0000 -0.0000 -0.0000 -0.0000 -0.0000 -0.0000 -0.0000 -0.0000 -0.0000 -0.0000 -0.0000 -0.0000 -0.0000 -0.0000 -0.0000 -0.0000 -0.0000 -0.0000 -0.0000  0.0000 -0.0000  0.0000  0.0000  0.0000 -0.0000 -0.0000  0.0000 -0.0000  0.0000  0.0000 -0.0000 -0.0000 -0.0015  0.0039  0.0009 -0.0026 -0.0005 -0.0062 -0.0123  0.0180  0.0840 -0.0003 -0.0192  0.0864  0.0596 -0.0395 -0.0052 -0.0287 -0.1227 -0.1541  0.1183 -0.0280  0.0116 -0.0164  0.2218 -0.0271  0.2226 -0.5553 -0.2544  0.2942 -0.0513 -0.0599
 0.6800000E-01 0.7563025E+02 0.3600000E+02 0.4383010E+01 0.8057244E-01 0.3832869E-01 0.9567889E-01
 -0.0000 -0.0000 -0.0000  0.0000  0.0000  0.0000 -0.0000 -0.0000  0.0000  0.0000 -0.0000 -0.0000  0.0000 -0.0000  0.0000  0.0000 -0.0000 -0.0000 -0.0000 -0.0000 -0.0000 -0.0000 -0.0000 -0.0000 -0.0000 -0.0000 -0.0000 -0.0000 -0.0000 -0.0000 -0.0000 -0.0000 -0.0000 -0.0000 -0.0000 -0.0000 -0.0000 -0.0000 -0.0000 -0.0000 -0.0000 -0.0000 -0.0000 -0.0000 -0.0000 -0.0000 -0.0000 -0.0000 -0.0000 -0.0000 -0.0000 -0.0000 -0.0000 -0.0000 -0.0000 -0.0000  0.0000  0.0000  0.0000  0.0000  0.0000 -0.0000 -0.0000  0.0000 -0.0000  0.0000  0.0000 -0.0000 -0.0000 -0.0012  0.0028  0.0009 -0.0031 -0.0017 -0.0060 -0.0132  0.0185  0.0872 -0.0032 -0.0100  0.0710  0.0448 -0.0413  0.0007 -0.0123 -0.0847 -0.1738  0.0635 -0.0566  0.0434 -0.1867  0.0844 -0.1875  0.0566 -0.5443 -0.3771  0.0599 -0.1368 -0.1281
 0.7650000E-01 0.6722689E+02 0.3600000E+02 0.3911454E+01 0.7193360E-01 0.3420527E-01 0.8563630E-01
 -0.0000 -0.0000 -0.0000  0.0000  0.0000  0.0000 -0.0000 -0.0000  0.0000  0.0000 -0.0000 -0.0000  0.0000 -0.0000  0.0000  0.0000 -0.0000 -0.0000 -0.0000 -0.0000 -0.0000 -0.0000 -0.0000 -0.0000 -0.0000 -0.0000 -0.0000 -0.0000 -0.0000 -0.0000 -0.0000 -0.0000 -0.0000 -0.0000 -0.0000 -0.0000 -0.0000 -0.0000 -0.0000 -0.0000 -0.0000 -0.0000 -0.0000 -0.0000 -0.0000 -0.0000 -0.0000 -0.0000 -0.0000 -0.0000 -0.0000 -0.0000 -0.0000 -0.0000 -0.0000 -0.0000  0.0000  0.0000  0.0000  0.0000  0.0000 -0.0000 -0.0000  0.0000 -0.0000  0.0000  0.0000 -0.0000 -0.0000 -0.0012  0.0019  0.0008 -0.0037 -0.0022 -0.0071 -0.0073  0.0203  0.0872 -0.0077 -0.0063  0.0668  0.0860 -0.0243  0.0098  0.0111 -0.1211 -0.1913  0.1499  0.0413 -0.0288 -0.0842  0.2051 -0.2076  0.0415 -0.4778 -0.3599  0.2948  0.0281 -0.0992
 0.8600000E-01 0.5980066E+02 0.3600000E+02 0.3619624E+01 0.6523599E-01 0.2641859E-01 0.7615436E-01
 -0.0000 -0.0000 -0.0000  0.0000  0.0000  0.0000 -0.0000 -0.0000  0.0000  0.0000 -0.0000 -0.0000  0.0000 -0.0000  0.0000  0.0000 -0.0000 -0.0000 -0.0000 -0.0000 -0.0000 -0.0000 -0.0000 -0.0000 -0.0000 -0.0000 -0.0000 -0.0000 -0.0000 -0.0000 -0.0000 -0.0000 -0.0000 -0.0000 -0.0000 -0.0000 -0.0000 -0.0000 -0.0000 -0.0000 -0.0000 -0.0000 -0.0000 -0.0000 -0.0000 -0.0000 -0.0000 -0.0000 -0.0000 -0.0000 -0.0000 -0.0000 -0.0000 -0.0000 -0.0000 -0.0000  0.0000  0.0000  0.0000  0.0000  0.0000 -0.0000 -0.0000  0.0000 -0.0000  0.0000  0.0000 -0.0000 -0.0000 -0.0014  0.0022  0.0013 -0.0027 -0.0018 -0.0072 -0.0076  0.0220  0.0887  0.0075 -0.0095  0.0492  0.0897 -0.0333  0.0170 -0.0317 -0.1111 -0.2685  0.1325 -0.0327  0.0535 -0.0485  0.0509 -0.0622  0.1267 -0.5829 -0.3230  0.2146  0.0030 -0.0556
 0.9650000E-01 0.5329385E+02 0.3600000E+02 0.3307187E+01 0.6098025E-01 0.2628763E-01 0.7215711E-01
 -0.0000 -0.0000 -0.0000  0.0000  0.0000  0.0000 -0.0000 -0.0000  0.0000  0.0000 -0.0000 -0.0000  0.0000  0.0000  0.0000 -0.0000 -0.0000 -0.0000 -0.0000 -0.0000 -0.0000 -0.0000 -0.0000 -0.0000 -0.0000 -0.0000 -0.0000 -0.0000 -0.0000 -0.0000 -0.0000 -0.0000 -0.0000 -0.0000 -0.0000 -0.0000 -0.0000 -0.0000 -0.0000 -0.0000 -0.0000 -0.0000 -0.0000 -0.0000 -0.0000 -0.0000 -0.0000 -0.0000 -0.0000 -0.0000 -0.0000 -0.0000 -0.0000 -0.0000 -0.0000 -0.0000  0.0000 -0.0000  0.0000  0.0000  0.0000 -0.0000 -0.0000  0.0000 -0.0000  0.0000  0.0000 -0.0000 -0.0000 -0.0012  0.0012 -0.0009 -0.0009 -0.0007 -0.0062 -0.0065  0.0183  0.0707  0.0144  0.0027  0.0326  0.0954 -0.0135  0.0074 -0.0246 -0.0847 -0.2344  0.1682 -0.0412  0.0241  0.0637  0.1147 -0.2373  0.1853 -0.5104 -0.3947  0.2802  0.0987 -0.0835
 0.1080000E+00 0.4761905E+02 0.3600000E+02 0.2932303E+01 0.5275100E-01 0.2252745E-01 0.6221753E-01
 -0.0000 -0.0000 -0.0000  0.0000  0.0000  0.0000 -0.0000 -0.0000  0.0000  0.0000 -0.0000  0.0000  0.0000  0.0000  0.0000 -0.0000 -0.0000 -0.0000 -0.0000 -0.0000 -0.0000 -0.0000 -0.0000 -0.0000 -0.0000 -0.0000 -0.0000 -0.0000 -0.0000 -0.0000 -0.0000 -0.0000 -0.0000 -0.0000 -0.0000 -0.0000 -0.0000 -0.0000 -0.0000 -0.0000 -0.0000 -0.0000 -0.0000 -0.0000 -0.0000 -0.0000 -0.0000 -0.0000 -0.0000 -0.0000 -0.0000 -0.0000 -0.0000 -0.0000  0.0000 -0.0000 -0.0000 -0.0000  0.0000 -0.0000 -0.0000 -0.0000  0.0000  0.0000 -0.0000  0.0000  0.0000 -0.0000 -0.0000 -0.0017 -0.0004 -0.0014 -0.0007 -0.0015 -0.0073 -0.0015  0.0188  0.0727  0.0252  0.0096  0.0061  0.0534  0.0089  0.0261 -0.0108 -0.0922 -0.1306  0.1463 -0.0056  0.0338  0.1048 -0.0392 -0.1602  0.0813 -0.6594 -0.0885  0.3546  0.0033  0.0638
 0.1210000E+00 0.4250295E+02 0.3600000E+02 0.2577357E+01 0.4606872E-01 0.2198215E-01 0.5552486E-01
 -0.0000  0.0000 -0.0000 -0.0000  0.0000 -0.0000 -0.0000 -0.0000  0.0000  0.0000  0.0000 -0.0000  0.0000 -0.0000  0.0000  0.0000 -0.0000 -0.0000 -0.0000 -0.0000 -0.0000 -0.0000 -0.0000 -0.0000 -0.0000 -0.0000 -0.0000 -0.0000 -0.0000 -0.0000 -0.0000 -0.0000 -0.0000 -0.0000 -0.0000 -0.0000 -0.0000 -0.0000 -0.0000 -0.0000 -0.0000 -0.0000 -0.0000 -0.0000 -0.0000 -0.0000 -0.0000 -0.0000 -0.0000 -0.0000 -0.0000 -0.0000 -0.0000 -0.0000  0.0000 -0.0000 -0.0000  0.0000  0.0000  0.0000  0.0000 -0.0000  0.0000 -0.0000 -0.0000  0.0000 -0.0000 -0.0000 -0.0000 -0.0016 -0.0003 -0.0012 -0.0024 -0.0011 -0.0070  0.0066  0.0229  0.0804  0.0138  0.0080  0.0190  0.0828  0.0303  0.0150  0.0003 -0.1463 -0.2108  0.1221  0.0942  0.0011  0.1948 -0.0042 -0.0461 -0.1405 -0.6451 -0.3168  0.1836 -0.0487  0.0310
 0.1365000E+00 0.3767661E+02 0.3600000E+02 0.2159708E+01 0.3778075E-01 0.1800498E-01 0.4549240E-01
 -0.0000  0.0000 -0.0000  0.0000  0.0000  0.0000 -0.0000 -0.0000  0.0000  0.0000 -0.0000  0.0000  0.0000 -0.0000  0.0000 -0.0000 -0.0000 -0.0000 -0.0000 -0.0000 -0.0000 -0.0000 -0.0000 -0.0000 -0.0000 -0.0000 -0.0000 -0.0000 -0.0000 -0.0000 -0.0000 -0.0000 -0.0000 -0.0000 -0.0000 -0.0000 -0.0000 -0.0000 -0.0000 -0.0000 -0.0000 -0.0000 -0.0000 -0.0000 -0.0000 -0.0000 -0.0000 -0.0000 -0.0000 -0.0000 -0.0000 -0.0000 -0.0000 -0.0000  0.0000 -0.0000 -0.0000 -0.0000  0.0000  0.0000  0.0000 -0.0000  0.0000  0.0000 -0.0000  0.0000  0.0000 -0.0000 -0.0000 -0.0021 -0.0005 -0.0015 -0.0015 -0.0009 -0.0059  0.0014  0.0209  0.0542  0.0266  0.0095  0.0034  0.0621  0.0479  0.0014 -0.0299 -0.0542 -0.2398  0.1185 -0.0783 -0.0227 -0.0564 -0.0840 -0.0970  0.0987 -0.5802 -0.2802  0.3650  0.0794  0.0727
 0.1550000E+00 0.3317972E+02 0.3600000E+02 0.1824826E+01 0.3257094E-01 0.1346666E-01 0.3876473E-01
 -0.0000 -0.0000 -0.0000  0.0000  0.0000  0.0000 -0.0000 -0.0000  0.0000  0.0000  0.0000 -0.0000  0.0000 -0.0000  0.0000  0.0000 -0.0000 -0.0000 -0.0000 -0.0000 -0.0000 -0.0000 -0.0000 -0.0000 -0.0000 -0.0000 -0.0000 -0.0000 -0.0000 -0.0000 -0.0000 -0.0000 -0.0000 -0.0000 -0.0000 -0.0000 -0.0000 -0.0000 -0.0000 -0.0000 -0.0000 -0.0000 -0.0000 -0.0000 -0.0000 -0.0000 -0.0000 -0.0000 -0.0000 -0.0000 -0.0000 -0.0000 -0.0000 -0.0000 -0.0000 -0.0000  0.0000  0.0000  0.0000  0.0000  0.0000 -0.0000 -0.0000  0.0000  0.0000  0.0000  0.0000 -0.0000 -0.0000 -0.0020  0.0001  0.0005 -0.0019  0.0014 -0.0049  0.0004  0.0183  0.0506  0.0237  0.0110  0.0116  0.0895  0.0489 -0.0116 -0.0214 -0.0332 -0.2770  0.0549  0.0183  0.0371  0.0532  0.0006 -0.1175  0.1281 -0.6569 -0.2034  0.3793  0.1766 -0.0632
 0.1770000E+00 0.2905569E+02 0.3600000E+02 0.1533234E+01 0.2655639E-01 0.1224490E-01 0.3215191E-01
  0.0000  0.0000  0.0000 -0.0000 -0.0000 -0.0000 -0.0000 -0.0000 -0.0000 -0.0000  0.0000 -0.0000 -0.0000 -0.0000 -0.0000 -0.0000  0.0000  0.0000  0.0000 -0.0000 -0.0000 -0.0000 -0.0000 -0.0000 -0.0000 -0.0000 -0.0000 -0.0000 -0.0000 -0.0000 -0.0000 -0.0000 -0.0000 -0.0000 -0.0000 -0.0000 -0.0000 -0.0000 -0.0000 -0.0000 -0.0000 -0.0000 -0.0000 -0.0000 -0.0000 -0.0000 -0.0000 -0.0000 -0.0000 -0.0000 -0.0000 -0.0000 -0.0000 -0.0000  0.0000  0.0000 -0.0000  0.0000 -0.0000 -0.0000 -0.0000  0.0000 -0.0000 -0.0000 -0.0000  0.0000 -0.0000  0.0000  0.0000 -0.0019 -0.0019 -0.0005 -0.0008 -0.0012 -0.0046  0.0080  0.0208  0.0281  0.0267  0.0209 -0.0174  0.0842  0.0714  0.0136  0.0052 -0.0469 -0.2431  0.1108 -0.0118  0.0231  0.1505 -0.1755  0.0188  0.0895 -0.7247 -0.2559  0.1204  0.0390  0.0407
 0.2040000E+00 0.2521008E+02 0.3600000E+02 0.1204559E+01 0.2131283E-01 0.1033484E-01 0.2578189E-01
  0.0000  0.0000  0.0000 -0.0000 -0.0000 -0.0000  0.0000  0.0000 -0.0000 -0.0000  0.0000 -0.0000 -0.0000 -0.0000 -0.0000  0.0000  0.0000  0.0000  0.0000 -0.0000 -0.0000 -0.0000 -0.0000 -0.0000 -0.0000 -0.0000 -0.0000 -0.0000 -0.0000 -0.0000 -0.0000 -0.0000 -0.0000 -0.0000 -0.0000 -0.0000 -0.0000 -0.0000 -0.0000 -0.0000 -0.0000 -0.0000 -0.0000 -0.0000 -0.0000 -0.0000 -0.0000 -0.0000 -0.0000 -0.0000 -0.0000 -0.0000 -0.0000 -0.0000  0.0000  0.0000 -0.0000  0.0000 -0.0000 -0.0000 -0.0000  0.0000 -0.0000 -0.0000  0.0000  0.0000 -0.0000  0.0000  0.0000 -0.0015 -0.0033 -0.0001 -0.0021 -0.0018 -0.0048  0.0088  0.0184  0.0245  0.0224  0.0330 -0.0346  0.0449  0.0658  0.0178  0.0286 -0.0298 -0.1654  0.1031  0.0585  0.0539  0.0720 -0.1735 -0.0117  0.0238 -0.5760 -0.4907  0.1491  0.0893  0.1384
 0.2385000E+00 0.2156334E+02 0.3600000E+02 0.9285910E+00 0.1611608E-01 0.7274507E-02 0.1952898E-01
  0.0000  0.0000  0.0000 -0.0000 -0.0000 -0.0000  0.0000  0.0000 -0.0000 -0.0000  0.0000  0.0000 -0.0000  0.0000 -0.0000 -0.0000  0.0000  0.0000  0.0000 -0.0000 -0.0000 -0.0000 -0.0000 -0.0000 -0.0000 -0.0000 -0.0000 -0.0000 -0.0000 -0.0000 -0.0000 -0.0000 -0.0000 -0.0000 -0.0000 -0.0000 -0.0000 -0.0000 -0.0000 -0.0000 -0.0000 -0.0000 -0.0000 -0.0000 -0.0000 -0.0000 -0.0000 -0.0000 -0.0000 -0.0000 -0.0000 -0.0000 -0.0000 -0.0000  0.0000  0.0000 -0.0000  0.0000 -0.0000 -0.0000 -0.0000  0.0000  0.0000 -0.0000  0.0000 -0.0000 -0.0000  0.0000  0.0000 -0.0013 -0.0038 -0.0020  0.0006  0.0001 -0.0015  0.0114  0.0148 -0.0193  0.0278  0.0550 -0.0371  0.0951  0.0749  0.0104  0.0157 -0.0958 -0.3330  0.1060  0.1833 -0.0440  0.1078  0.0763 -0.0785  0.0417 -0.5133 -0.4861  0.2706  0.0568 -0.0882
 0.2850000E+00 0.1804511E+02 0.3600000E+02 0.6851105E+00 0.1120317E-01 0.5056854E-02 0.1683791E-01
  0.0000  0.0000  0.0000 -0.0000 -0.0000 -0.0000  0.0000  0.0000 -0.0000 -0.0000  0.0000  0.0000 -0.0000  0.0000 -0.0000 -0.0000  0.0000  0.0000  0.0000 -0.0000 -0.0000 -0.0000 -0.0000 -0.0000 -0.0000 -0.0000 -0.0000 -0.0000 -0.0000 -0.0000 -0.0000 -0.0000 -0.0000 -0.0000 -0.0000 -0.0000 -0.0000 -0.0000 -0.0000 -0.0000 -0.0000 -0.0000 -0.0000 -0.0000 -0.0000 -0.0000 -0.0000 -0.0000 -0.0000 -0.0000 -0.0000 -0.0000 -0.0000 -0.0000  0.0000  0.0000 -0.0000  0.0000 -0.0000 -0.0000 -0.0000  0.0000  0.0000 -0.0000  0.0000 -0.0000 -0.0000  0.0000  0.0000 -0.0013 -0.0042 -0.0023  0.0009 -0.0010  0.0006  0.0123  0.0086 -0.0331  0.0438  0.0430 -0.0833  0.0455  0.0979 -0.0125 -0.0020 -0.0080 -0.2075  0.0759 -0.1164  0.0271  0.2009 -0.0796  0.0474  0.1147 -1.3131 -0.9361  0.2238 -0.1263  0.0750
 0.3515000E+00 0.1463117E+02 0.3600000E+02 0.4809189E+00 0.7746215E-02 0.3351010E-02 0.1192279E-01
  0.0000  0.0000  0.0000 -0.0000 -0.0000 -0.0000  0.0000  0.0000 -0.0000 -0.0000  0.0000  0.0000 -0.0000  0.0000 -0.0000 -0.0000  0.0000  0.0000  0.0000 -0.0000 -0.0000 -0.0000 -0.0000 -0.0000 -0.0000 -0.0000 -0.0000 -0.0000 -0.0000 -0.0000 -0.0000 -0.0000 -0.0000 -0.0000 -0.0000 -0.0000 -0.0000 -0.0000 -0.0000 -0.0000 -0.0000 -0.0000 -0.0000 -0.0000 -0.0000 -0.0000 -0.0000 -0.0000 -0.0000 -0.0000 -0.0000 -0.0000 -0.0000 -0.0000  0.0000  0.0000 -0.0000 -0.0000 -0.0000 -0.0000 -0.0000  0.0000  0.0000 -0.0000  0.0000 -0.0000 -0.0000  0.0000  0.0000 -0.0012 -0.0072 -0.0032  0.0032 -0.0004  0.0045  0.0205  0.0030 -0.0671  0.0380  0.0496 -0.0946  0.0599  0.1331 -0.0351  0.0654  0.0098 -0.1562 -0.0853  0.0111 -0.0252  0.3541 -0.2937 -0.0494 -0.0394 -1.3765 -0.8182  0.3463 -0.0978  0.2826
 0.4575000E+00 0.1124122E+02 0.3600000E+02 0.2993639E+00 0.4750449E-02 0.1953856E-02 0.7450849E-02
  0.0000  0.0000  0.0000 -0.0000 -0.0000 -0.0000  0.0000  0.0000 -0.0000 -0.0000  0.0000  0.0000 -0.0000  0.0000 -0.0000 -0.0000  0.0000  0.0000  0.0000 -0.0000 -0.0000 -0.0000 -0.0000 -0.0000 -0.0000 -0.0000 -0.0000 -0.0000 -0.0000 -0.0000 -0.0000 -0.0000 -0.0000 -0.0000 -0.0000 -0.0000 -0.0000 -0.0000 -0.0000 -0.0000 -0.0000 -0.0000 -0.0000 -0.0000 -0.0000 -0.0000 -0.0000 -0.0000 -0.0000 -0.0000 -0.0000 -0.0000 -0.0000 -0.0000  0.0000  0.0000 -0.0000 -0.0000 -0.0000 -0.0000 -0.0000  0.0000  0.0000 -0.0000  0.0000 -0.0000 -0.0000  0.0000  0.0000 -0.0003 -0.0063 -0.0051  0.0016  0.0017  0.0077  0.0262 -0.0096 -0.1111  0.0103  0.0259 -0.1205  0.0257  0.1344 -0.0101  0.0570 -0.0136 -0.1248  0.0727 -0.0366  0.0031  0.4465 -0.3090  0.1217 -0.0627 -1.4698 -0.7353  0.2615 -0.2326  0.2008
 0.6095000E+00 0.8437830E+01 0.3600000E+02 0.1681138E+00 0.3253199E-02 0.1704327E-02 0.5072268E-02
  0.0000  0.0000  0.0000 -0.0000 -0.0000 -0.0000  0.0000  0.0000 -0.0000 -0.0000  0.0000  0.0000 -0.0000  0.0000 -0.0000 -0.0000  0.0000  0.0000  0.0000 -0.0000 -0.0000 -0.0000 -0.0000 -0.0000 -0.0000 -0.0000 -0.0000 -0.0000 -0.0000 -0.0000 -0.0000 -0.0000 -0.0000 -0.0000 -0.0000 -0.0000 -0.0000 -0.0000 -0.0000 -0.0000 -0.0000 -0.0000 -0.0000 -0.0000 -0.0000 -0.0000 -0.0000 -0.0000 -0.0000 -0.0000 -0.0000 -0.0000 -0.0000 -0.0000  0.0000  0.0000 -0.0000  0.0000 -0.0000 -0.0000 -0.0000  0.0000  0.0000 -0.0000  0.0000 -0.0000 -0.0000  0.0000  0.0000  0.0020 -0.0068 -0.0055  0.0015  0.0021  0.0172  0.0368 -0.0319 -0.1808 -0.0579 -0.0111 -0.1506  0.0078  0.1449 -0.0241  0.1281 -0.0030  0.0196 -0.0633  0.0733 -0.1434  0.6674 -0.6250  0.2377 -0.0646 -1.5258 -0.7083  0.1982 -0.2661  0.6035
 0.8065000E+00 0.6376760E+01 0.3600000E+02 0.9781055E-01 0.2176236E-02 0.1123987E-02 0.3230459E-02
  0.0000  0.0000  0.0000 -0.0000 -0.0000 -0.0000  0.0000  0.0000 -0.0000 -0.0000  0.0000  0.0000 -0.0000  0.0000 -0.0000 -0.0000  0.0000  0.0000  0.0000 -0.0000 -0.0000 -0.0000 -0.0000 -0.0000 -0.0000 -0.0000 -0.0000 -0.0000 -0.0000 -0.0000 -0.0000 -0.0000 -0.0000 -0.0000 -0.0000 -0.0000 -0.0000 -0.0000 -0.0000 -0.0000 -0.0000 -0.0000 -0.0000 -0.0000 -0.0000 -0.0000 -0.0000 -0.0000 -0.0000 -0.0000 -0.0000 -0.0000 -0.0000 -0.0000  0.0000  0.0000 -0.0000 -0.0000 -0.0000 -0.0000 -0.0000  0.0000  0.0000 -0.0000 -0.0000 -0.0000 -0.0000  0.0000  0.0000  0.0071 -0.0012 -0.0085  0.0038  0.0087  0.0302  0.0450 -0.0655 -0.2707 -0.1132 -0.1171 -0.1537 -0.0592  0.1271 -0.0621  0.0348  0.0185  0.0246 -0.0478 -0.0167 -0.1137  0.4994 -0.8505  0.2361 -0.2292 -1.4712 -0.8365  0.2777 -0.2444  0.6192
 0.1035500E+01 0.4966545E+01 0.3600000E+02 0.5257389E-01 0.1576557E-02 0.8148464E-03 0.2026112E-02
 -0.0000  0.0000  0.0000 -0.0000 -0.0000 -0.0000  0.0000  0.0000  0.0000 -0.0000 -0.0000  0.0000 -0.0000  0.0000 -0.0000 -0.0000  0.0000  0.0000  0.0000 -0.0000 -0.0000 -0.0000 -0.0000 -0.0000 -0.0000 -0.0000 -0.0000 -0.0000 -0.0000 -0.0000 -0.0000 -0.0000 -0.0000 -0.0000 -0.0000 -0.0000 -0.0000 -0.0000 -0.0000 -0.0000 -0.0000 -0.0000 -0.0000 -0.0000 -0.0000 -0.0000 -0.0000 -0.0000 -0.0000 -0.0000 -0.0000 -0.0000 -0.0000 -0.0000  0.0000  0.0000 -0.0000 -0.0000 -0.0000 -0.0000 -0.0000  0.0000  0.0000 -0.0000  0.0000 -0.0000  0.0000  0.0000  0.0000  0.0158  0.0061 -0.0024  0.0103  0.0187  0.0505  0.0397 -0.1217 -0.4039 -0.1687 -0.2540 -0.0273 -0.0128  0.0361 -0.0019  0.0318 -0.2032 -0.3391  0.2741  0.0419 -0.0007  0.0252 -0.3704 -0.0320  0.3049 -1.1243 -0.7001  0.7399 -0.5961  0.2376
 0.1324500E+01 0.3882867E+01 0.3600000E+02 0.2845167E-01 0.9767837E-03 0.5628543E-03 0.1230897E-02
 -0.0000 -0.0000  0.0000 -0.0000 -0.0000  0.0000  0.0000  0.0000  0.0000  0.0000 -0.0000  0.0000  0.0000  0.0000 -0.0000 -0.0000 -0.0000  0.0000  0.0000 -0.0000 -0.0000 -0.0000 -0.0000 -0.0000 -0.0000 -0.0000 -0.0000 -0.0000 -0.0000 -0.0000 -0.0000 -0.0000 -0.0000 -0.0000 -0.0000 -0.0000 -0.0000 -0.0000 -0.0000 -0.0000 -0.0000 -0.0000 -0.0000 -0.0000 -0.0000 -0.0000 -0.0000 -0.0000 -0.0000 -0.0000 -0.0000 -0.0000 -0.0000 -0.0000  0.0000  0.0000  0.0000 -0.0000 -0.0000 -0.0000 -0.0000  0.0000  0.0000  0.0000 -0.0000 -0.0000  0.0000  0.0000  0.0000  0.0261  0.0152  0.0047  0.0227  0.0273  0.0722  0.0666 -0.1779 -0.5120 -0.1065 -0.4026 -0.0124  0.0134  0.0317  0.0014  0.0040 -0.2074 -0.1323  0.0528  0.1734 -0.2049  0.6327 -0.3194 -0.0011 -0.0089 -0.8903 -0.4054  0.2693 -0.9187  0.1581
 0.1721500E+01 0.2987428E+01 0.3600000E+02 0.1540929E-01 0.6707200E-03 0.3393524E-03 0.8106208E-03
 -0.0000 -0.0000 -0.0000  0.0000  0.0000  0.0000  0.0000 -0.0000 -0.0000  0.0000 -0.0000 -0.0000  0.0000  0.0000  0.0000  0.0000 -0.0000  0.0000 -0.0000 -0.0000 -0.0000 -0.0000 -0.0000 -0.0000 -0.0000 -0.0000 -0.0000 -0.0000 -0.0000 -0.0000 -0.0000 -0.0000 -0.0000 -0.0000 -0.0000 -0.0000 -0.0000 -0.0000 -0.0000 -0.0000 -0.0000 -0.0000 -0.0000 -0.0000 -0.0000 -0.0000 -0.0000 -0.0000 -0.0000 -0.0000 -0.0000 -0.0000 -0.0000 -0.0000 -0.0000 -0.0000  0.0000 -0.0000  0.0000  0.0000  0.0000 -0.0000 -0.0000  0.0000  0.0000 -0.0000  0.0000 -0.0000 -0.0000  0.0387  0.0271  0.0302  0.0238  0.0194  0.0913  0.0715 -0.1647 -0.5357 -0.0799 -0.4125  0.0269 -0.0103 -0.0450  0.0083 -0.0126 -0.2025 -0.1866  0.2266  0.2293 -0.0443  0.1790 -0.7989  0.0304 -0.3776 -0.7480 -0.6671  0.7724 -0.8264  0.2952
 0.2234500E+01 0.2301570E+01 0.3600000E+02 0.6308476E-02 0.3523819E-03 0.1642847E-03 0.4103832E-03
 -0.0000 -0.0000 -0.0000  0.0000  0.0000  0.0000  0.0000 -0.0000  0.0000  0.0000 -0.0000 -0.0000  0.0000 -0.0000  0.0000  0.0000 -0.0000 -0.0000 -0.0000 -0.0000 -0.0000 -0.0000 -0.0000 -0.0000 -0.0000 -0.0000 -0.0000 -0.0000 -0.0000 -0.0000 -0.0000 -0.0000 -0.0000 -0.0000 -0.0000 -0.0000 -0.0000 -0.0000 -0.0000 -0.0000 -0.0000 -0.0000 -0.0000 -0.0000 -0.0000 -0.0000 -0.0000 -0.0000 -0.0000 -0.0000 -0.0000 -0.0000 -0.0000 -0.0000 -0.0000 -0.0000  0.0000  0.0000  0.0000  0.0000  0.0000 -0.0000 -0.0000  0.0000  0.0000 -0.0000  0.0000 -0.0000 -0.0000  0.0488  0.0531  0.0514  0.0182  0.0299  0.1142  0.0912 -0.1654 -0.5928 -0.0105 -0.4756  0.1465  0.0392 -0.0453  0.0333 -0.0441 -0.1658 -0.4172  0.1707  0.3061  0.0977 -0.2043 -0.7546  0.5533 -0.4041 -0.5653 -1.1084  0.6939 -0.4441  0.1731
 0.2899500E+01 0.1773705E+01 0.3600000E+02 0.2841259E-02 0.2056773E-03 0.8305289E-04 0.2306631E-03
 -0.0000 -0.0000 -0.0000  0.0000  0.0000  0.0000  0.0000 -0.0000  0.0000  0.0000 -0.0000 -0.0000  0.0000 -0.0000  0.0000  0.0000 -0.0000 -0.0000 -0.0000 -0.0000 -0.0000 -0.0000 -0.0000 -0.0000 -0.0000 -0.0000 -0.0000 -0.0000 -0.0000 -0.0000 -0.0000 -0.0000 -0.0000 -0.0000 -0.0000 -0.0000 -0.0000 -0.0000 -0.0000 -0.0000 -0.0000 -0.0000 -0.0000 -0.0000 -0.0000 -0.0000 -0.0000 -0.0000 -0.0000 -0.0000 -0.0000 -0.0000 -0.0000 -0.0000 -0.0000 -0.0000  0.0000 -0.0000  0.0000  0.0000  0.0000 -0.0000 -0.0000  0.0000  0.0000 -0.0000  0.0000 -0.0000 -0.0000  0.0546  0.0752  0.0606  0.0225  0.0502  0.1323  0.0674 -0.1831 -0.6494  0.0771 -0.4867  0.0763  0.1439 -0.0536  0.0595 -0.2295 -0.1878 -0.4902 -0.0096 -0.1927 -0.0966  0.5517  0.3780  0.0284  0.4326 -0.1511 -1.5855  0.5402 -0.4588 -0.3786
 0.4138500E+01 0.1242686E+01 0.3600000E+02 0.1086682E-02 0.8302200E-04 0.3412302E-04 0.9333192E-04
 -0.0000 -0.0000 -0.0000  0.0000  0.0000  0.0000  0.0000 -0.0000  0.0000  0.0000 -0.0000 -0.0000  0.0000 -0.0000  0.0000  0.0000 -0.0000 -0.0000 -0.0000 -0.0000 -0.0000 -0.0000 -0.0000 -0.0000 -0.0000 -0.0000 -0.0000 -0.0000 -0.0000 -0.0000 -0.0000 -0.0000 -0.0000 -0.0000 -0.0000 -0.0000 -0.0000 -0.0000 -0.0000 -0.0000 -0.0000 -0.0000 -0.0000 -0.0000 -0.0000 -0.0000 -0.0000 -0.0000 -0.0000 -0.0000 -0.0000 -0.0000 -0.0000 -0.0000 -0.0000 -0.0000  0.0000  0.0000  0.0000  0.0000  0.0000 -0.0000 -0.0000  0.0000  0.0000  0.0000  0.0000 -0.0000 -0.0000  0.0540  0.0680  0.0736  0.0104  0.0297  0.1182  0.0890 -0.1301 -0.5546  0.0806 -0.3539  0.0932  0.0635  0.0062  0.0957 -0.0168 -0.3771  0.0040  0.1228  0.5162 -0.3545  0.9469 -0.2422  0.1032 -0.2264 -1.2160  0.2098  0.5167 -1.2905  0.0235
 0.7500000E+01 0.6857143E+00 0.3600000E+02 0.2950802E-03 0.2644255E-04 0.1035434E-04 0.2922006E-04
 -0.0000 -0.0000 -0.0000  0.0000  0.0000  0.0000  0.0000 -0.0000  0.0000  0.0000 -0.0000 -0.0000  0.0000 -0.0000  0.0000  0.0000 -0.0000 -0.0000 -0.0000 -0.0000 -0.0000 -0.0000 -0.0000 -0.0000 -0.0000 -0.0000 -0.0000 -0.0000 -0.0000 -0.0000 -0.0000 -0.0000 -0.0000 -0.0000 -0.0000 -0.0000 -0.0000 -0.0000 -0.0000 -0.0000 -0.0000 -0.0000 -0.0000 -0.0000 -0.0000 -0.0000 -0.0000 -0.0000 -0.0000 -0.0000 -0.0000 -0.0000 -0.0000 -0.0000 -0.0000 -0.0000  0.0000  0.0000  0.0000  0.0000  0.0000 -0.0000 -0.0000  0.0000  0.0000  0.0000  0.0000 -0.0000 -0.0000  0.0536  0.0610  0.0716  0.0161  0.0333  0.1299  0.0865 -0.1724 -0.6031  0.0906 -0.5050  0.1449  0.0581  0.0699  0.1412 -0.1501 -0.2694 -0.2988  0.3635 -0.1702 -0.0102  0.5894  0.4988 -0.7833 -0.6108 -0.7206 -0.2488  0.9906 -0.9164 -0.6072
