1.0
0.18  1.0
0.14  0.19  1.0
0.14  0.19  0.18  1.0
0.13  0.18  0.16  0.19  1.0
0.12  0.16  0.15  0.18  0.18  1.0
0.11  0.15  0.14  0.17  0.17  0.18  1.0
0.1   0.13  0.13  0.16  0.16  0.17  0.17  1.0
0.09  0.12  0.12  0.14  0.15  0.15  0.16  0.16  1.0
0.08  0.1   0.1   0.12  0.13  0.14  0.14  0.14  0.14  1.0
0.06  0.08  0.08  0.11  0.11  0.12  0.12  0.13  0.13  0.13  1.0
0.05  0.06  0.06  0.08  0.09  0.09  0.1   0.1   0.11  0.11  0.11  1.0
0.04  0.05  0.05  0.06  0.07  0.08  0.08  0.09  0.09  0.1   0.1   0.1   1.0
0.03  0.04  0.03  0.04  0.05  0.06  0.06  0.07  0.07  0.08  0.09  0.08  0.08  1.0
0.02  0.03  0.02  0.03  0.03  0.04  0.04  0.05  0.05  0.06  0.06  0.06  0.06  0.06  1.0
0.02  0.02  0.02  0.02  0.02  0.02  0.02  0.03  0.03  0.04  0.04  0.04  0.04  0.04  0.03  1.0
0.01  0.01  0.01  0.01  0.01  0.01  0.01  0.02  0.02  0.02  0.03  0.03  0.03  0.03  0.02  0.02  1.0
0.24  0.25  0.19  0.19  0.17  0.16  0.15  0.13  0.12  0.1   0.08  0.06  0.05  0.04  0.03  0.02  0.01   1.0   
0.03  0.11  0.13  0.14  0.12  0.11  0.1   0.1   0.09  0.07  0.06  0.04  0.03  0.02  0.01  0.01  0.01  -0.15   1.0 
0.03  0.04  0.06  0.1   0.1   0.1   0.09  0.09  0.08  0.07  0.07  0.05  0.04  0.03  0.02  0.01  0.01  -0.03   0.27   1.0 
0.03  0.04  0.04  0.07  0.09  0.1   0.09  0.09  0.09  0.08  0.07  0.06  0.05  0.04  0.02  0.01  0.01   0.2   -0.1    0.0    1.0 
0.04  0.04  0.04  0.06  0.08  0.1   0.1   0.1   0.09  0.09  0.08  0.07  0.06  0.05  0.03  0.01  0.01  -0.03   0.28   0.2   -0.01   1.0 
0.02  0.03  0.03  0.04  0.04  0.05  0.06  0.06  0.06  0.06  0.05  0.05  0.04  0.03  0.02  0.01  0.01  -0.12   0.36   0.22  -0.07   0.24   1.0 
0.03  0.03  0.03  0.04  0.04  0.05  0.06  0.08  0.09  0.08  0.08  0.07  0.07  0.05  0.04  0.03  0.02   0.02   0.18   0.15   0.04   0.14   0.15   1.0 
0.02  0.02  0.02  0.02  0.02  0.02  0.02  0.02  0.03  0.04  0.05  0.05  0.06  0.06  0.04  0.03  0.03  -0.01   0.17   0.14  -0.01   0.11   0.11   0.09   1.0
0.22  0.23  0.17  0.17  0.16  0.15  0.13  0.12  0.11  0.09  0.07  0.05  0.04  0.04  0.03  0.02  0.01   0.46   0.34   0.23  -0.07   0.24   0.29   0.15   0.13   1.0						 
0.03  0.1   0.12  0.13  0.11  0.1   0.1   0.09  0.08  0.07  0.06  0.04  0.03  0.02  0.01  0.01  0.0    0.3    0.09  -0.13   0.25  -0.16  -0.27  -0.05  -0.08  -0.24   1.0  					 
0.03  0.03  0.06  0.1   0.09  0.09  0.08  0.08  0.08  0.07  0.06  0.05  0.04  0.02  0.02  0.01  0.01   0.24  -0.21   0.46   0.21  -0.08  -0.17  -0.01  -0.05  -0.14   0.35   1.0   				 
0.02  0.03  0.03  0.05  0.07  0.07  0.07  0.07  0.06  0.06  0.05  0.04  0.04  0.03  0.01  0.01  0.01  -0.19   0.46   0.27   0.28   0.29   0.4    0.17   0.15   0.39  -0.37  -0.24   1.0  			 
0.03  0.04  0.03  0.05  0.06  0.08  0.08  0.08  0.08  0.07  0.07  0.06  0.05  0.04  0.02  0.01  0.01   0.31  -0.32  -0.13   0.25   0.27  -0.27  -0.04  -0.07  -0.23   0.46   0.35  -0.37   1.0 		 
0.02  0.02  0.02  0.03  0.03  0.04  0.05  0.05  0.05  0.04  0.04  0.03  0.03  0.02  0.02  0.01  0.0    0.33  -0.41  -0.19   0.28  -0.21  -0.07  -0.08  -0.12  -0.32   0.52   0.4   -0.47   0.53  1.0 		 
0.03  0.03  0.03  0.04  0.04  0.05  0.06  0.08  0.09  0.09  0.08  0.07  0.07  0.05  0.04  0.03  0.02   0.21  -0.14  -0.02   0.19  -0.04  -0.12   0.45   0.02  -0.09   0.3    0.25  -0.17   0.3   0.33  1.0	 
0.02  0.02  0.02  0.03  0.03  0.03  0.03  0.03  0.04  0.05  0.07  0.07  0.07  0.07  0.05  0.04  0.03   0.08  -0.01   0.03   0.07   0.02  -0.02   0.03   0.11   0.01   0.09   0.08  -0.02   0.1   0.09  0.1  1.0
