   20.0000000000    1.0000000000    2.8571429253    3.2574269772    0.0120455353    0.0287169870    0.0311409738
   20.0000000000    3.0000000000    0.9523809552    6.7079610825    0.0170269180    0.0413795412    0.0447457545
   20.0000000000    5.0000000000    0.5714285970    6.7142395973    0.0173358880    0.0407363512    0.0442716964
   20.0000000000    7.0000000000    0.4081632793    5.8861093521    0.0162859950    0.0328690037    0.0366824903
   20.0000000000    9.0000000000    0.3174603283    4.9260149002    0.0148677332    0.0306842662    0.0340965353
   20.0000000000   11.5000000000    0.2484472096    3.9186639786    0.0098049901    0.0216793660    0.0237935428
   20.0000000000   14.5000000000    0.1970443279    3.0191826820    0.0085944291    0.0175620560    0.0195522383
   20.0000000000   18.0000000000    0.1587301642    2.2796294689    0.0062166145    0.0136345774    0.0149849253
   20.0000000000   22.5000000000    0.1269841343    1.6447176933    0.0042812158    0.0102611231    0.0111184288
   20.0000000000   27.5000000000    0.1038961038    1.1722820997    0.0036642021    0.0072217318    0.0080981348
   20.0000000000   33.5000000000    0.0852878466    0.8242345452    0.0025663618    0.0054026670    0.0059812223
   20.0000000000   41.0000000000    0.0696864128    0.5551676750    0.0019417669    0.0039155236    0.0043705590
   20.0000000000   50.0000000000    0.0571428575    0.3656115532    0.0013972488    0.0027574883    0.0030912855
   20.0000000000   60.0000000000    0.0476190485    0.2328698188    0.0011617608    0.0018430869    0.0021786825
   20.0000000000   70.0000000000    0.0408163257    0.1551947743    0.0009298702    0.0012335228    0.0015447451
   20.0000000000   80.0000000000    0.0357142873    0.1033102944    0.0007664779    0.0008170495    0.0011202939
   20.0000000000   95.0000000000    0.0300751887    0.0593834519    0.0003748092    0.0004276215    0.0005686317
   20.0000000000  127.5000000000    0.0224089641    0.0227086786    0.0001508077    0.0001518949    0.0002140444
   20.0000000000  175.0000000000    0.0163265299    0.0065076631    0.0000739793    0.0000457878    0.0000870026
   20.0000000000  550.0000000000    0.0051948051    0.0002752880    0.0000039914    0.0000025529    0.0000047380
