7.439498999999999591e-03 4.672467000000000148e-01 6.456793000000000227e+00 4.547667625910080669e-01 4.719075027194762073e-02 4.213928677479000101e-02
1.012462000000000084e-02 3.971122999999999736e-01 6.634788999999999604e+00 4.176330680217474889e-01 2.618475237011066298e-02 4.774725153150000123e-02
1.024873999999999924e-02 6.350095000000000045e-01 1.862920000000000087e+01 3.469264828284058799e-01 2.725824902280151937e-02 1.736127471440000042e-02
1.377744000000000017e-02 3.405159999999999854e-01 6.690667999999999616e+00 2.776575565594409101e-01 1.660761058930329895e-02 2.602893603190000252e-02
1.391060000000000040e-02 5.974572000000000216e-01 2.149886000000000053e+01 2.761993493754136830e-01 1.481781393349890404e-02 2.380731342700000142e-02
1.912710000000000105e-02 2.822882999999999920e-01 6.786150000000000126e+00 1.330884999086361098e-01 1.115553041651294423e-02 7.047938717299999899e-03
1.929826999999999931e-02 5.625799000000000216e-01 2.528081999999999852e+01 1.906948454411290794e-01 8.937184965549394705e-03 6.061402076034999933e-03
2.594445000000000084e-02 2.420630000000000004e-01 7.316305999999999976e+00 1.006022588619900210e-01 7.014144039559098986e-03 1.824298325579999658e-02
2.639311999999999908e-02 5.263090000000000268e-01 2.932383000000000095e+01 1.211412670984078344e-01 4.279509559644125230e-03 9.557372723795001107e-03
3.502163999999999972e-02 2.145094999999999918e-01 8.270051999999999737e+00 4.705808343692590573e-02 5.685226989019171069e-03 1.572206343002000017e-02
3.586385000000000267e-02 4.875214999999999965e-01 3.361068000000000211e+01 6.721252914215211649e-02 2.314241398580266316e-03 1.085367487044000025e-02
3.684164999999999662e-02 7.715165999999999968e-01 1.272623999999999995e+02 7.194486466328565977e-02 7.377901150819380499e-03 9.526281713419999450e-03
4.932269000000000236e-02 4.448692000000000202e-01 3.779249999999999687e+01 5.415781232068856560e-02 1.466422018685043091e-03 2.076149331116999928e-03
5.036845000000000211e-02 7.274966000000000488e-01 1.384678999999999860e+02 3.747577789116502550e-02 3.243863899246038785e-03 5.551744866480000547e-03
6.801625000000000032e-02 4.019558999999999771e-01 4.321146999999999849e+01 2.863829051815986598e-02 7.287789095083383470e-04 2.995806899049999975e-03
6.923790999999999973e-02 6.782880000000000020e-01 1.526630999999999858e+02 2.454860433164175043e-02 1.161005833185747502e-03 9.177302868749998401e-04
9.243966000000000682e-02 3.636474000000000095e-01 4.897975999999999885e+01 1.615694094131300482e-02 3.956510497569774658e-04 2.713542109280000190e-03
9.383753999999999706e-02 6.384545000000000359e-01 1.705661000000000058e+02 1.367414012218233325e-02 4.730626560520833235e-04 1.262654944918799879e-03
1.240605999999999931e-01 3.275124999999999842e-01 5.492759000000000214e+01 9.161827210779276837e-03 2.879653504263937386e-04 5.366263490415000299e-04
1.259338999999999875e-01 5.987278000000000322e-01 1.912151000000000067e+02 7.535184704188680783e-03 2.668399182215400330e-04 2.948241098341000481e-04
1.753767999999999994e-01 2.870054000000000216e-01 6.258191999999999666e+01 4.011625906709411112e-03 1.547172621983031518e-04 5.335674577000000616e-04
1.779325999999999963e-01 5.564128000000000407e-01 2.235902000000000100e+02 3.803464474950871924e-03 1.021741908470004628e-04 1.787926525299999962e-04
2.382472999999999952e-01 2.516266999999999809e-01 7.046192000000000633e+01 2.738599169788999248e-03 8.393334514265219455e-05 5.233094592749999892e-04
2.418599999999999917e-01 5.202717000000000036e-01 2.577875999999999976e+02 1.846252992391943411e-03 4.014758216758371260e-05 2.723181342972000058e-04
3.132551000000000085e-01 2.250015999999999960e-01 7.854044000000000381e+01 8.787606652941718811e-04 6.500150251037407445e-05 1.772560434816000056e-04
3.175406000000000062e-01 4.788452000000000264e-01 2.862015000000000100e+02 8.753563021642236409e-04 2.234653678845858817e-05 8.193398247495999238e-05
4.596257999999999733e-01 4.067389000000000143e-01 3.180736999999999739e+02 3.104945454581333852e-04 9.399008351352123919e-06 8.186088935970000589e-06
4.681005999999999778e-01 7.234251000000000431e-01 1.323955999999999904e+03 1.907695419612283664e-04 1.691209072073578072e-05 3.860594780560000304e-05
6.236610000000000209e-01 3.720178000000000096e-01 3.642780999999999949e+02 8.512173546686422254e-05 2.146004086119142885e-06 1.599756441414999919e-05
6.360721999999999765e-01 6.789275999999999645e-01 1.433463999999999942e+03 3.753966398270493969e-05 2.362087493892583053e-06 1.160926582121999898e-06
8.214808999999999584e-01 3.438289999999999957e-01 4.228330000000000268e+02 3.415244049295645784e-06 1.245205097499508478e-07 7.330360353630000672e-07
8.324629999999999530e-01 6.323003999999999847e-01 1.543171000000000049e+03 1.107111684541767341e-06 9.045929504407123109e-08 4.043410919807999570e-07
