*  Total number of systematic sources *
   99
   36     AVE 99 99    1     0.000 O 1 2 3 4 5 6 7 8 9101112131415161718192021222324252627282930313233343536373839404142434445464748495051525354555657585960616263646566676869707172737475767778798081828384858687888990919293949596979899
 0.2000000E-02 0.2571428E+04 0.3600000E+02 0.1141172E+02 0.1673123E+00 0.6645232E-01 0.4077460E+00
 -0.0000 -0.0000  0.0000 -0.0000 -0.0000  0.0000  0.0000  0.0000 -0.0000  0.0000 -0.0000  0.0000 -0.0000 -0.0000 -0.0000 -0.0000  0.0000 -0.0000  0.0000 -0.0000 -0.0000 -0.0000 -0.0000 -0.0000 -0.0000 -0.0000 -0.0000 -0.0000 -0.0000 -0.0000 -0.0000 -0.0000 -0.0000 -0.0000 -0.0000 -0.0000 -0.0000 -0.0000 -0.0000 -0.0000 -0.0000 -0.0000 -0.0000 -0.0000 -0.0000 -0.0000 -0.0000 -0.0000 -0.0000 -0.0000 -0.0000 -0.0000 -0.0000 -0.0000 -0.0000  0.0000 -0.0000 -0.0000  0.0000 -0.0000  0.0000 -0.0000  0.0000  0.0000 -0.0000  0.0000  0.0000 -0.0000 -0.0042 -0.0219  0.0270 -0.0046  0.0315 -0.0565  0.0040  0.0020  0.0486  0.0023  0.0123  0.0840 -0.0278 -0.1450  0.1773  0.1164  0.6941  0.3026 -0.7890 -0.3529  1.7400 -2.1652 -0.4678  0.0622 -0.3572  0.4730 -0.6260  0.1517  0.1305 -0.1188 -0.3742
 0.6000000E-02 0.8571429E+03 0.3600000E+02 0.1135469E+02 0.1660335E+00 0.6846691E-01 0.2363691E+00
 -0.0000 -0.0000  0.0000 -0.0000 -0.0000  0.0000  0.0000  0.0000 -0.0000  0.0000 -0.0000  0.0000 -0.0000 -0.0000 -0.0000 -0.0000  0.0000 -0.0000  0.0000 -0.0000 -0.0000 -0.0000 -0.0000 -0.0000 -0.0000 -0.0000 -0.0000 -0.0000 -0.0000 -0.0000 -0.0000 -0.0000 -0.0000 -0.0000 -0.0000 -0.0000 -0.0000 -0.0000 -0.0000 -0.0000 -0.0000 -0.0000 -0.0000 -0.0000 -0.0000 -0.0000 -0.0000 -0.0000 -0.0000 -0.0000 -0.0000 -0.0000 -0.0000 -0.0000 -0.0000 -0.0000 -0.0000 -0.0000  0.0000 -0.0000  0.0000 -0.0000  0.0000  0.0000  0.0000  0.0000  0.0000 -0.0000 -0.0011 -0.0092  0.0144 -0.0029  0.0088 -0.0165 -0.0006 -0.0003  0.0100  0.0032  0.0005  0.0154  0.0110 -0.0447  0.0035  0.0351  0.2075  0.1222 -0.2740 -0.1180  0.8083 -0.6150 -0.2483 -0.1732 -0.4215  0.4581 -0.2593  0.0404  0.0209 -0.0695 -0.3091
 0.1000000E-01 0.5142857E+03 0.3600000E+02 0.1107676E+02 0.1646381E+00 0.6750771E-01 0.2091885E+00
 -0.0000 -0.0000  0.0000 -0.0000 -0.0000  0.0000  0.0000  0.0000 -0.0000  0.0000 -0.0000  0.0000 -0.0000 -0.0000 -0.0000 -0.0000  0.0000 -0.0000  0.0000 -0.0000 -0.0000 -0.0000 -0.0000 -0.0000 -0.0000 -0.0000 -0.0000 -0.0000 -0.0000 -0.0000 -0.0000 -0.0000 -0.0000 -0.0000 -0.0000 -0.0000 -0.0000 -0.0000 -0.0000 -0.0000 -0.0000 -0.0000 -0.0000 -0.0000 -0.0000 -0.0000 -0.0000 -0.0000 -0.0000 -0.0000 -0.0000 -0.0000 -0.0000 -0.0000 -0.0000 -0.0000 -0.0000 -0.0000  0.0000 -0.0000  0.0000 -0.0000  0.0000  0.0000  0.0000  0.0000 -0.0000 -0.0000 -0.0005 -0.0062  0.0107 -0.0025  0.0014 -0.0110 -0.0005  0.0000  0.0038  0.0024 -0.0007  0.0036  0.0133 -0.0251 -0.0323  0.0267  0.1240  0.0706 -0.0950 -0.0332  0.6228 -0.2071 -0.1525 -0.0570 -0.3683  0.2699 -0.3877  0.0808  0.1297 -0.0399 -0.3338
 0.1400000E-01 0.3673469E+03 0.3600000E+02 0.1091998E+02 0.1628787E+00 0.6713484E-01 0.2010249E+00
 -0.0000 -0.0000  0.0000 -0.0000  0.0000  0.0000  0.0000  0.0000  0.0000  0.0000 -0.0000  0.0000 -0.0000 -0.0000 -0.0000 -0.0000  0.0000 -0.0000  0.0000 -0.0000 -0.0000 -0.0000 -0.0000 -0.0000 -0.0000 -0.0000 -0.0000 -0.0000 -0.0000 -0.0000 -0.0000 -0.0000 -0.0000 -0.0000 -0.0000 -0.0000 -0.0000 -0.0000 -0.0000 -0.0000 -0.0000 -0.0000 -0.0000 -0.0000 -0.0000 -0.0000 -0.0000 -0.0000 -0.0000 -0.0000 -0.0000 -0.0000 -0.0000 -0.0000 -0.0000 -0.0000 -0.0000 -0.0000  0.0000 -0.0000  0.0000 -0.0000  0.0000  0.0000  0.0000  0.0000 -0.0000 -0.0000  0.0000 -0.0027  0.0111 -0.0025 -0.0036 -0.0016 -0.0016 -0.0010 -0.0032  0.0054 -0.0045 -0.0087  0.0187 -0.0090 -0.0681  0.0150  0.0501  0.0392 -0.0452 -0.0099  0.5386 -0.0245 -0.1228 -0.2103 -0.3028  0.1309 -0.4783  0.0345 -0.0359  0.1517 -0.2475
 0.1800000E-01 0.2857143E+03 0.3600000E+02 0.1006826E+02 0.1567118E+00 0.6355340E-01 0.1868836E+00
 -0.0000 -0.0000  0.0000 -0.0000  0.0000  0.0000  0.0000  0.0000  0.0000  0.0000 -0.0000  0.0000 -0.0000 -0.0000 -0.0000 -0.0000  0.0000 -0.0000  0.0000 -0.0000 -0.0000 -0.0000 -0.0000 -0.0000 -0.0000 -0.0000 -0.0000 -0.0000 -0.0000 -0.0000 -0.0000 -0.0000 -0.0000 -0.0000 -0.0000 -0.0000 -0.0000 -0.0000 -0.0000 -0.0000 -0.0000 -0.0000 -0.0000 -0.0000 -0.0000 -0.0000 -0.0000 -0.0000 -0.0000 -0.0000 -0.0000 -0.0000 -0.0000 -0.0000 -0.0000 -0.0000 -0.0000 -0.0000  0.0000  0.0000  0.0000 -0.0000  0.0000  0.0000  0.0000  0.0000 -0.0000 -0.0000  0.0010 -0.0021  0.0080 -0.0020 -0.0035  0.0014 -0.0037 -0.0008 -0.0083  0.0034 -0.0052 -0.0062  0.0168 -0.0053 -0.0941  0.0104  0.0086 -0.0006 -0.0263 -0.0011  0.4574  0.0916 -0.0789 -0.1095 -0.2513  0.2835 -0.3613  0.0714  0.1543 -0.1089 -0.2516
 0.2200000E-01 0.2337662E+03 0.3600000E+02 0.9307097E+01 0.1493742E+00 0.5871539E-01 0.1774252E+00
  0.0000  0.0000 -0.0000 -0.0000  0.0000  0.0000 -0.0000 -0.0000  0.0000 -0.0000 -0.0000 -0.0000 -0.0000  0.0000 -0.0000  0.0000  0.0000 -0.0000  0.0000  0.0000 -0.0000 -0.0000 -0.0000 -0.0000 -0.0000 -0.0000 -0.0000 -0.0000 -0.0000 -0.0000 -0.0000 -0.0000 -0.0000 -0.0000 -0.0000 -0.0000 -0.0000 -0.0000 -0.0000 -0.0000 -0.0000 -0.0000 -0.0000 -0.0000 -0.0000 -0.0000 -0.0000 -0.0000 -0.0000 -0.0000 -0.0000 -0.0000 -0.0000 -0.0000 -0.0000 -0.0000 -0.0000 -0.0000  0.0000  0.0000  0.0000  0.0000 -0.0000 -0.0000  0.0000 -0.0000 -0.0000 -0.0000  0.0009 -0.0004  0.0056 -0.0037 -0.0049  0.0037 -0.0026  0.0016 -0.0135  0.0025 -0.0049 -0.0174  0.0218  0.0002 -0.0971 -0.0127 -0.0217  0.0176  0.0233  0.0169  0.3702  0.1858 -0.1435 -0.2765 -0.3380  0.2054 -0.3350  0.0633 -0.0378 -0.1108 -0.3051
 0.2650000E-01 0.1940701E+03 0.3600000E+02 0.8907103E+01 0.1326312E+00 0.5310355E-01 0.1511695E+00
  0.0000  0.0000 -0.0000  0.0000  0.0000  0.0000 -0.0000 -0.0000  0.0000 -0.0000  0.0000 -0.0000 -0.0000  0.0000 -0.0000  0.0000 -0.0000 -0.0000 -0.0000  0.0000 -0.0000 -0.0000 -0.0000 -0.0000 -0.0000 -0.0000 -0.0000 -0.0000 -0.0000 -0.0000 -0.0000 -0.0000 -0.0000 -0.0000 -0.0000 -0.0000 -0.0000 -0.0000 -0.0000 -0.0000 -0.0000 -0.0000 -0.0000 -0.0000 -0.0000 -0.0000 -0.0000 -0.0000 -0.0000 -0.0000 -0.0000 -0.0000 -0.0000 -0.0000 -0.0000 -0.0000  0.0000  0.0000  0.0000  0.0000 -0.0000  0.0000 -0.0000 -0.0000  0.0000 -0.0000 -0.0000 -0.0000  0.0011  0.0000  0.0061 -0.0029 -0.0099  0.0047 -0.0010 -0.0011 -0.0108  0.0041 -0.0043 -0.0150  0.0204  0.0091 -0.1094  0.0035 -0.0246  0.0243  0.0437 -0.0047  0.3266  0.2421 -0.0198 -0.0743 -0.0930  0.2364 -0.1937  0.0281 -0.0353 -0.0354 -0.1224
 0.3150000E-01 0.1632653E+03 0.3600000E+02 0.8436650E+01 0.1283000E+00 0.5093445E-01 0.1489817E+00
  0.0000  0.0000 -0.0000  0.0000  0.0000  0.0000 -0.0000 -0.0000  0.0000 -0.0000  0.0000 -0.0000  0.0000  0.0000 -0.0000  0.0000 -0.0000 -0.0000 -0.0000  0.0000 -0.0000 -0.0000 -0.0000 -0.0000 -0.0000 -0.0000 -0.0000 -0.0000 -0.0000 -0.0000 -0.0000 -0.0000 -0.0000 -0.0000 -0.0000 -0.0000 -0.0000 -0.0000 -0.0000 -0.0000 -0.0000 -0.0000 -0.0000 -0.0000 -0.0000 -0.0000 -0.0000 -0.0000 -0.0000 -0.0000 -0.0000 -0.0000 -0.0000 -0.0000 -0.0000 -0.0000  0.0000  0.0000  0.0000  0.0000 -0.0000  0.0000 -0.0000 -0.0000  0.0000 -0.0000 -0.0000 -0.0000  0.0012 -0.0001  0.0046 -0.0015 -0.0080  0.0063 -0.0026 -0.0004 -0.0102  0.0044 -0.0027 -0.0181  0.0245  0.0135 -0.1071 -0.0131 -0.0553  0.0465  0.1755  0.0683  0.2448  0.2886 -0.1009 -0.0921 -0.3100  0.1878 -0.0960  0.0343  0.0986  0.0259 -0.2710
 0.3650000E-01 0.1409002E+03 0.3600000E+02 0.7448529E+01 0.1197744E+00 0.4834295E-01 0.1393250E+00
  0.0000  0.0000 -0.0000  0.0000  0.0000  0.0000 -0.0000 -0.0000  0.0000 -0.0000  0.0000 -0.0000  0.0000  0.0000 -0.0000  0.0000 -0.0000 -0.0000 -0.0000  0.0000 -0.0000 -0.0000 -0.0000 -0.0000 -0.0000 -0.0000 -0.0000 -0.0000 -0.0000 -0.0000 -0.0000 -0.0000 -0.0000 -0.0000 -0.0000 -0.0000 -0.0000 -0.0000 -0.0000 -0.0000 -0.0000 -0.0000 -0.0000 -0.0000 -0.0000 -0.0000 -0.0000 -0.0000 -0.0000 -0.0000 -0.0000 -0.0000 -0.0000 -0.0000 -0.0000 -0.0000  0.0000  0.0000  0.0000  0.0000 -0.0000  0.0000 -0.0000 -0.0000  0.0000 -0.0000 -0.0000 -0.0000  0.0019  0.0019  0.0016 -0.0001 -0.0128  0.0131 -0.0042 -0.0022 -0.0172  0.0055 -0.0019 -0.0152  0.0209  0.0241 -0.1521 -0.0073 -0.1040 -0.0415  0.0916  0.0551  0.2394  0.3823 -0.0373 -0.2570 -0.0564  0.0606 -0.2509  0.1016  0.1220 -0.1696 -0.2190
 0.4200000E-01 0.1224490E+03 0.3600000E+02 0.6710980E+01 0.1046025E+00 0.4087057E-01 0.1239234E+00
  0.0000  0.0000 -0.0000  0.0000  0.0000  0.0000 -0.0000 -0.0000  0.0000 -0.0000  0.0000 -0.0000 -0.0000  0.0000 -0.0000  0.0000 -0.0000 -0.0000  0.0000  0.0000 -0.0000 -0.0000 -0.0000 -0.0000 -0.0000 -0.0000 -0.0000 -0.0000 -0.0000 -0.0000 -0.0000 -0.0000 -0.0000 -0.0000 -0.0000 -0.0000 -0.0000 -0.0000 -0.0000 -0.0000 -0.0000 -0.0000 -0.0000 -0.0000 -0.0000 -0.0000 -0.0000 -0.0000 -0.0000 -0.0000 -0.0000 -0.0000 -0.0000 -0.0000 -0.0000 -0.0000 -0.0000  0.0000  0.0000  0.0000  0.0000  0.0000 -0.0000 -0.0000  0.0000 -0.0000 -0.0000 -0.0000  0.0011  0.0000  0.0066  0.0023 -0.0073  0.0097 -0.0058  0.0001 -0.0095  0.0053 -0.0029 -0.0226  0.0210  0.0104 -0.0567 -0.0344 -0.0408 -0.0197  0.1926  0.0666  0.0934  0.3713 -0.1064 -0.3307 -0.2791  0.3434  0.0984 -0.1106  0.0433 -0.0949 -0.2534
 0.4800000E-01 0.1071429E+03 0.3600000E+02 0.5961115E+01 0.9806871E-01 0.3693063E-01 0.1133647E+00
  0.0000  0.0000 -0.0000  0.0000  0.0000  0.0000 -0.0000 -0.0000  0.0000 -0.0000  0.0000 -0.0000  0.0000  0.0000 -0.0000  0.0000 -0.0000 -0.0000 -0.0000  0.0000 -0.0000 -0.0000 -0.0000 -0.0000 -0.0000 -0.0000 -0.0000 -0.0000 -0.0000 -0.0000 -0.0000 -0.0000 -0.0000 -0.0000 -0.0000 -0.0000 -0.0000 -0.0000 -0.0000 -0.0000 -0.0000 -0.0000 -0.0000 -0.0000 -0.0000 -0.0000 -0.0000 -0.0000 -0.0000 -0.0000 -0.0000 -0.0000 -0.0000 -0.0000 -0.0000 -0.0000  0.0000  0.0000  0.0000  0.0000 -0.0000  0.0000 -0.0000 -0.0000  0.0000 -0.0000 -0.0000 -0.0000  0.0018  0.0027  0.0036 -0.0016 -0.0120  0.0158 -0.0046 -0.0012 -0.0173  0.0034 -0.0055 -0.0225  0.0222  0.0258 -0.1238 -0.0162 -0.0793 -0.0623  0.0756  0.1249  0.1304  0.4384 -0.0532 -0.3084 -0.1756  0.1882 -0.0739 -0.0525 -0.0157 -0.0633 -0.3015
 0.5400000E-01 0.9523809E+02 0.3600000E+02 0.5316379E+01 0.9189571E-01 0.3575824E-01 0.1070937E+00
  0.0000  0.0000 -0.0000  0.0000  0.0000 -0.0000 -0.0000 -0.0000  0.0000 -0.0000  0.0000 -0.0000  0.0000  0.0000 -0.0000  0.0000 -0.0000 -0.0000 -0.0000  0.0000 -0.0000 -0.0000 -0.0000 -0.0000 -0.0000 -0.0000 -0.0000 -0.0000 -0.0000 -0.0000 -0.0000 -0.0000 -0.0000 -0.0000 -0.0000 -0.0000 -0.0000 -0.0000 -0.0000 -0.0000 -0.0000 -0.0000 -0.0000 -0.0000 -0.0000 -0.0000 -0.0000 -0.0000 -0.0000 -0.0000 -0.0000 -0.0000 -0.0000 -0.0000 -0.0000 -0.0000  0.0000  0.0000  0.0000  0.0000 -0.0000  0.0000 -0.0000 -0.0000  0.0000 -0.0000 -0.0000  0.0000  0.0017  0.0034  0.0011 -0.0020 -0.0133  0.0127 -0.0032 -0.0029 -0.0190  0.0043 -0.0081 -0.0174  0.0183  0.0159 -0.1250 -0.0018 -0.1099 -0.0631  0.1359  0.0746  0.1266  0.5314 -0.0520 -0.0862 -0.1600 -0.0179 -0.2985  0.0104  0.1285  0.1196 -0.3250
 0.6050000E-01 0.8500591E+02 0.3600000E+02 0.4999060E+01 0.8287526E-01 0.3204129E-01 0.9572693E-01
  0.0000  0.0000 -0.0000  0.0000  0.0000  0.0000 -0.0000 -0.0000  0.0000 -0.0000  0.0000 -0.0000  0.0000  0.0000 -0.0000  0.0000 -0.0000 -0.0000 -0.0000  0.0000 -0.0000 -0.0000 -0.0000 -0.0000 -0.0000 -0.0000 -0.0000 -0.0000 -0.0000 -0.0000 -0.0000 -0.0000 -0.0000 -0.0000 -0.0000 -0.0000 -0.0000 -0.0000 -0.0000 -0.0000 -0.0000 -0.0000 -0.0000 -0.0000 -0.0000 -0.0000 -0.0000 -0.0000 -0.0000 -0.0000 -0.0000 -0.0000 -0.0000 -0.0000 -0.0000 -0.0000  0.0000  0.0000  0.0000  0.0000 -0.0000  0.0000 -0.0000 -0.0000  0.0000 -0.0000 -0.0000 -0.0000  0.0012  0.0026  0.0047 -0.0014 -0.0099  0.0101 -0.0042 -0.0039 -0.0162  0.0057 -0.0066 -0.0191  0.0196  0.0175 -0.0990 -0.0107 -0.0450 -0.0778  0.1352  0.0450  0.1414  0.4894  0.0105 -0.2581 -0.0776  0.2551 -0.2141  0.0505 -0.0041 -0.0352 -0.1439
 0.6800000E-01 0.7563025E+02 0.3600000E+02 0.4356080E+01 0.7332110E-01 0.2848375E-01 0.8484677E-01
  0.0000  0.0000 -0.0000  0.0000  0.0000  0.0000 -0.0000 -0.0000  0.0000 -0.0000  0.0000 -0.0000  0.0000  0.0000 -0.0000  0.0000 -0.0000 -0.0000 -0.0000  0.0000 -0.0000 -0.0000 -0.0000 -0.0000 -0.0000 -0.0000 -0.0000 -0.0000 -0.0000 -0.0000 -0.0000 -0.0000 -0.0000 -0.0000 -0.0000 -0.0000 -0.0000 -0.0000 -0.0000 -0.0000 -0.0000 -0.0000 -0.0000 -0.0000 -0.0000 -0.0000 -0.0000 -0.0000 -0.0000 -0.0000 -0.0000 -0.0000 -0.0000 -0.0000 -0.0000 -0.0000  0.0000  0.0000  0.0000  0.0000 -0.0000  0.0000 -0.0000 -0.0000  0.0000 -0.0000 -0.0000  0.0000  0.0019  0.0023  0.0014 -0.0026 -0.0107  0.0115 -0.0032 -0.0016 -0.0188  0.0048 -0.0111 -0.0163  0.0242  0.0095 -0.0992  0.0328 -0.1366 -0.0569  0.1061  0.0081  0.1185  0.5219  0.0516  0.0126 -0.2405  0.3231 -0.1506  0.0370  0.0517 -0.0520 -0.0794
 0.7650000E-01 0.6722689E+02 0.3600000E+02 0.3801870E+01 0.6381835E-01 0.2366603E-01 0.7349238E-01
  0.0000  0.0000 -0.0000  0.0000  0.0000  0.0000 -0.0000 -0.0000  0.0000 -0.0000  0.0000 -0.0000  0.0000  0.0000 -0.0000  0.0000 -0.0000 -0.0000 -0.0000  0.0000 -0.0000 -0.0000 -0.0000 -0.0000 -0.0000 -0.0000 -0.0000 -0.0000 -0.0000 -0.0000 -0.0000 -0.0000 -0.0000 -0.0000 -0.0000 -0.0000 -0.0000 -0.0000 -0.0000 -0.0000 -0.0000 -0.0000 -0.0000 -0.0000 -0.0000 -0.0000 -0.0000 -0.0000 -0.0000 -0.0000 -0.0000 -0.0000 -0.0000 -0.0000 -0.0000 -0.0000  0.0000  0.0000  0.0000  0.0000 -0.0000  0.0000 -0.0000 -0.0000  0.0000 -0.0000 -0.0000 -0.0000  0.0012  0.0027  0.0028  0.0005 -0.0100  0.0079 -0.0041 -0.0022 -0.0146  0.0031 -0.0040 -0.0181  0.0127  0.0087 -0.0820 -0.0150 -0.0546 -0.0649  0.2594  0.0637  0.1101  0.4574 -0.0063 -0.1411 -0.0410  0.1264 -0.3676  0.0061  0.1095 -0.0900 -0.1757
 0.8600000E-01 0.5980066E+02 0.3600000E+02 0.3339321E+01 0.5774585E-01 0.2191276E-01 0.6558290E-01
  0.0000  0.0000 -0.0000  0.0000  0.0000  0.0000 -0.0000 -0.0000  0.0000 -0.0000  0.0000 -0.0000  0.0000  0.0000 -0.0000  0.0000 -0.0000 -0.0000 -0.0000  0.0000 -0.0000 -0.0000 -0.0000 -0.0000 -0.0000 -0.0000 -0.0000 -0.0000 -0.0000 -0.0000 -0.0000 -0.0000 -0.0000 -0.0000 -0.0000 -0.0000 -0.0000 -0.0000 -0.0000 -0.0000 -0.0000 -0.0000 -0.0000 -0.0000 -0.0000 -0.0000 -0.0000 -0.0000 -0.0000 -0.0000 -0.0000 -0.0000 -0.0000 -0.0000 -0.0000 -0.0000  0.0000  0.0000  0.0000  0.0000 -0.0000  0.0000 -0.0000 -0.0000  0.0000 -0.0000 -0.0000  0.0000  0.0011  0.0029  0.0025 -0.0027 -0.0094  0.0083 -0.0015 -0.0020 -0.0182  0.0045 -0.0100 -0.0185  0.0190  0.0053 -0.0760  0.0296 -0.0985 -0.0139  0.0920  0.0095  0.0767  0.4549  0.0434 -0.1231 -0.1781  0.2484 -0.2434 -0.1133 -0.1039  0.0555 -0.0230
 0.9650000E-01 0.5329385E+02 0.3600000E+02 0.2933718E+01 0.5039140E-01 0.2139309E-01 0.5851383E-01
  0.0000  0.0000 -0.0000  0.0000  0.0000  0.0000 -0.0000 -0.0000  0.0000 -0.0000  0.0000 -0.0000  0.0000  0.0000 -0.0000  0.0000 -0.0000 -0.0000 -0.0000  0.0000 -0.0000 -0.0000 -0.0000 -0.0000 -0.0000 -0.0000 -0.0000 -0.0000 -0.0000 -0.0000 -0.0000 -0.0000 -0.0000 -0.0000 -0.0000 -0.0000 -0.0000 -0.0000 -0.0000 -0.0000 -0.0000 -0.0000 -0.0000 -0.0000 -0.0000 -0.0000 -0.0000 -0.0000 -0.0000 -0.0000 -0.0000 -0.0000 -0.0000 -0.0000 -0.0000 -0.0000  0.0000  0.0000  0.0000  0.0000 -0.0000  0.0000 -0.0000 -0.0000  0.0000 -0.0000 -0.0000 -0.0000  0.0011  0.0028  0.0029  0.0024 -0.0107  0.0110 -0.0049 -0.0017 -0.0168  0.0088 -0.0042 -0.0159  0.0165  0.0083 -0.0772 -0.0061 -0.1168  0.0334  0.2171  0.0335  0.0394  0.4179  0.0503 -0.2469 -0.0905  0.2095 -0.2836 -0.0856  0.0751  0.1892  0.0694
 0.1080000E+00 0.4761905E+02 0.3600000E+02 0.2643981E+01 0.4742957E-01 0.2147377E-01 0.5695103E-01
  0.0000  0.0000 -0.0000  0.0000  0.0000 -0.0000 -0.0000 -0.0000  0.0000 -0.0000  0.0000 -0.0000  0.0000  0.0000  0.0000  0.0000 -0.0000 -0.0000 -0.0000  0.0000 -0.0000 -0.0000 -0.0000 -0.0000 -0.0000 -0.0000 -0.0000 -0.0000 -0.0000 -0.0000 -0.0000 -0.0000 -0.0000 -0.0000 -0.0000 -0.0000 -0.0000 -0.0000 -0.0000 -0.0000 -0.0000 -0.0000 -0.0000 -0.0000 -0.0000 -0.0000 -0.0000 -0.0000 -0.0000 -0.0000 -0.0000 -0.0000 -0.0000 -0.0000 -0.0000 -0.0000  0.0000  0.0000 -0.0000  0.0000 -0.0000  0.0000 -0.0000 -0.0000  0.0000 -0.0000 -0.0000  0.0000  0.0009  0.0022 -0.0013  0.0001 -0.0076  0.0140  0.0009 -0.0034 -0.0156  0.0085 -0.0079 -0.0061  0.0218  0.0044 -0.0770  0.0052 -0.1299 -0.0223  0.1102  0.0435 -0.0294  0.4527  0.0601 -0.0693 -0.1699  0.2106 -0.2535 -0.3129  0.1929 -0.4797 -0.0813
 0.1210000E+00 0.4250295E+02 0.3600000E+02 0.2195470E+01 0.3914192E-01 0.1466221E-01 0.4490422E-01
  0.0000  0.0000 -0.0000  0.0000  0.0000 -0.0000 -0.0000 -0.0000  0.0000 -0.0000  0.0000 -0.0000  0.0000  0.0000  0.0000  0.0000 -0.0000 -0.0000 -0.0000  0.0000 -0.0000 -0.0000 -0.0000 -0.0000 -0.0000 -0.0000 -0.0000 -0.0000 -0.0000 -0.0000 -0.0000 -0.0000 -0.0000 -0.0000 -0.0000 -0.0000 -0.0000 -0.0000 -0.0000 -0.0000 -0.0000 -0.0000 -0.0000 -0.0000 -0.0000 -0.0000 -0.0000 -0.0000 -0.0000 -0.0000 -0.0000 -0.0000 -0.0000 -0.0000 -0.0000 -0.0000  0.0000  0.0000  0.0000  0.0000 -0.0000  0.0000 -0.0000 -0.0000  0.0000 -0.0000 -0.0000  0.0000  0.0009  0.0026 -0.0012  0.0028 -0.0045  0.0127 -0.0013 -0.0006 -0.0152  0.0086 -0.0049 -0.0122  0.0119  0.0062 -0.0508 -0.0064 -0.1182 -0.0515  0.2058  0.0536  0.0218  0.4435  0.0022 -0.2968 -0.0695  0.0311 -0.4155  0.1567  0.0075 -0.0352 -0.0619
 0.1365000E+00 0.3767661E+02 0.3600000E+02 0.1796335E+01 0.3238134E-01 0.1301120E-01 0.3744359E-01
  0.0000  0.0000 -0.0000  0.0000 -0.0000 -0.0000 -0.0000 -0.0000  0.0000 -0.0000  0.0000 -0.0000  0.0000  0.0000  0.0000  0.0000 -0.0000  0.0000 -0.0000  0.0000 -0.0000 -0.0000 -0.0000 -0.0000 -0.0000 -0.0000 -0.0000 -0.0000 -0.0000 -0.0000 -0.0000 -0.0000 -0.0000 -0.0000 -0.0000 -0.0000 -0.0000 -0.0000 -0.0000 -0.0000 -0.0000 -0.0000 -0.0000 -0.0000 -0.0000 -0.0000 -0.0000 -0.0000 -0.0000 -0.0000 -0.0000 -0.0000 -0.0000 -0.0000 -0.0000  0.0000  0.0000  0.0000 -0.0000  0.0000 -0.0000  0.0000 -0.0000 -0.0000 -0.0000 -0.0000  0.0000  0.0000  0.0004  0.0011 -0.0042  0.0007 -0.0029  0.0057  0.0024  0.0014 -0.0104  0.0021 -0.0035 -0.0017  0.0062 -0.0042  0.0115  0.0088 -0.0595 -0.0995  0.2265  0.0834 -0.1145  0.3704  0.0272 -0.0831 -0.3175  0.4086 -0.0390  0.0162  0.2423 -0.0431 -0.1027
 0.1550000E+00 0.3317972E+02 0.3600000E+02 0.1553480E+01 0.2833746E-01 0.1126094E-01 0.3239573E-01
  0.0000  0.0000 -0.0000  0.0000  0.0000 -0.0000 -0.0000 -0.0000  0.0000 -0.0000  0.0000 -0.0000  0.0000  0.0000  0.0000  0.0000 -0.0000  0.0000 -0.0000  0.0000 -0.0000 -0.0000 -0.0000 -0.0000 -0.0000 -0.0000 -0.0000 -0.0000 -0.0000 -0.0000 -0.0000 -0.0000 -0.0000 -0.0000 -0.0000 -0.0000 -0.0000 -0.0000 -0.0000 -0.0000 -0.0000 -0.0000 -0.0000 -0.0000 -0.0000 -0.0000 -0.0000 -0.0000 -0.0000 -0.0000 -0.0000 -0.0000 -0.0000 -0.0000 -0.0000  0.0000  0.0000  0.0000 -0.0000  0.0000 -0.0000  0.0000 -0.0000 -0.0000  0.0000 -0.0000  0.0000  0.0000  0.0000  0.0025 -0.0053 -0.0006 -0.0093  0.0098  0.0031 -0.0018 -0.0132  0.0047 -0.0044  0.0085  0.0093 -0.0033 -0.0168  0.0563 -0.1409 -0.0162  0.1189  0.0154 -0.1086  0.3934  0.0640  0.0621 -0.2443  0.4422 -0.1221 -0.0018 -0.1027 -0.0403 -0.0231
 0.1770000E+00 0.2905569E+02 0.3600000E+02 0.1198758E+01 0.2265392E-01 0.9332976E-02 0.2618448E-01
  0.0000  0.0000 -0.0000  0.0000 -0.0000 -0.0000 -0.0000 -0.0000  0.0000 -0.0000  0.0000 -0.0000  0.0000  0.0000  0.0000  0.0000 -0.0000  0.0000 -0.0000  0.0000 -0.0000 -0.0000 -0.0000 -0.0000 -0.0000 -0.0000 -0.0000 -0.0000 -0.0000 -0.0000 -0.0000 -0.0000 -0.0000 -0.0000 -0.0000 -0.0000 -0.0000 -0.0000 -0.0000 -0.0000 -0.0000 -0.0000 -0.0000 -0.0000 -0.0000 -0.0000 -0.0000 -0.0000 -0.0000 -0.0000 -0.0000 -0.0000 -0.0000 -0.0000 -0.0000  0.0000  0.0000  0.0000 -0.0000  0.0000 -0.0000  0.0000 -0.0000 -0.0000  0.0000 -0.0000  0.0000  0.0000  0.0003  0.0024 -0.0057  0.0021 -0.0068  0.0055  0.0016  0.0008 -0.0127  0.0010  0.0009  0.0039 -0.0014 -0.0095  0.0023  0.0076 -0.1170 -0.0181  0.1538  0.0097 -0.2219  0.3176  0.1590  0.0493  0.0839  0.4677 -0.2981 -0.0878 -0.1739 -0.0816  0.1356
 0.2040000E+00 0.2521008E+02 0.3600000E+02 0.9636883E+00 0.1807730E-01 0.7091070E-02 0.2191151E-01
  0.0000  0.0000 -0.0000  0.0000 -0.0000 -0.0000 -0.0000 -0.0000 -0.0000 -0.0000  0.0000 -0.0000  0.0000  0.0000  0.0000  0.0000 -0.0000  0.0000 -0.0000  0.0000 -0.0000 -0.0000 -0.0000 -0.0000 -0.0000 -0.0000 -0.0000 -0.0000 -0.0000 -0.0000 -0.0000 -0.0000 -0.0000 -0.0000 -0.0000 -0.0000 -0.0000 -0.0000 -0.0000 -0.0000 -0.0000 -0.0000 -0.0000 -0.0000 -0.0000 -0.0000 -0.0000 -0.0000 -0.0000 -0.0000 -0.0000 -0.0000 -0.0000 -0.0000 -0.0000  0.0000  0.0000  0.0000 -0.0000  0.0000 -0.0000  0.0000 -0.0000 -0.0000 -0.0000 -0.0000  0.0000  0.0000 -0.0005  0.0022 -0.0061  0.0037 -0.0012  0.0006  0.0062  0.0014 -0.0057  0.0033  0.0001  0.0038 -0.0043 -0.0057  0.0695  0.0184 -0.1318  0.0265 -0.0127 -0.0332 -0.3215  0.2290  0.2620 -0.3474 -0.0138  0.3724 -0.2788 -0.2385 -0.2711  0.1528  0.6077
 0.2385000E+00 0.2156334E+02 0.3600000E+02 0.7364305E+00 0.1396564E-01 0.5909265E-02 0.1739862E-01
  0.0000  0.0000 -0.0000  0.0000 -0.0000 -0.0000 -0.0000 -0.0000  0.0000 -0.0000  0.0000 -0.0000  0.0000  0.0000  0.0000  0.0000 -0.0000  0.0000 -0.0000  0.0000 -0.0000 -0.0000 -0.0000 -0.0000 -0.0000 -0.0000 -0.0000 -0.0000 -0.0000 -0.0000 -0.0000 -0.0000 -0.0000 -0.0000 -0.0000 -0.0000 -0.0000 -0.0000 -0.0000 -0.0000 -0.0000 -0.0000 -0.0000 -0.0000 -0.0000 -0.0000 -0.0000 -0.0000 -0.0000 -0.0000 -0.0000 -0.0000 -0.0000 -0.0000 -0.0000  0.0000  0.0000  0.0000 -0.0000  0.0000 -0.0000  0.0000 -0.0000 -0.0000 -0.0000 -0.0000  0.0000  0.0000  0.0001  0.0028 -0.0078  0.0028 -0.0021  0.0006  0.0088  0.0045 -0.0040 -0.0019 -0.0050 -0.0008 -0.0087 -0.0163  0.1146  0.0582 -0.0792 -0.1093  0.1337 -0.0591 -0.4528  0.1842  0.3585 -0.0120 -0.0153  0.4552 -0.3157 -0.2121 -0.1532  0.2392  0.6960
 0.2850000E+00 0.1804511E+02 0.3600000E+02 0.5310479E+00 0.1038703E-01 0.5308282E-02 0.1344159E-01
  0.0000  0.0000 -0.0000  0.0000 -0.0000 -0.0000 -0.0000 -0.0000 -0.0000 -0.0000  0.0000 -0.0000  0.0000  0.0000  0.0000  0.0000 -0.0000  0.0000 -0.0000  0.0000 -0.0000 -0.0000 -0.0000 -0.0000 -0.0000 -0.0000 -0.0000 -0.0000 -0.0000 -0.0000 -0.0000 -0.0000 -0.0000 -0.0000 -0.0000 -0.0000 -0.0000 -0.0000 -0.0000 -0.0000 -0.0000 -0.0000 -0.0000 -0.0000 -0.0000 -0.0000 -0.0000 -0.0000 -0.0000 -0.0000 -0.0000 -0.0000 -0.0000 -0.0000 -0.0000  0.0000  0.0000  0.0000 -0.0000 -0.0000 -0.0000  0.0000 -0.0000 -0.0000 -0.0000 -0.0000  0.0000  0.0000 -0.0005  0.0020 -0.0100  0.0027  0.0091 -0.0046  0.0086  0.0088  0.0096 -0.0053 -0.0055  0.0144 -0.0215 -0.0285  0.2255  0.0800 -0.0706 -0.1779  0.0870  0.0209 -0.6857  0.1103  0.3220 -0.1867 -0.1458  0.4583 -0.5012  0.0810  0.2262 -0.0771  0.5574
 0.3515000E+00 0.1463117E+02 0.3600000E+02 0.3509208E+00 0.7082039E-02 0.3530246E-02 0.9812215E-02
  0.0000  0.0000 -0.0000  0.0000 -0.0000 -0.0000 -0.0000 -0.0000 -0.0000  0.0000  0.0000 -0.0000  0.0000  0.0000  0.0000  0.0000 -0.0000  0.0000 -0.0000  0.0000 -0.0000 -0.0000 -0.0000 -0.0000 -0.0000 -0.0000 -0.0000 -0.0000 -0.0000 -0.0000 -0.0000 -0.0000 -0.0000 -0.0000 -0.0000 -0.0000 -0.0000 -0.0000 -0.0000 -0.0000 -0.0000 -0.0000 -0.0000 -0.0000 -0.0000 -0.0000 -0.0000 -0.0000 -0.0000 -0.0000 -0.0000 -0.0000 -0.0000 -0.0000 -0.0000  0.0000  0.0000  0.0000 -0.0000 -0.0000 -0.0000 -0.0000 -0.0000 -0.0000 -0.0000 -0.0000  0.0000  0.0000 -0.0019  0.0029 -0.0160 -0.0002  0.0096 -0.0135  0.0145  0.0130  0.0257 -0.0116 -0.0010  0.0376 -0.0403 -0.0325  0.3432  0.0338 -0.0684 -0.1250  0.0291  0.0240 -1.0463 -0.1006  0.3638 -0.2165  0.0501  0.6085 -0.5549  0.1709  0.0677  0.3467  0.6843
 0.4575000E+00 0.1124122E+02 0.3600000E+02 0.2014118E+00 0.4312123E-02 0.2327990E-02 0.6804967E-02
  0.0000  0.0000 -0.0000  0.0000 -0.0000 -0.0000 -0.0000 -0.0000 -0.0000  0.0000  0.0000 -0.0000  0.0000  0.0000  0.0000  0.0000 -0.0000  0.0000 -0.0000  0.0000 -0.0000 -0.0000 -0.0000 -0.0000 -0.0000 -0.0000 -0.0000 -0.0000 -0.0000 -0.0000 -0.0000 -0.0000 -0.0000 -0.0000 -0.0000 -0.0000 -0.0000 -0.0000 -0.0000 -0.0000 -0.0000 -0.0000 -0.0000 -0.0000 -0.0000 -0.0000 -0.0000 -0.0000 -0.0000 -0.0000 -0.0000 -0.0000 -0.0000 -0.0000 -0.0000  0.0000  0.0000  0.0000 -0.0000 -0.0000 -0.0000 -0.0000 -0.0000 -0.0000 -0.0000 -0.0000  0.0000  0.0000 -0.0003  0.0019 -0.0248  0.0015  0.0244 -0.0261  0.0125  0.0054  0.0592 -0.0266  0.0098  0.0570 -0.0765 -0.0086  0.4430 -0.0156 -0.0271 -0.2702 -0.2011  0.0308 -1.7288 -0.2982  0.5105  0.1201 -0.1236  0.5260 -0.7170 -0.2228  0.1369  0.5611  0.7914
 0.6095000E+00 0.8437830E+01 0.3600000E+02 0.9940016E-01 0.2735399E-02 0.2035833E-02 0.4632820E-02
  0.0000  0.0000 -0.0000  0.0000 -0.0000 -0.0000 -0.0000 -0.0000 -0.0000 -0.0000  0.0000 -0.0000  0.0000  0.0000  0.0000  0.0000 -0.0000  0.0000 -0.0000  0.0000 -0.0000 -0.0000 -0.0000 -0.0000 -0.0000 -0.0000 -0.0000 -0.0000 -0.0000 -0.0000 -0.0000 -0.0000 -0.0000 -0.0000 -0.0000 -0.0000 -0.0000 -0.0000 -0.0000 -0.0000 -0.0000 -0.0000 -0.0000 -0.0000 -0.0000 -0.0000 -0.0000 -0.0000 -0.0000 -0.0000 -0.0000 -0.0000 -0.0000 -0.0000 -0.0000  0.0000  0.0000  0.0000 -0.0000 -0.0000 -0.0000  0.0000 -0.0000 -0.0000 -0.0000 -0.0000  0.0000  0.0000  0.0015  0.0051 -0.0425  0.0065  0.0353 -0.0262 -0.0028 -0.0055  0.0794 -0.0409  0.0334  0.0748 -0.1255  0.0312  0.4028 -0.2239  0.0166 -0.1682 -0.3770 -0.0260 -2.3700 -0.6432  0.6047  0.4768 -0.0507  0.3386 -1.1466  0.0780 -0.5157 -0.3557  1.0402
 0.8065000E+00 0.6376760E+01 0.3600000E+02 0.5576665E-01 0.1860636E-02 0.1198409E-02 0.2852068E-02
  0.0000  0.0000 -0.0000  0.0000 -0.0000 -0.0000 -0.0000 -0.0000 -0.0000 -0.0000  0.0000 -0.0000  0.0000  0.0000  0.0000  0.0000 -0.0000  0.0000 -0.0000  0.0000 -0.0000 -0.0000 -0.0000 -0.0000 -0.0000 -0.0000 -0.0000 -0.0000 -0.0000 -0.0000 -0.0000 -0.0000 -0.0000 -0.0000 -0.0000 -0.0000 -0.0000 -0.0000 -0.0000 -0.0000 -0.0000 -0.0000 -0.0000 -0.0000 -0.0000 -0.0000 -0.0000 -0.0000 -0.0000 -0.0000 -0.0000 -0.0000 -0.0000 -0.0000 -0.0000  0.0000  0.0000  0.0000 -0.0000  0.0000 -0.0000  0.0000 -0.0000 -0.0000 -0.0000 -0.0000  0.0000  0.0000  0.0000  0.0095 -0.0469  0.0097  0.0360 -0.0087  0.0036 -0.0146  0.0539 -0.0394  0.0276  0.0346 -0.1277  0.0041  0.3398 -0.3663 -0.0485 -0.0977 -0.2480  0.1327 -2.4274 -0.7493  0.6529  0.1572  0.0259  0.0077 -1.3622  0.1041 -0.3496 -0.1672  1.0566
 0.1035500E+01 0.4966545E+01 0.3600000E+02 0.2640955E-01 0.1237952E-02 0.7758294E-03 0.1656554E-02
  0.0000  0.0000 -0.0000  0.0000 -0.0000 -0.0000 -0.0000 -0.0000 -0.0000  0.0000  0.0000 -0.0000  0.0000  0.0000  0.0000  0.0000 -0.0000  0.0000 -0.0000  0.0000 -0.0000 -0.0000 -0.0000 -0.0000 -0.0000 -0.0000 -0.0000 -0.0000 -0.0000 -0.0000 -0.0000 -0.0000 -0.0000 -0.0000 -0.0000 -0.0000 -0.0000 -0.0000 -0.0000 -0.0000 -0.0000 -0.0000 -0.0000 -0.0000 -0.0000 -0.0000 -0.0000 -0.0000 -0.0000 -0.0000 -0.0000 -0.0000 -0.0000 -0.0000 -0.0000  0.0000  0.0000  0.0000 -0.0000 -0.0000 -0.0000 -0.0000 -0.0000 -0.0000 -0.0000 -0.0000  0.0000  0.0000 -0.0032  0.0051 -0.0505  0.0114  0.0365  0.0117  0.0159 -0.0130  0.0490 -0.0476  0.0406  0.0518 -0.0980  0.0218  0.2870 -0.3896 -0.0719 -0.2641 -0.3862  0.3513 -2.3781 -0.6148  0.2813 -0.2345 -0.0859  0.1858 -1.0000 -0.1245 -0.2847  0.9058 -0.1015
 0.1324500E+01 0.3882867E+01 0.3600000E+02 0.1612557E-01 0.7408039E-03 0.3691808E-03 0.9769266E-03
  0.0000  0.0000 -0.0000  0.0000 -0.0000 -0.0000 -0.0000 -0.0000 -0.0000  0.0000  0.0000 -0.0000  0.0000  0.0000  0.0000  0.0000 -0.0000  0.0000 -0.0000  0.0000 -0.0000 -0.0000 -0.0000 -0.0000 -0.0000 -0.0000 -0.0000 -0.0000 -0.0000 -0.0000 -0.0000 -0.0000 -0.0000 -0.0000 -0.0000 -0.0000 -0.0000 -0.0000 -0.0000 -0.0000 -0.0000 -0.0000 -0.0000 -0.0000 -0.0000 -0.0000 -0.0000 -0.0000 -0.0000 -0.0000 -0.0000 -0.0000 -0.0000 -0.0000 -0.0000  0.0000  0.0000  0.0000 -0.0000 -0.0000 -0.0000  0.0000 -0.0000 -0.0000 -0.0000 -0.0000  0.0000  0.0000 -0.0044  0.0089 -0.0458  0.0158  0.0295  0.0165  0.0128 -0.0139  0.0388 -0.0225  0.0171  0.0015 -0.0918 -0.0307  0.2391 -0.3788 -0.1436 -0.0869 -0.0425 -0.0838 -1.9257 -0.4088  0.7404  0.2437  0.0221  0.6826 -1.7066 -0.0509 -0.4826  0.2421  1.3954
 0.1721500E+01 0.2987428E+01 0.3600000E+02 0.6806567E-02 0.4589228E-03 0.2368999E-03 0.5909526E-03
  0.0000  0.0000 -0.0000  0.0000 -0.0000 -0.0000 -0.0000 -0.0000 -0.0000  0.0000  0.0000 -0.0000  0.0000  0.0000  0.0000  0.0000 -0.0000  0.0000 -0.0000  0.0000 -0.0000 -0.0000 -0.0000 -0.0000 -0.0000 -0.0000 -0.0000 -0.0000 -0.0000 -0.0000 -0.0000 -0.0000 -0.0000 -0.0000 -0.0000 -0.0000 -0.0000 -0.0000 -0.0000 -0.0000 -0.0000 -0.0000 -0.0000 -0.0000 -0.0000 -0.0000 -0.0000 -0.0000 -0.0000 -0.0000 -0.0000 -0.0000 -0.0000 -0.0000 -0.0000  0.0000  0.0000  0.0000 -0.0000 -0.0000 -0.0000 -0.0000 -0.0000 -0.0000 -0.0000 -0.0000  0.0000  0.0000 -0.0061  0.0083 -0.0461  0.0310  0.0219  0.0085 -0.0050 -0.0180  0.0318 -0.0509  0.0329 -0.0079 -0.0970 -0.0090  0.1743 -0.4195 -0.1914 -0.1176  0.0261 -0.1711 -2.0480 -0.6264  1.3733  0.3649  0.3899  0.6258 -1.8937 -0.0549  0.6522 -0.0364  2.5170
 0.2234500E+01 0.2301570E+01 0.3600000E+02 0.3283762E-02 0.2713953E-03 0.1508199E-03 0.3337403E-03
  0.0000  0.0000 -0.0000  0.0000 -0.0000 -0.0000 -0.0000 -0.0000 -0.0000  0.0000  0.0000 -0.0000  0.0000  0.0000  0.0000  0.0000 -0.0000  0.0000 -0.0000  0.0000 -0.0000 -0.0000 -0.0000 -0.0000 -0.0000 -0.0000 -0.0000 -0.0000 -0.0000 -0.0000 -0.0000 -0.0000 -0.0000 -0.0000 -0.0000 -0.0000 -0.0000 -0.0000 -0.0000 -0.0000 -0.0000 -0.0000 -0.0000 -0.0000 -0.0000 -0.0000 -0.0000 -0.0000 -0.0000 -0.0000 -0.0000 -0.0000 -0.0000 -0.0000 -0.0000  0.0000  0.0000  0.0000 -0.0000 -0.0000 -0.0000 -0.0000 -0.0000 -0.0000 -0.0000 -0.0000  0.0000  0.0000 -0.0090  0.0145 -0.0631 -0.0022  0.0156 -0.0093  0.0025  0.0042  0.0492 -0.0349  0.0491  0.0726 -0.1038  0.0286  0.1829 -0.3912 -0.2598 -0.2965 -0.0421  0.1798 -2.5704 -0.6474  0.6439  0.1231 -0.2099  0.6952 -1.7772  0.4662 -1.1077  0.2697  0.9112
 0.2899500E+01 0.1773705E+01 0.3600000E+02 0.2457487E-02 0.2082244E-03 0.1230858E-03 0.2660429E-03
 -0.0000 -0.0000  0.0000 -0.0000 -0.0000 -0.0000  0.0000  0.0000 -0.0000  0.0000 -0.0000  0.0000 -0.0000 -0.0000  0.0000 -0.0000  0.0000  0.0000  0.0000 -0.0000 -0.0000 -0.0000 -0.0000 -0.0000 -0.0000 -0.0000 -0.0000 -0.0000 -0.0000 -0.0000 -0.0000 -0.0000 -0.0000 -0.0000 -0.0000 -0.0000 -0.0000 -0.0000 -0.0000 -0.0000 -0.0000 -0.0000 -0.0000 -0.0000 -0.0000 -0.0000 -0.0000 -0.0000 -0.0000 -0.0000 -0.0000 -0.0000 -0.0000 -0.0000 -0.0000  0.0000 -0.0000 -0.0000 -0.0000 -0.0000  0.0000 -0.0000  0.0000  0.0000 -0.0000  0.0000  0.0000  0.0000 -0.0068 -0.0027 -0.0395  0.0211  0.0294  0.0144 -0.0136 -0.0106  0.0598 -0.0119  0.0704  0.0255 -0.0308  0.0505  0.1093 -0.5044 -0.2763  0.2172 -0.1088 -0.0303 -2.3473 -0.9233  0.7755 -0.7127 -0.9152  2.7322  0.4961 -0.1592 -0.9967 -0.4217  1.6383
 0.4138500E+01 0.1242686E+01 0.3600000E+02 0.6961707E-03 0.7884333E-04 0.4617666E-04 0.1002352E-03
  0.0000  0.0000 -0.0000  0.0000 -0.0000 -0.0000 -0.0000 -0.0000  0.0000 -0.0000  0.0000 -0.0000  0.0000  0.0000  0.0000  0.0000 -0.0000  0.0000 -0.0000  0.0000 -0.0000 -0.0000 -0.0000 -0.0000 -0.0000 -0.0000 -0.0000 -0.0000 -0.0000 -0.0000 -0.0000 -0.0000 -0.0000 -0.0000 -0.0000 -0.0000 -0.0000 -0.0000 -0.0000 -0.0000 -0.0000 -0.0000 -0.0000 -0.0000 -0.0000 -0.0000 -0.0000 -0.0000 -0.0000 -0.0000 -0.0000 -0.0000 -0.0000 -0.0000 -0.0000  0.0000  0.0000  0.0000 -0.0000  0.0000 -0.0000  0.0000 -0.0000 -0.0000 -0.0000 -0.0000  0.0000  0.0000 -0.0043  0.0215 -0.0320  0.0048  0.0287 -0.0311 -0.0221 -0.0219  0.0334 -0.0788 -0.0107 -0.0723 -0.1150 -0.1364  0.5390 -0.3320 -0.0541 -0.0813 -0.2689 -0.2828 -3.2845 -1.3382  1.4545  0.7748  0.3475  0.2546 -2.7608 -0.5845 -0.9690  1.1119  2.9692
 0.7500000E+01 0.6857143E+00 0.3600000E+02 0.2603687E-03 0.2956850E-04 0.1514177E-04 0.3541330E-04
  0.0000  0.0000 -0.0000  0.0000 -0.0000 -0.0000 -0.0000 -0.0000 -0.0000  0.0000  0.0000 -0.0000  0.0000  0.0000  0.0000  0.0000 -0.0000  0.0000 -0.0000  0.0000 -0.0000 -0.0000 -0.0000 -0.0000 -0.0000 -0.0000 -0.0000 -0.0000 -0.0000 -0.0000 -0.0000 -0.0000 -0.0000 -0.0000 -0.0000 -0.0000 -0.0000 -0.0000 -0.0000 -0.0000 -0.0000 -0.0000 -0.0000 -0.0000 -0.0000 -0.0000 -0.0000 -0.0000 -0.0000 -0.0000 -0.0000 -0.0000 -0.0000 -0.0000 -0.0000  0.0000  0.0000  0.0000 -0.0000 -0.0000 -0.0000 -0.0000 -0.0000 -0.0000 -0.0000 -0.0000  0.0000  0.0000 -0.0086  0.0123 -0.0343 -0.0039  0.0435 -0.0531  0.0016 -0.0061  0.0665 -0.0361  0.0060 -0.0220 -0.1317 -0.1688  0.6918 -0.2946  0.3739  0.2429 -0.5357 -0.2593 -2.6508 -0.8468  1.3025  0.4823  0.3029  1.3266 -1.6261 -0.6636 -0.8649  0.1979  2.3732
