EIC_NC_28_PES	2	76
   1	DIS_NCE	3.250000000000e-03	1.290000000000e+00	4.840525337307e-01	0.000000000000e+00	0.000000000000e+00	0.000000000000e+00	2.300000000000e+00	0.000000000000e+00	4.300000000000e+00	
   2	DIS_NCE	5.150000000000e-03	1.290000000000e+00	3.054700455582e-01	0.000000000000e+00	0.000000000000e+00	0.000000000000e+00	2.300000000000e+00	0.000000000000e+00	4.300000000000e+00	
   3	DIS_NCE	5.150000000000e-03	2.050000000000e+00	4.854368941041e-01	0.000000000000e+00	0.000000000000e+00	0.000000000000e+00	2.300000000000e+00	0.000000000000e+00	4.300000000000e+00	
   4	DIS_NCE	8.150000000000e-03	1.290000000000e+00	1.930270840030e-01	0.000000000000e+00	0.000000000000e+00	0.000000000000e+00	2.300000000000e+00	0.000000000000e+00	4.300000000000e+00	
   5	DIS_NCE	8.150000000000e-03	2.050000000000e+00	3.067484668265e-01	0.000000000000e+00	0.000000000000e+00	0.000000000000e+00	2.300000000000e+00	0.000000000000e+00	4.300000000000e+00	
   6	DIS_NCE	8.150000000000e-03	3.250000000000e+00	4.863085449689e-01	4.097800000000e-01	1.762340846000e-05	9.424940000000e-03	2.300000000000e+00	1.762054000000e-02	4.300000000000e+00	
   7	DIS_NCE	1.290000000000e-02	1.290000000000e+00	1.219512197384e-01	0.000000000000e+00	0.000000000000e+00	0.000000000000e+00	2.300000000000e+00	0.000000000000e+00	4.300000000000e+00	
   8	DIS_NCE	1.290000000000e-02	2.050000000000e+00	1.937984499718e-01	0.000000000000e+00	0.000000000000e+00	0.000000000000e+00	2.300000000000e+00	0.000000000000e+00	4.300000000000e+00	
   9	DIS_NCE	1.290000000000e-02	3.250000000000e+00	3.072414450773e-01	3.692102000000e-01	1.506119168860e-05	8.491834600000e-03	2.300000000000e+00	1.587603860000e-02	4.300000000000e+00	
  10	DIS_NCE	1.290000000000e-02	5.150000000000e+00	4.868595206609e-01	4.232020000000e-01	2.234929762000e-05	9.733646000000e-03	2.300000000000e+00	1.819768600000e-02	4.300000000000e+00	
  11	DIS_NCE	2.050000000000e-02	1.290000000000e+00	7.674003583536e-02	0.000000000000e+00	0.000000000000e+00	0.000000000000e+00	2.300000000000e+00	0.000000000000e+00	4.300000000000e+00	
  12	DIS_NCE	2.050000000000e-02	2.050000000000e+00	1.219512197384e-01	0.000000000000e+00	0.000000000000e+00	0.000000000000e+00	2.300000000000e+00	0.000000000000e+00	4.300000000000e+00	
  13	DIS_NCE	2.050000000000e-02	3.250000000000e+00	1.933372995852e-01	3.987684000000e-01	1.588892689800e-05	9.171673200000e-03	2.300000000000e+00	1.714704120000e-02	4.300000000000e+00	
  14	DIS_NCE	2.050000000000e-02	5.150000000000e+00	3.063652593427e-01	4.079486000000e-01	2.064056736560e-05	9.382817800000e-03	2.300000000000e+00	1.754178980000e-02	4.300000000000e+00	
  15	DIS_NCE	2.050000000000e-02	8.150000000000e+00	4.848304589598e-01	4.096875000000e-01	2.707706625000e-05	9.422812500000e-03	2.300000000000e+00	1.761656250000e-02	4.300000000000e+00	
  16	DIS_NCE	3.250000000000e-02	1.290000000000e+00	4.840525337307e-02	0.000000000000e+00	0.000000000000e+00	0.000000000000e+00	2.300000000000e+00	0.000000000000e+00	4.300000000000e+00	
  17	DIS_NCE	3.250000000000e-02	2.050000000000e+00	7.692307706573e-02	0.000000000000e+00	0.000000000000e+00	0.000000000000e+00	2.300000000000e+00	0.000000000000e+00	4.300000000000e+00	
  18	DIS_NCE	3.250000000000e-02	3.250000000000e+00	1.219512197384e-01	3.789729000000e-01	1.498004079120e-05	8.716376700000e-03	2.300000000000e+00	1.629583470000e-02	4.300000000000e+00	
  19	DIS_NCE	3.250000000000e-02	5.150000000000e+00	1.932457789700e-01	4.226834000000e-01	2.085181748880e-05	9.721718200000e-03	2.300000000000e+00	1.817538620000e-02	4.300000000000e+00	
  20	DIS_NCE	3.250000000000e-02	8.150000000000e+00	3.058161356516e-01	4.483019000000e-01	2.835330196740e-05	1.031094370000e-02	2.300000000000e+00	1.927698170000e-02	4.300000000000e+00	
  21	DIS_NCE	3.250000000000e-02	1.290000000000e+01	4.840525337307e-01	4.465639000000e-01	3.756361557630e-05	1.027096970000e-02	2.300000000000e+00	1.920224770000e-02	4.300000000000e+00	
  22	DIS_NCE	5.150000000000e-02	1.290000000000e+00	3.054700455582e-02	0.000000000000e+00	0.000000000000e+00	0.000000000000e+00	2.300000000000e+00	0.000000000000e+00	4.300000000000e+00	
  23	DIS_NCE	5.150000000000e-02	2.050000000000e+00	4.854368941041e-02	0.000000000000e+00	0.000000000000e+00	0.000000000000e+00	2.300000000000e+00	0.000000000000e+00	4.300000000000e+00	
  24	DIS_NCE	5.150000000000e-02	3.250000000000e+00	7.695950760188e-02	3.397029000000e-01	1.353546205050e-05	7.813166700000e-03	2.300000000000e+00	1.460722470000e-02	4.300000000000e+00	
  25	DIS_NCE	5.150000000000e-02	5.150000000000e+00	1.219512197384e-01	3.744962000000e-01	1.847464653840e-05	8.613412600000e-03	2.300000000000e+00	1.610333660000e-02	4.300000000000e+00	
  26	DIS_NCE	5.150000000000e-02	8.150000000000e+00	1.929907652170e-01	4.142650000000e-01	2.580746670500e-05	9.528095000000e-03	2.300000000000e+00	1.781339500000e-02	4.300000000000e+00	
  27	DIS_NCE	5.150000000000e-02	1.290000000000e+01	3.054700455582e-01	4.430015000000e-01	3.600317490650e-05	1.018903450000e-02	2.300000000000e+00	1.904906450000e-02	4.300000000000e+00	
  28	DIS_NCE	5.150000000000e-02	2.050000000000e+01	4.854368941041e-01	4.458317000000e-01	4.863979263830e-05	1.025412910000e-02	2.300000000000e+00	1.917076310000e-02	4.300000000000e+00	
  29	DIS_NCE	8.150000000000e-02	1.290000000000e+00	1.930270840030e-02	0.000000000000e+00	0.000000000000e+00	0.000000000000e+00	2.300000000000e+00	0.000000000000e+00	4.300000000000e+00	
  30	DIS_NCE	8.150000000000e-02	2.050000000000e+00	3.067484668265e-02	0.000000000000e+00	0.000000000000e+00	0.000000000000e+00	2.300000000000e+00	0.000000000000e+00	4.300000000000e+00	
  31	DIS_NCE	8.150000000000e-02	3.250000000000e+00	4.863085449689e-02	3.338744000000e-01	1.340872977840e-05	7.679111200000e-03	2.300000000000e+00	1.435659920000e-02	4.300000000000e+00	
  32	DIS_NCE	8.150000000000e-02	5.150000000000e+00	7.706120020277e-02	3.526792000000e-01	1.750981692160e-05	8.111621600000e-03	2.300000000000e+00	1.516520560000e-02	4.300000000000e+00	
  33	DIS_NCE	8.150000000000e-02	8.150000000000e+00	1.219512197384e-01	3.826351000000e-01	2.383701882470e-05	8.800607300000e-03	2.300000000000e+00	1.645330930000e-02	4.300000000000e+00	
  34	DIS_NCE	8.150000000000e-02	1.290000000000e+01	1.930270840030e-01	4.113359000000e-01	3.290934001540e-05	9.460725700000e-03	2.300000000000e+00	1.768744370000e-02	4.300000000000e+00	
  35	DIS_NCE	8.150000000000e-02	2.050000000000e+01	3.067484668265e-01	4.238858000000e-01	4.463687028320e-05	9.749373400000e-03	2.300000000000e+00	1.822708940000e-02	4.300000000000e+00	
  36	DIS_NCE	8.150000000000e-02	3.250000000000e+01	4.863085449689e-01	4.127245000000e-01	5.886235546550e-05	9.492663500000e-03	2.300000000000e+00	1.774715350000e-02	4.300000000000e+00	
  37	DIS_NCE	1.290000000000e-01	2.050000000000e+00	1.937984499718e-02	0.000000000000e+00	0.000000000000e+00	0.000000000000e+00	2.300000000000e+00	0.000000000000e+00	4.300000000000e+00	
  38	DIS_NCE	1.290000000000e-01	3.250000000000e+00	3.072414450773e-02	3.365373000000e-01	1.383504840300e-05	7.740357900000e-03	2.300000000000e+00	1.447110390000e-02	4.300000000000e+00	
  39	DIS_NCE	1.290000000000e-01	5.150000000000e+00	4.868595206609e-02	3.386294000000e-01	1.702628623200e-05	7.788476200000e-03	2.300000000000e+00	1.456106420000e-02	4.300000000000e+00	
  40	DIS_NCE	1.290000000000e-01	8.150000000000e+00	7.704670084245e-02	3.550853000000e-01	2.245772488380e-05	8.166961900000e-03	2.300000000000e+00	1.526866790000e-02	4.300000000000e+00	
  41	DIS_NCE	1.290000000000e-01	1.290000000000e+01	1.219512197384e-01	3.778469000000e-01	3.034941870180e-05	8.690478700000e-03	2.300000000000e+00	1.624741670000e-02	4.300000000000e+00	
  42	DIS_NCE	1.290000000000e-01	2.050000000000e+01	1.937984499718e-01	3.934469000000e-01	4.118248046990e-05	9.049278700000e-03	2.300000000000e+00	1.691821670000e-02	4.300000000000e+00	
  43	DIS_NCE	1.290000000000e-01	3.250000000000e+01	3.072414450773e-01	3.908180000000e-01	5.425491803200e-05	8.988814000000e-03	2.300000000000e+00	1.680517400000e-02	4.300000000000e+00	
  44	DIS_NCE	1.290000000000e-01	5.150000000000e+01	4.868595206609e-01	3.700111000000e-01	7.008750256200e-05	8.510255300000e-03	2.300000000000e+00	1.591047730000e-02	4.300000000000e+00	
  45	DIS_NCE	2.050000000000e-01	3.250000000000e+00	1.933372995852e-02	3.311368000000e-01	1.424120035760e-05	7.616146400000e-03	2.300000000000e+00	1.423888240000e-02	4.300000000000e+00	
  46	DIS_NCE	2.050000000000e-01	5.150000000000e+00	3.063652593427e-02	3.169451000000e-01	1.683802538260e-05	7.289737300000e-03	2.300000000000e+00	1.362863930000e-02	4.300000000000e+00	
  47	DIS_NCE	2.050000000000e-01	8.150000000000e+00	4.848304589598e-02	3.179674000000e-01	2.101510140080e-05	7.313250200000e-03	2.300000000000e+00	1.367259820000e-02	4.300000000000e+00	
  48	DIS_NCE	2.050000000000e-01	1.290000000000e+01	7.674003583536e-02	3.301362000000e-01	2.777006673540e-05	7.593132600000e-03	2.300000000000e+00	1.419585660000e-02	4.300000000000e+00	
  49	DIS_NCE	2.050000000000e-01	2.050000000000e+01	1.219512197384e-01	3.432230000000e-01	3.733648438600e-05	7.894129000000e-03	2.300000000000e+00	1.475858900000e-02	4.300000000000e+00	
  50	DIS_NCE	2.050000000000e-01	3.250000000000e+01	1.933372995852e-01	3.453017000000e-01	4.902800717620e-05	7.941939100000e-03	2.300000000000e+00	1.484797310000e-02	4.300000000000e+00	
  51	DIS_NCE	2.050000000000e-01	5.150000000000e+01	3.063652593427e-01	3.311109000000e-01	6.313788196650e-05	7.615550700000e-03	2.300000000000e+00	1.423776870000e-02	4.300000000000e+00	
  52	DIS_NCE	2.050000000000e-01	8.150000000000e+01	4.848304589598e-01	3.066821000000e-01	8.020350279200e-05	7.053688300000e-03	2.300000000000e+00	1.318733030000e-02	4.300000000000e+00	
  53	DIS_NCE	3.250000000000e-01	5.150000000000e+00	1.932457789700e-02	2.594763000000e-01	1.567236852000e-05	5.967954900000e-03	2.300000000000e+00	1.115748090000e-02	4.300000000000e+00	
  54	DIS_NCE	3.250000000000e-01	8.150000000000e+00	3.058161356516e-02	2.455546000000e-01	1.863636636700e-05	5.647755800000e-03	2.300000000000e+00	1.055884780000e-02	4.300000000000e+00	
  55	DIS_NCE	3.250000000000e-01	1.290000000000e+01	4.840525337307e-02	2.440229000000e-01	2.353576468210e-05	5.612526700000e-03	2.300000000000e+00	1.049298470000e-02	4.300000000000e+00	
  56	DIS_NCE	3.250000000000e-01	2.050000000000e+01	7.692307706573e-02	2.482463000000e-01	3.092999950220e-05	5.709664900000e-03	2.300000000000e+00	1.067459090000e-02	4.300000000000e+00	
  57	DIS_NCE	3.250000000000e-01	3.250000000000e+01	1.219512197384e-01	2.498692000000e-01	4.053503097000e-05	5.746991600000e-03	2.300000000000e+00	1.074437560000e-02	4.300000000000e+00	
  58	DIS_NCE	3.250000000000e-01	5.150000000000e+01	1.932457789700e-01	2.415590000000e-01	5.163806743000e-05	5.555857000000e-03	2.300000000000e+00	1.038703700000e-02	4.300000000000e+00	
  59	DIS_NCE	3.250000000000e-01	8.150000000000e+01	3.058161356516e-01	2.236520000000e-01	6.471325889600e-05	5.143996000000e-03	2.300000000000e+00	9.617036000000e-03	4.300000000000e+00	
  60	DIS_NCE	3.250000000000e-01	1.290000000000e+02	4.840525337307e-01	2.035055000000e-01	8.044267156750e-05	4.680626500000e-03	2.300000000000e+00	8.750736500000e-03	4.300000000000e+00	
  61	DIS_NCE	5.150000000000e-01	8.150000000000e+00	1.929907652170e-02	1.191721000000e-01	1.326528479520e-05	2.740958300000e-03	2.300000000000e+00	5.124400300000e-03	4.300000000000e+00	
  62	DIS_NCE	5.150000000000e-01	1.290000000000e+01	3.054700455582e-02	1.092997000000e-01	1.548448849900e-05	2.513893100000e-03	2.300000000000e+00	4.699887100000e-03	4.300000000000e+00	
  63	DIS_NCE	5.150000000000e-01	2.050000000000e+01	4.854368941041e-02	1.054863000000e-01	1.934745325560e-05	2.426184900000e-03	2.300000000000e+00	4.535910900000e-03	4.300000000000e+00	
  64	DIS_NCE	5.150000000000e-01	3.250000000000e+01	7.695950760188e-02	1.032503000000e-01	2.474920016030e-05	2.374756900000e-03	2.300000000000e+00	4.439762900000e-03	4.300000000000e+00	
  65	DIS_NCE	5.150000000000e-01	5.150000000000e+01	1.219512197384e-01	9.893200000000e-02	3.115991951600e-05	2.275436000000e-03	2.300000000000e+00	4.254076000000e-03	4.300000000000e+00	
  66	DIS_NCE	5.150000000000e-01	8.150000000000e+01	1.929907652170e-01	9.090880000000e-02	3.823469583040e-05	2.090902400000e-03	2.300000000000e+00	3.909078400000e-03	4.300000000000e+00	
  67	DIS_NCE	5.150000000000e-01	1.290000000000e+02	3.054700455582e-01	8.078280000000e-02	4.598237758800e-05	1.858004400000e-03	2.300000000000e+00	3.473660400000e-03	4.300000000000e+00	
  68	DIS_NCE	5.150000000000e-01	2.050000000000e+02	4.854368941041e-01	7.208920000000e-02	5.835930723560e-05	1.658051600000e-03	2.300000000000e+00	3.099835600000e-03	4.300000000000e+00	
  69	DIS_NCE	8.150000000000e-01	1.290000000000e+01	1.930270840030e-02	9.618600000000e-03	4.258336973400e-06	2.212278000000e-04	2.300000000000e+00	4.135998000000e-04	4.300000000000e+00	
  70	DIS_NCE	8.150000000000e-01	2.050000000000e+01	3.067484668265e-02	7.774100000000e-03	4.375924278500e-06	1.788043000000e-04	2.300000000000e+00	3.342863000000e-04	4.300000000000e+00	
  71	DIS_NCE	8.150000000000e-01	3.250000000000e+01	4.863085449689e-02	6.722000000000e-03	5.059125084000e-06	1.546060000000e-04	2.300000000000e+00	2.890460000000e-04	4.300000000000e+00	
  72	DIS_NCE	8.150000000000e-01	5.150000000000e+01	7.706120020277e-02	5.945300000000e-03	5.884616322900e-06	1.367419000000e-04	2.300000000000e+00	2.556479000000e-04	4.300000000000e+00	
  73	DIS_NCE	8.150000000000e-01	8.150000000000e+01	1.219512197384e-01	5.182300000000e-03	6.948458933800e-06	1.191929000000e-04	2.300000000000e+00	2.228389000000e-04	4.300000000000e+00	
  74	DIS_NCE	8.150000000000e-01	1.290000000000e+02	1.930270840030e-01	4.384800000000e-03	7.875863755200e-06	1.008504000000e-04	2.300000000000e+00	1.885464000000e-04	4.300000000000e+00	
  75	DIS_NCE	8.150000000000e-01	2.050000000000e+02	3.067484668265e-01	3.668200000000e-03	9.140695875000e-06	8.436860000000e-05	2.300000000000e+00	1.577326000000e-04	4.300000000000e+00	
  76	DIS_NCE	8.150000000000e-01	3.250000000000e+02	4.863085449689e-01	3.175300000000e-03	1.044282820570e-05	7.303190000000e-05	2.300000000000e+00	1.365379000000e-04	4.300000000000e+00	
