FLArE100_SUM_DSIGMA_INCLUSIVE	1	49
   1	DIS	3.945997000000e-03	6.063640000000e+00	6.159254000000e-01	1.231099438697e+01	1.980228862447e-01	2.585492504643e+00	2.100149202715e+01	
   2	DIS	3.976168000000e-03	1.421352000000e+01	7.475549000000e-01	5.786405849625e+00	4.269971104985e-01	1.493044242193e+00	2.580261877569e+01	
   3	DIS	5.409387000000e-03	6.192109000000e+00	5.590418000000e-01	5.322049499653e+00	1.054977898695e-01	1.253023223613e+00	2.354399792214e+01	
   4	DIS	5.475269000000e-03	1.528202000000e+01	7.105903000000e-01	4.423809302410e+00	1.838786146069e-01	1.025172784946e+00	2.317398230497e+01	
   5	DIS	7.411438000000e-03	6.338939000000e+00	5.066979000000e-01	2.782903864422e+00	5.907402566466e-02	6.701440051097e-01	2.408074578778e+01	
   6	DIS	7.487102000000e-03	1.679294000000e+01	6.714468000000e-01	2.438163444163e+00	8.507571540833e-02	4.962589718679e-01	2.035380249245e+01	
   7	DIS	1.012049000000e-02	6.432182000000e+00	4.442233000000e-01	2.356562154864e+00	3.497040659087e-02	2.717920818125e-01	1.153341452299e+01	
   8	DIS	1.022136000000e-02	1.853968000000e+01	6.436876000000e-01	2.708177772020e+00	4.165106540305e-02	3.132650216390e-01	1.156737289832e+01	
   9	DIS	1.389717000000e-02	6.492328000000e+00	3.831653000000e-01	1.459351412164e+00	2.134936949548e-02	2.019597337333e-01	1.383900629073e+01	
  10	DIS	1.399555000000e-02	2.081220000000e+01	5.979317000000e-01	1.631444345308e+00	2.167236331047e-02	2.661625020025e-01	1.631453152343e+01	
  11	DIS	1.904425000000e-02	6.584289000000e+00	3.253357000000e-01	1.260111454240e+00	1.351723707851e-02	2.075252197164e-01	1.646879877317e+01	
  12	DIS	1.918636000000e-02	2.329045000000e+01	5.512788000000e-01	1.360878542045e+00	1.165306220160e-02	2.425766646742e-01	1.782500474361e+01	
  13	DIS	2.616871000000e-02	6.636385000000e+00	2.644803000000e-01	7.275919994331e-01	8.827282552186e-03	2.078671710409e-01	2.856919416416e+01	
  14	DIS	2.631655000000e-02	2.603930000000e+01	5.082465000000e-01	6.791075635037e-01	6.585636848518e-03	2.134166017695e-01	3.142603811809e+01	
  15	DIS	2.685228000000e-02	1.273387000000e+02	7.901847000000e-01	5.116389561015e-01	3.687695505141e-02	2.247967569869e-01	4.393659910100e+01	
  16	DIS	3.598369000000e-02	6.681081000000e+00	2.172001000000e-01	5.518655838544e-01	5.843912986311e-03	1.904538690443e-01	3.451091617529e+01	
  17	DIS	3.613189000000e-02	2.878997000000e+01	4.534198000000e-01	5.114501187831e-01	3.804123786629e-03	1.725633159992e-01	3.374000897874e+01	
  18	DIS	3.678958000000e-02	1.356889000000e+02	7.317024000000e-01	4.262716688933e-01	1.450348085776e-02	1.465620518800e-01	3.438231122901e+01	
  19	DIS	4.933620000000e-02	6.682078000000e+00	1.709324000000e-01	5.596626581824e-01	3.955870771614e-03	1.575613914958e-01	2.815292197759e+01	
  20	DIS	4.953615000000e-02	3.115704000000e+01	3.956267000000e-01	3.358870566248e-01	2.277982823217e-03	1.354137597308e-01	4.031526581926e+01	
  21	DIS	5.022979000000e-02	1.463278000000e+02	6.761336000000e-01	3.146838772236e-01	6.300218697568e-03	1.057664500308e-01	3.361038098423e+01	
  22	DIS	6.757202000000e-02	6.698409000000e+00	1.349028000000e-01	2.219860515823e-01	2.705927265386e-03	1.302381316241e-01	5.866951130297e+01	
  23	DIS	6.780708000000e-02	3.331186000000e+01	3.360044000000e-01	2.148732360058e-01	1.412133166016e-03	1.025990493863e-01	4.774864068388e+01	
  24	DIS	6.859436000000e-02	1.580704000000e+02	6.101030000000e-01	2.045666557890e-01	2.943858509187e-03	8.090481916456e-02	3.954936783442e+01	
  25	DIS	9.275690000000e-02	6.729550000000e+00	1.030764000000e-01	1.586130000243e-01	1.864652567458e-03	1.029158817061e-01	6.488489700742e+01	
  26	DIS	9.294546000000e-02	3.530718000000e+01	2.795589000000e-01	2.221502963482e-01	8.930454471865e-04	7.891347243910e-02	3.552256005790e+01	
  27	DIS	9.379628000000e-02	1.717031000000e+02	5.458353000000e-01	1.568795455887e-01	1.475431145470e-03	5.934660211832e-02	3.782940720258e+01	
  28	DIS	1.273603000000e-01	6.734519000000e+00	7.838305000000e-02	2.629661731002e-01	1.291195036618e-03	8.044488238920e-02	3.059134239237e+01	
  29	DIS	1.276131000000e-01	3.667223000000e+01	2.259741000000e-01	6.967068488503e-02	5.787214641556e-04	5.899700676186e-02	8.467981455790e+01	
  30	DIS	1.284888000000e-01	1.858949000000e+02	4.781256000000e-01	9.948772274338e-02	7.894517337922e-04	4.285593237355e-02	4.307660401886e+01	
  31	DIS	1.752052000000e-01	6.752419000000e+00	5.873385000000e-02	1.113119910727e-01	8.930094371102e-04	6.099311198327e-02	5.479473630423e+01	
  32	DIS	1.754196000000e-01	3.792342000000e+01	1.793703000000e-01	4.272305563460e-02	3.775185402170e-04	4.199530701423e-02	9.829659042511e+01	
  33	DIS	1.765329000000e-01	2.008868000000e+02	4.065385000000e-01	7.675752711043e-02	4.345980880009e-04	2.968307225545e-02	3.867122010424e+01	
  34	DIS	1.830404000000e-01	1.166517000000e+03	7.734433000000e-01	4.372866306332e-02	2.793055220840e-03	1.711870094188e-02	3.914755161184e+01	
  35	DIS	2.403176000000e-01	6.763117000000e+00	4.447125000000e-02	9.693613971983e-02	5.995381488514e-04	4.321587936100e-02	4.458180353159e+01	
  36	DIS	2.404611000000e-01	3.892790000000e+01	1.403787000000e-01	4.946944211110e-02	2.417767940370e-04	2.722544225271e-02	5.503486817492e+01	
  37	DIS	2.418451000000e-01	2.178179000000e+02	3.447839000000e-01	4.081874119516e-02	2.421217394969e-04	1.771232463325e-02	4.339262827476e+01	
  38	DIS	2.485402000000e-01	1.195539000000e+03	6.798385000000e-01	1.025091896095e-02	9.854789655385e-04	8.014905997846e-03	7.818719500539e+01	
  39	DIS	3.286841000000e-01	6.738281000000e+00	3.284197000000e-02	6.468545035180e-02	3.852768894970e-04	2.696785284484e-02	4.169075533706e+01	
  40	DIS	3.285250000000e-01	3.964166000000e+01	1.088355000000e-01	3.385945336619e-02	1.469331085294e-04	1.487905045025e-02	4.394356367580e+01	
  41	DIS	3.299758000000e-01	2.326679000000e+02	2.862668000000e-01	2.238311183327e-02	1.309495202299e-04	8.331169113477e-03	3.722078134414e+01	
  42	DIS	3.365126000000e-01	1.240994000000e+03	5.741951000000e-01	1.621942656767e-02	3.835197449287e-04	3.398610605610e-03	2.095395044597e+01	
  43	DIS	4.459010000000e-01	6.725234000000e+00	2.469377000000e-02	3.451004884072e-02	2.290968633160e-04	1.342864808993e-02	3.891228364210e+01	
  44	DIS	4.445927000000e-01	4.000142000000e+01	8.391515000000e-02	1.847992019979e-02	8.252232798778e-05	5.298794530643e-03	2.867325439373e+01	
  45	DIS	4.452964000000e-01	2.502871000000e+02	2.383177000000e-01	8.611732497146e-03	6.657115888608e-05	1.811684742740e-03	2.103740151404e+01	
  46	DIS	4.519821000000e-01	1.308205000000e+03	5.026793000000e-01	5.208801012788e-03	1.478170072651e-04	7.827889816637e-04	1.502819899900e+01	
  47	DIS	5.895060000000e-01	7.067009000000e+00	1.944716000000e-02	1.580606340115e-03	1.359006658157e-04	4.055003091333e-03	2.565473127887e+02	
  48	DIS	6.004136000000e-01	3.917552000000e+01	6.336494000000e-02	1.749642758773e-03	3.769315526254e-05	1.792355391946e-03	1.024412202410e+02	
  49	DIS	5.995558000000e-01	2.619904000000e+02	1.939958000000e-01	2.339474718051e-03	2.771367788971e-05	2.332699770053e-03	9.971040730015e+01	
