EIC_NC_63_OPT	2	119
   1	DIS_NCE	8.150000000000e-04	1.290000000000e+00	3.957055214724e-01	0.000000000000e+00	0.000000000000e+00	0.000000000000e+00	1.500000000000e+00	0.000000000000e+00	2.500000000000e+00	
   2	DIS_NCE	1.290000000000e-03	1.290000000000e+00	2.500000000000e-01	0.000000000000e+00	0.000000000000e+00	0.000000000000e+00	1.500000000000e+00	0.000000000000e+00	2.500000000000e+00	
   3	DIS_NCE	1.290000000000e-03	2.050000000000e+00	3.972868217054e-01	0.000000000000e+00	0.000000000000e+00	0.000000000000e+00	1.500000000000e+00	0.000000000000e+00	2.500000000000e+00	
   4	DIS_NCE	2.050000000000e-03	1.290000000000e+00	1.573170731707e-01	0.000000000000e+00	0.000000000000e+00	0.000000000000e+00	1.500000000000e+00	0.000000000000e+00	2.500000000000e+00	
   5	DIS_NCE	2.050000000000e-03	2.050000000000e+00	2.500000000000e-01	0.000000000000e+00	0.000000000000e+00	0.000000000000e+00	1.500000000000e+00	0.000000000000e+00	2.500000000000e+00	
   6	DIS_NCE	2.050000000000e-03	3.250000000000e+00	3.963414634146e-01	5.140129327774e-01	6.013951313496e-05	7.710193991661e-03	1.500000000000e+00	7.710193991661e-03	2.500000000000e+00	
   7	DIS_NCE	3.250000000000e-03	1.290000000000e+00	9.923076923077e-02	0.000000000000e+00	0.000000000000e+00	0.000000000000e+00	1.500000000000e+00	0.000000000000e+00	2.500000000000e+00	
   8	DIS_NCE	3.250000000000e-03	2.050000000000e+00	1.576923076923e-01	0.000000000000e+00	0.000000000000e+00	0.000000000000e+00	1.500000000000e+00	0.000000000000e+00	2.500000000000e+00	
   9	DIS_NCE	3.250000000000e-03	3.250000000000e+00	2.500000000000e-01	4.791346490383e-01	5.414221534133e-05	7.187019735575e-03	1.500000000000e+00	7.187019735575e-03	2.500000000000e+00	
  10	DIS_NCE	3.250000000000e-03	5.150000000000e+00	3.961538461538e-01	5.521110892296e-01	7.895188575983e-05	8.281666338444e-03	1.500000000000e+00	8.281666338444e-03	2.500000000000e+00	
  11	DIS_NCE	5.150000000000e-03	1.290000000000e+00	6.262135922330e-02	0.000000000000e+00	0.000000000000e+00	0.000000000000e+00	1.500000000000e+00	0.000000000000e+00	2.500000000000e+00	
  12	DIS_NCE	5.150000000000e-03	2.050000000000e+00	9.951456310680e-02	0.000000000000e+00	0.000000000000e+00	0.000000000000e+00	1.500000000000e+00	0.000000000000e+00	2.500000000000e+00	
  13	DIS_NCE	5.150000000000e-03	3.250000000000e+00	1.577669902913e-01	4.465138614178e-01	5.045606634021e-05	6.697707921267e-03	1.500000000000e+00	6.697707921267e-03	2.500000000000e+00	
  14	DIS_NCE	5.150000000000e-03	5.150000000000e+00	2.500000000000e-01	5.135080814362e-01	7.086411523819e-05	7.702621221542e-03	1.500000000000e+00	7.702621221542e-03	2.500000000000e+00	
  15	DIS_NCE	5.150000000000e-03	8.150000000000e+00	3.956310679612e-01	5.754436254501e-01	1.018535217047e-04	8.631654381752e-03	1.500000000000e+00	8.631654381752e-03	2.500000000000e+00	
  16	DIS_NCE	8.150000000000e-03	1.290000000000e+00	3.957055214724e-02	0.000000000000e+00	0.000000000000e+00	0.000000000000e+00	1.500000000000e+00	0.000000000000e+00	2.500000000000e+00	
  17	DIS_NCE	8.150000000000e-03	2.050000000000e+00	6.288343558282e-02	0.000000000000e+00	0.000000000000e+00	0.000000000000e+00	1.500000000000e+00	0.000000000000e+00	2.500000000000e+00	
  18	DIS_NCE	8.150000000000e-03	3.250000000000e+00	9.969325153374e-02	4.206953048706e-01	4.795926475525e-05	6.310429573059e-03	1.500000000000e+00	6.310429573059e-03	2.500000000000e+00	
  19	DIS_NCE	8.150000000000e-03	5.150000000000e+00	1.579754601227e-01	4.770849347115e-01	6.583772099018e-05	7.156274020672e-03	1.500000000000e+00	7.156274020672e-03	2.500000000000e+00	
  20	DIS_NCE	8.150000000000e-03	8.150000000000e+00	2.500000000000e-01	5.324696302414e-01	9.158477640152e-05	7.987044453621e-03	1.500000000000e+00	7.987044453621e-03	2.500000000000e+00	
  21	DIS_NCE	8.150000000000e-03	1.290000000000e+01	3.957055214724e-01	5.825758576393e-01	1.293318403959e-04	8.738637864590e-03	1.500000000000e+00	8.738637864590e-03	2.500000000000e+00	
  22	DIS_NCE	1.290000000000e-02	1.290000000000e+00	2.500000000000e-02	0.000000000000e+00	0.000000000000e+00	0.000000000000e+00	1.500000000000e+00	0.000000000000e+00	2.500000000000e+00	
  23	DIS_NCE	1.290000000000e-02	2.050000000000e+00	3.972868217054e-02	0.000000000000e+00	0.000000000000e+00	0.000000000000e+00	1.500000000000e+00	0.000000000000e+00	2.500000000000e+00	
  24	DIS_NCE	1.290000000000e-02	3.250000000000e+00	6.298449612403e-02	3.966132104397e-01	4.600713241100e-05	5.949198156595e-03	1.500000000000e+00	5.949198156595e-03	2.500000000000e+00	
  25	DIS_NCE	1.290000000000e-02	5.150000000000e+00	9.980620155039e-02	4.433770477772e-01	6.207278668880e-05	6.650655716658e-03	1.500000000000e+00	6.650655716658e-03	2.500000000000e+00	
  26	DIS_NCE	1.290000000000e-02	8.150000000000e+00	1.579457364341e-01	4.893019199371e-01	8.415993022919e-05	7.339528799057e-03	1.500000000000e+00	7.339528799057e-03	2.500000000000e+00	
  27	DIS_NCE	1.290000000000e-02	1.290000000000e+01	2.500000000000e-01	5.332854390144e-01	1.167895111442e-04	7.999281585217e-03	1.500000000000e+00	7.999281585217e-03	2.500000000000e+00	
  28	DIS_NCE	1.290000000000e-02	2.050000000000e+01	3.972868217054e-01	5.718329548836e-01	1.635442250967e-04	8.577494323254e-03	1.500000000000e+00	8.577494323254e-03	2.500000000000e+00	
  29	DIS_NCE	2.050000000000e-02	1.290000000000e+00	1.573170731707e-02	0.000000000000e+00	0.000000000000e+00	0.000000000000e+00	1.500000000000e+00	0.000000000000e+00	2.500000000000e+00	
  30	DIS_NCE	2.050000000000e-02	2.050000000000e+00	2.500000000000e-02	0.000000000000e+00	0.000000000000e+00	0.000000000000e+00	1.500000000000e+00	0.000000000000e+00	2.500000000000e+00	
  31	DIS_NCE	2.050000000000e-02	3.250000000000e+00	3.963414634146e-02	3.821044862270e-01	4.508832937479e-05	5.731567293406e-03	1.500000000000e+00	5.731567293406e-03	2.500000000000e+00	
  32	DIS_NCE	2.050000000000e-02	5.150000000000e+00	6.280487804878e-02	4.181118905544e-01	5.979000034928e-05	6.271678358316e-03	1.500000000000e+00	6.271678358316e-03	2.500000000000e+00	
  33	DIS_NCE	2.050000000000e-02	8.150000000000e+00	9.939024390244e-02	4.534839689732e-01	7.935969457030e-05	6.802259534597e-03	1.500000000000e+00	6.802259534597e-03	2.500000000000e+00	
  34	DIS_NCE	2.050000000000e-02	1.290000000000e+01	1.573170731707e-01	4.876212775707e-01	1.067890597880e-04	7.314319163561e-03	1.500000000000e+00	7.314319163561e-03	2.500000000000e+00	
  35	DIS_NCE	2.050000000000e-02	2.050000000000e+01	2.500000000000e-01	5.197313427925e-01	1.476037013531e-04	7.795970141888e-03	1.500000000000e+00	7.795970141888e-03	2.500000000000e+00	
  36	DIS_NCE	2.050000000000e-02	3.250000000000e+01	3.963414634146e-01	5.455652475357e-01	2.029502720833e-04	8.183478713036e-03	1.500000000000e+00	8.183478713036e-03	2.500000000000e+00	
  37	DIS_NCE	3.250000000000e-02	1.290000000000e+00	9.923076923077e-03	0.000000000000e+00	0.000000000000e+00	0.000000000000e+00	2.500000000000e+00	0.000000000000e+00	2.500000000000e+00	
  38	DIS_NCE	3.250000000000e-02	2.050000000000e+00	1.576923076923e-02	0.000000000000e+00	0.000000000000e+00	0.000000000000e+00	1.500000000000e+00	0.000000000000e+00	2.500000000000e+00	
  39	DIS_NCE	3.250000000000e-02	3.250000000000e+00	2.500000000000e-02	3.739877045155e-01	4.487852454185e-05	5.609815567732e-03	1.500000000000e+00	5.609815567732e-03	2.500000000000e+00	
  40	DIS_NCE	3.250000000000e-02	5.150000000000e+00	3.961538461538e-02	3.992429971695e-01	5.828947758675e-05	5.988644957542e-03	1.500000000000e+00	5.988644957542e-03	2.500000000000e+00	
  41	DIS_NCE	3.250000000000e-02	8.150000000000e+00	6.269230769231e-02	4.242916405201e-01	7.594820365310e-05	6.364374607801e-03	1.500000000000e+00	6.364374607801e-03	2.500000000000e+00	
  42	DIS_NCE	3.250000000000e-02	1.290000000000e+01	9.923076923077e-02	4.488783180714e-01	1.009976215661e-04	6.733174771070e-03	1.500000000000e+00	6.733174771070e-03	2.500000000000e+00	
  43	DIS_NCE	3.250000000000e-02	2.050000000000e+01	1.576923076923e-01	4.722937345505e-01	1.346037143469e-04	7.084406018257e-03	1.500000000000e+00	7.084406018257e-03	2.500000000000e+00	
  44	DIS_NCE	3.250000000000e-02	3.250000000000e+01	2.500000000000e-01	4.928605258465e-01	1.803869524598e-04	7.392907887697e-03	1.500000000000e+00	7.392907887697e-03	2.500000000000e+00	
  45	DIS_NCE	3.250000000000e-02	5.150000000000e+01	3.961538461538e-01	5.090565681458e-01	2.494377183914e-04	7.635848522186e-03	1.500000000000e+00	7.635848522186e-03	2.500000000000e+00	
  46	DIS_NCE	5.150000000000e-02	1.290000000000e+00	6.262135922330e-03	0.000000000000e+00	0.000000000000e+00	0.000000000000e+00	2.500000000000e+00	0.000000000000e+00	2.500000000000e+00	
  47	DIS_NCE	5.150000000000e-02	2.050000000000e+00	9.951456310680e-03	0.000000000000e+00	0.000000000000e+00	0.000000000000e+00	2.500000000000e+00	0.000000000000e+00	2.500000000000e+00	
  48	DIS_NCE	5.150000000000e-02	3.250000000000e+00	1.577669902913e-02	3.646506965160e-01	4.485203567147e-05	5.469760447741e-03	1.500000000000e+00	5.469760447741e-03	2.500000000000e+00	
  49	DIS_NCE	5.150000000000e-02	5.150000000000e+00	2.500000000000e-02	3.830187320709e-01	5.706979107857e-05	5.745280981064e-03	1.500000000000e+00	5.745280981064e-03	2.500000000000e+00	
  50	DIS_NCE	5.150000000000e-02	8.150000000000e+00	3.956310679612e-02	4.007127881050e-01	7.413186579943e-05	6.010691821575e-03	1.500000000000e+00	6.010691821575e-03	2.500000000000e+00	
  51	DIS_NCE	5.150000000000e-02	1.290000000000e+01	6.262135922330e-02	4.170133173466e-01	9.591306298971e-05	6.255199760199e-03	1.500000000000e+00	6.255199760199e-03	2.500000000000e+00	
  52	DIS_NCE	5.150000000000e-02	2.050000000000e+01	9.951456310680e-02	4.322676062584e-01	1.253576058149e-04	6.484014093876e-03	1.500000000000e+00	6.484014093876e-03	2.500000000000e+00	
  53	DIS_NCE	5.150000000000e-02	3.250000000000e+01	1.577669902913e-01	4.457554221153e-01	1.653752616048e-04	6.686331331730e-03	1.500000000000e+00	6.686331331730e-03	2.500000000000e+00	
  54	DIS_NCE	5.150000000000e-02	5.150000000000e+01	2.500000000000e-01	4.573465287685e-01	2.190689872801e-04	6.860197931528e-03	1.500000000000e+00	6.860197931528e-03	2.500000000000e+00	
  55	DIS_NCE	5.150000000000e-02	8.150000000000e+01	3.956310679612e-01	4.657551944256e-01	3.115902250707e-04	6.986327916384e-03	1.500000000000e+00	6.986327916384e-03	2.500000000000e+00	
  56	DIS_NCE	8.150000000000e-02	1.290000000000e+00	3.957055214724e-03	0.000000000000e+00	0.000000000000e+00	0.000000000000e+00	2.500000000000e+00	0.000000000000e+00	2.500000000000e+00	
  57	DIS_NCE	8.150000000000e-02	2.050000000000e+00	6.288343558282e-03	0.000000000000e+00	0.000000000000e+00	0.000000000000e+00	2.500000000000e+00	0.000000000000e+00	2.500000000000e+00	
  58	DIS_NCE	8.150000000000e-02	3.250000000000e+00	9.969325153374e-03	3.616366982460e-01	4.556622397900e-05	9.040917456150e-03	2.500000000000e+00	9.040917456150e-03	2.500000000000e+00	
  59	DIS_NCE	8.150000000000e-02	5.150000000000e+00	1.579754601227e-02	3.718364834785e-01	5.689098197222e-05	5.577547252178e-03	1.500000000000e+00	5.577547252178e-03	2.500000000000e+00	
  60	DIS_NCE	8.150000000000e-02	8.150000000000e+00	2.500000000000e-02	3.811552524567e-01	7.203834271431e-05	5.717328786850e-03	1.500000000000e+00	5.717328786850e-03	2.500000000000e+00	
  61	DIS_NCE	8.150000000000e-02	1.290000000000e+01	3.957055214724e-02	3.896287083626e-01	9.234200388193e-05	5.844430625439e-03	1.500000000000e+00	5.844430625439e-03	2.500000000000e+00	
  62	DIS_NCE	8.150000000000e-02	2.050000000000e+01	6.288343558282e-02	3.971984982491e-01	1.187623509765e-04	5.957977473736e-03	1.500000000000e+00	5.957977473736e-03	2.500000000000e+00	
  63	DIS_NCE	8.150000000000e-02	3.250000000000e+01	9.969325153374e-02	4.037967622280e-01	1.542503631711e-04	6.056951433420e-03	1.500000000000e+00	6.056951433420e-03	2.500000000000e+00	
  64	DIS_NCE	8.150000000000e-02	5.150000000000e+01	1.579754601227e-01	4.093526601791e-01	1.993547455072e-04	6.140289902687e-03	1.500000000000e+00	6.140289902687e-03	2.500000000000e+00	
  65	DIS_NCE	8.150000000000e-02	8.150000000000e+01	2.500000000000e-01	4.137838482857e-01	2.714422044754e-04	6.206757724285e-03	1.500000000000e+00	6.206757724285e-03	2.500000000000e+00	
  66	DIS_NCE	8.150000000000e-02	1.290000000000e+02	3.957055214724e-01	4.167425930500e-01	3.567316596508e-04	6.251138895750e-03	1.500000000000e+00	6.251138895750e-03	2.500000000000e+00	
  67	DIS_NCE	1.290000000000e-01	1.290000000000e+00	2.500000000000e-03	0.000000000000e+00	0.000000000000e+00	0.000000000000e+00	2.500000000000e+00	0.000000000000e+00	2.500000000000e+00	
  68	DIS_NCE	1.290000000000e-01	2.050000000000e+00	3.972868217054e-03	0.000000000000e+00	0.000000000000e+00	0.000000000000e+00	2.500000000000e+00	0.000000000000e+00	2.500000000000e+00	
  69	DIS_NCE	1.290000000000e-01	3.250000000000e+00	6.298449612403e-03	3.613473176956e-01	4.661380398273e-05	9.033682942390e-03	2.500000000000e+00	9.033682942390e-03	2.500000000000e+00	
  70	DIS_NCE	1.290000000000e-01	5.150000000000e+00	9.980620155039e-03	3.643575012684e-01	5.756848520041e-05	9.108937531710e-03	2.500000000000e+00	9.108937531710e-03	2.500000000000e+00	
  71	DIS_NCE	1.290000000000e-01	8.150000000000e+00	1.579457364341e-02	3.660939335823e-01	7.212050491571e-05	5.491409003735e-03	1.500000000000e+00	5.491409003735e-03	2.500000000000e+00	
  72	DIS_NCE	1.290000000000e-01	1.290000000000e+01	2.500000000000e-02	3.672541081905e-01	8.997725650668e-05	5.508811622858e-03	1.500000000000e+00	5.508811622858e-03	2.500000000000e+00	
  73	DIS_NCE	1.290000000000e-01	2.050000000000e+01	3.972868217054e-02	3.678887188435e-01	1.140455028415e-04	5.518330782652e-03	1.500000000000e+00	5.518330782652e-03	2.500000000000e+00	
  74	DIS_NCE	1.290000000000e-01	3.250000000000e+01	6.298449612403e-02	3.681997954845e-01	1.458071190119e-04	5.522996932268e-03	1.500000000000e+00	5.522996932268e-03	2.500000000000e+00	
  75	DIS_NCE	1.290000000000e-01	5.150000000000e+01	9.980620155039e-02	3.680531680584e-01	1.880751688778e-04	5.520797520876e-03	1.500000000000e+00	5.520797520876e-03	2.500000000000e+00	
  76	DIS_NCE	1.290000000000e-01	8.150000000000e+01	1.579457364341e-01	3.675815463066e-01	2.359873527288e-04	5.513723194599e-03	1.500000000000e+00	5.513723194599e-03	2.500000000000e+00	
  77	DIS_NCE	1.290000000000e-01	1.290000000000e+02	2.500000000000e-01	3.669233322144e-01	3.195902223587e-04	5.503849983215e-03	1.500000000000e+00	5.503849983215e-03	2.500000000000e+00	
  78	DIS_NCE	1.290000000000e-01	2.050000000000e+02	3.972868217054e-01	3.664284646511e-01	4.287213036418e-04	5.496426969767e-03	1.500000000000e+00	5.496426969767e-03	2.500000000000e+00	
  79	DIS_NCE	2.050000000000e-01	2.050000000000e+00	2.500000000000e-03	0.000000000000e+00	0.000000000000e+00	0.000000000000e+00	2.500000000000e+00	0.000000000000e+00	2.500000000000e+00	
  80	DIS_NCE	2.050000000000e-01	3.250000000000e+00	3.963414634146e-03	3.473685383797e-01	4.724212121963e-05	8.684213459492e-03	2.500000000000e+00	8.684213459492e-03	2.500000000000e+00	
  81	DIS_NCE	2.050000000000e-01	5.150000000000e+00	6.280487804878e-03	3.429887890816e-01	5.727912777662e-05	8.574719727039e-03	2.500000000000e+00	8.574719727039e-03	2.500000000000e+00	
  82	DIS_NCE	2.050000000000e-01	8.150000000000e+00	9.939024390244e-03	3.382234275341e-01	7.001224949956e-05	8.455585688353e-03	2.500000000000e+00	8.455585688353e-03	2.500000000000e+00	
  83	DIS_NCE	2.050000000000e-01	1.290000000000e+01	1.573170731707e-02	3.328159451485e-01	8.653214573860e-05	4.992239177227e-03	1.500000000000e+00	4.992239177227e-03	2.500000000000e+00	
  84	DIS_NCE	2.050000000000e-01	2.050000000000e+01	2.500000000000e-02	3.272405564785e-01	1.086438647509e-04	4.908608347177e-03	1.500000000000e+00	4.908608347177e-03	2.500000000000e+00	
  85	DIS_NCE	2.050000000000e-01	3.250000000000e+01	3.963414634146e-02	3.216242194176e-01	1.354037963748e-04	4.824363291264e-03	1.500000000000e+00	4.824363291264e-03	2.500000000000e+00	
  86	DIS_NCE	2.050000000000e-01	5.150000000000e+01	6.280487804878e-02	3.162115216255e-01	1.701217986345e-04	4.743172824383e-03	1.500000000000e+00	4.743172824383e-03	2.500000000000e+00	
  87	DIS_NCE	2.050000000000e-01	8.150000000000e+01	9.939024390244e-02	3.110314607620e-01	2.180330539942e-04	4.665471911430e-03	1.500000000000e+00	4.665471911430e-03	2.500000000000e+00	
  88	DIS_NCE	2.050000000000e-01	1.290000000000e+02	1.573170731707e-01	3.062006831169e-01	2.820108291507e-04	4.593010246754e-03	1.500000000000e+00	4.593010246754e-03	2.500000000000e+00	
  89	DIS_NCE	2.050000000000e-01	2.050000000000e+02	2.500000000000e-01	3.020496666431e-01	3.594391033053e-04	4.530744999647e-03	1.500000000000e+00	4.530744999647e-03	2.500000000000e+00	
  90	DIS_NCE	2.050000000000e-01	3.250000000000e+02	3.963414634146e-01	2.995196580887e-01	4.792314529419e-04	4.492794871330e-03	1.500000000000e+00	4.492794871330e-03	2.500000000000e+00	
  91	DIS_NCE	3.250000000000e-01	3.250000000000e+00	2.500000000000e-03	2.867714762688e-01	4.473635029793e-05	7.169286906719e-03	2.500000000000e+00	7.169286906719e-03	2.500000000000e+00	
  92	DIS_NCE	3.250000000000e-01	5.150000000000e+00	3.961538461538e-03	2.762486338615e-01	5.276348906755e-05	6.906215846539e-03	2.500000000000e+00	6.906215846539e-03	2.500000000000e+00	
  93	DIS_NCE	3.250000000000e-01	8.150000000000e+00	6.269230769231e-03	2.651438713074e-01	6.310424137115e-05	6.628596782684e-03	2.500000000000e+00	6.628596782684e-03	2.500000000000e+00	
  94	DIS_NCE	3.250000000000e-01	1.290000000000e+01	9.923076923077e-03	2.542872726917e-01	7.654046908021e-05	6.357181817293e-03	2.500000000000e+00	6.357181817293e-03	2.500000000000e+00	
  95	DIS_NCE	3.250000000000e-01	2.050000000000e+01	1.576923076923e-02	2.439155578613e-01	9.341965866089e-05	3.658733367920e-03	1.500000000000e+00	3.658733367920e-03	2.500000000000e+00	
  96	DIS_NCE	3.250000000000e-01	3.250000000000e+01	2.500000000000e-02	2.343876063824e-01	1.143811519146e-04	3.515814095736e-03	1.500000000000e+00	3.515814095736e-03	2.500000000000e+00	
  97	DIS_NCE	3.250000000000e-01	5.150000000000e+01	3.961538461538e-02	2.254256308079e-01	1.420181474090e-04	3.381384462118e-03	1.500000000000e+00	3.381384462118e-03	2.500000000000e+00	
  98	DIS_NCE	3.250000000000e-01	8.150000000000e+01	6.269230769231e-02	2.173158079386e-01	1.799374889731e-04	3.259737119079e-03	1.500000000000e+00	3.259737119079e-03	2.500000000000e+00	
  99	DIS_NCE	3.250000000000e-01	1.290000000000e+02	9.923076923077e-02	2.099088877440e-01	2.246025098860e-04	3.148633316159e-03	1.500000000000e+00	3.148633316159e-03	2.500000000000e+00	
 100	DIS_NCE	3.250000000000e-01	2.050000000000e+02	1.576923076923e-01	2.033008635044e-01	2.866542175412e-04	3.049512952566e-03	1.500000000000e+00	3.049512952566e-03	2.500000000000e+00	
 101	DIS_NCE	3.250000000000e-01	3.250000000000e+02	2.500000000000e-01	1.979873478413e-01	3.761759608984e-04	2.969810217619e-03	1.500000000000e+00	2.969810217619e-03	2.500000000000e+00	
 102	DIS_NCE	3.250000000000e-01	5.150000000000e+02	3.961538461538e-01	1.949852705002e-01	4.972124397755e-04	2.924779057503e-03	1.500000000000e+00	2.924779057503e-03	2.500000000000e+00	
 103	DIS_NCE	5.150000000000e-01	5.150000000000e+00	2.500000000000e-03	1.414494514465e-01	4.102034091949e-05	3.536236286163e-03	2.500000000000e+00	3.536236286163e-03	2.500000000000e+00	
 104	DIS_NCE	5.150000000000e-01	8.150000000000e+00	3.956310679612e-03	1.285072714090e-01	4.510605226457e-05	3.212681785226e-03	2.500000000000e+00	3.212681785226e-03	2.500000000000e+00	
 105	DIS_NCE	5.150000000000e-01	1.290000000000e+01	6.262135922330e-03	1.172799319029e-01	5.195500983298e-05	2.931998297572e-03	2.500000000000e+00	2.931998297572e-03	2.500000000000e+00	
 106	DIS_NCE	5.150000000000e-01	2.050000000000e+01	9.951456310680e-03	1.075516715646e-01	6.151955613494e-05	2.688791789114e-03	2.500000000000e+00	2.688791789114e-03	2.500000000000e+00	
 107	DIS_NCE	5.150000000000e-01	3.250000000000e+01	1.577669902913e-02	9.926731884480e-02	7.355708326399e-05	1.489009782672e-03	1.500000000000e+00	1.489009782672e-03	2.500000000000e+00	
 108	DIS_NCE	5.150000000000e-01	5.150000000000e+01	2.500000000000e-02	9.202908724546e-02	8.853198193014e-05	1.380436308682e-03	1.500000000000e+00	1.380436308682e-03	2.500000000000e+00	
 109	DIS_NCE	5.150000000000e-01	8.150000000000e+01	3.956310679612e-02	8.572351187468e-02	1.020109791309e-04	1.285852678120e-03	1.500000000000e+00	1.285852678120e-03	2.500000000000e+00	
 110	DIS_NCE	5.150000000000e-01	1.290000000000e+02	6.262135922330e-02	8.017227798700e-02	1.274739219993e-04	1.202584169805e-03	1.500000000000e+00	1.202584169805e-03	2.500000000000e+00	
 111	DIS_NCE	5.150000000000e-01	2.050000000000e+02	9.951456310680e-02	7.533994317055e-02	1.567070817947e-04	1.130099147558e-03	1.500000000000e+00	1.130099147558e-03	2.500000000000e+00	
 112	DIS_NCE	5.150000000000e-01	3.250000000000e+02	1.577669902913e-01	7.126037776470e-02	2.116433219612e-04	1.068905666471e-03	1.500000000000e+00	1.068905666471e-03	2.500000000000e+00	
 113	DIS_NCE	5.150000000000e-01	5.150000000000e+02	2.500000000000e-01	6.807561218739e-02	2.471144722402e-04	1.021134182811e-03	1.500000000000e+00	1.021134182811e-03	2.500000000000e+00	
 114	DIS_NCE	8.150000000000e-01	8.150000000000e+00	2.500000000000e-03	1.360019762069e-02	1.727225097828e-05	3.400049405173e-04	2.500000000000e+00	3.400049405173e-04	2.500000000000e+00	
 115	DIS_NCE	8.150000000000e-01	1.290000000000e+01	3.957055214724e-03	1.025598030537e-02	1.435837242752e-05	2.563995076344e-04	2.500000000000e+00	2.563995076344e-04	2.500000000000e+00	
 116	DIS_NCE	8.150000000000e-01	2.050000000000e+01	6.288343558282e-03	8.155433461070e-03	1.451667156070e-05	2.038858365268e-04	2.500000000000e+00	2.038858365268e-04	2.500000000000e+00	
 117	DIS_NCE	8.150000000000e-01	3.250000000000e+01	9.969325153374e-03	6.690783891827e-03	1.465281672310e-05	1.672695972957e-04	2.500000000000e+00	1.672695972957e-04	2.500000000000e+00	
 118	DIS_NCE	8.150000000000e-01	5.150000000000e+01	1.579754601227e-02	5.633869674057e-03	1.667625423521e-05	8.450804511085e-05	1.500000000000e+00	8.450804511085e-05	2.500000000000e+00	
 119	DIS_NCE	8.150000000000e-01	8.150000000000e+01	2.500000000000e-02	4.847737494856e-03	1.987572372891e-05	7.271606242284e-05	1.500000000000e+00	7.271606242284e-05	2.500000000000e+00	
