JLABP	1	261
   1	DIS_F2P	4.830000000000e-01	3.590000000000e+00	0.000000000000e+00	1.716000000000e-01	2.722000000000e-03	2.633000000000e-03	1.534382284382e+00	
   2	DIS_F2P	4.900000000000e-01	3.620000000000e+00	0.000000000000e+00	1.679000000000e-01	2.658000000000e-03	2.582000000000e-03	1.537820131030e+00	
   3	DIS_F2P	4.980000000000e-01	3.660000000000e+00	0.000000000000e+00	1.628000000000e-01	2.555000000000e-03	2.504000000000e-03	1.538083538084e+00	
   4	DIS_F2P	5.050000000000e-01	3.700000000000e+00	0.000000000000e+00	1.554000000000e-01	2.488000000000e-03	2.386000000000e-03	1.535392535393e+00	
   5	DIS_F2P	5.130000000000e-01	3.740000000000e+00	0.000000000000e+00	1.487000000000e-01	2.408000000000e-03	2.279000000000e-03	1.532616005380e+00	
   6	DIS_F2P	5.200000000000e-01	3.780000000000e+00	0.000000000000e+00	1.438000000000e-01	2.353000000000e-03	2.211000000000e-03	1.537552155772e+00	
   7	DIS_F2P	5.280000000000e-01	3.820000000000e+00	0.000000000000e+00	1.431000000000e-01	2.323000000000e-03	2.193000000000e-03	1.532494758910e+00	
   8	DIS_F2P	5.350000000000e-01	3.860000000000e+00	0.000000000000e+00	1.391000000000e-01	2.266000000000e-03	2.136000000000e-03	1.535585909418e+00	
   9	DIS_F2P	5.430000000000e-01	3.900000000000e+00	0.000000000000e+00	1.280000000000e-01	2.156000000000e-03	1.960000000000e-03	1.531250000000e+00	
  10	DIS_F2P	5.510000000000e-01	3.930000000000e+00	0.000000000000e+00	1.214000000000e-01	2.111000000000e-03	1.862000000000e-03	1.533772652389e+00	
  11	DIS_F2P	5.590000000000e-01	3.970000000000e+00	0.000000000000e+00	1.184000000000e-01	2.065000000000e-03	1.815000000000e-03	1.532939189189e+00	
  12	DIS_F2P	5.670000000000e-01	4.010000000000e+00	0.000000000000e+00	1.155000000000e-01	2.019000000000e-03	1.781000000000e-03	1.541991341991e+00	
  13	DIS_F2P	5.750000000000e-01	4.050000000000e+00	0.000000000000e+00	1.125000000000e-01	1.972000000000e-03	1.734000000000e-03	1.541333333333e+00	
  14	DIS_F2P	5.830000000000e-01	4.090000000000e+00	0.000000000000e+00	1.116000000000e-01	1.951000000000e-03	1.712000000000e-03	1.534050179211e+00	
  15	DIS_F2P	5.910000000000e-01	4.130000000000e+00	0.000000000000e+00	1.069000000000e-01	1.890000000000e-03	1.637000000000e-03	1.531337698784e+00	
  16	DIS_F2P	6.000000000000e-01	4.170000000000e+00	0.000000000000e+00	9.887000000000e-02	1.802000000000e-03	1.521000000000e-03	1.538383736219e+00	
  17	DIS_F2P	6.000000000000e-01	4.170000000000e+00	0.000000000000e+00	1.013000000000e-01	1.361000000000e-03	1.562000000000e-03	1.541954590326e+00	
  18	DIS_F2P	6.100000000000e-01	4.210000000000e+00	0.000000000000e+00	9.568000000000e-02	1.298000000000e-03	1.472000000000e-03	1.538461538462e+00	
  19	DIS_F2P	6.200000000000e-01	4.260000000000e+00	0.000000000000e+00	9.154000000000e-02	1.248000000000e-03	1.409000000000e-03	1.539217828272e+00	
  20	DIS_F2P	6.290000000000e-01	4.300000000000e+00	0.000000000000e+00	8.385000000000e-02	1.171000000000e-03	1.292000000000e-03	1.540846750149e+00	
  21	DIS_F2P	6.390000000000e-01	4.350000000000e+00	0.000000000000e+00	8.113000000000e-02	1.146000000000e-03	1.241000000000e-03	1.529643781585e+00	
  22	DIS_F2P	6.490000000000e-01	4.390000000000e+00	0.000000000000e+00	7.504000000000e-02	1.082000000000e-03	1.149000000000e-03	1.531183368870e+00	
  23	DIS_F2P	6.600000000000e-01	4.440000000000e+00	0.000000000000e+00	7.205000000000e-02	1.043000000000e-03	1.111000000000e-03	1.541984732824e+00	
  24	DIS_F2P	6.700000000000e-01	4.480000000000e+00	0.000000000000e+00	7.155000000000e-02	1.045000000000e-03	1.100000000000e-03	1.537386443047e+00	
  25	DIS_F2P	6.800000000000e-01	4.530000000000e+00	0.000000000000e+00	6.958000000000e-02	1.006000000000e-03	1.074000000000e-03	1.543546996263e+00	
  26	DIS_F2P	6.910000000000e-01	4.570000000000e+00	0.000000000000e+00	7.016000000000e-02	9.809000000000e-04	1.076000000000e-03	1.533637400228e+00	
  27	DIS_F2P	7.020000000000e-01	4.620000000000e+00	0.000000000000e+00	6.309000000000e-02	9.005000000000e-04	9.688000000000e-04	1.535584086226e+00	
  28	DIS_F2P	7.120000000000e-01	4.670000000000e+00	0.000000000000e+00	5.509000000000e-02	8.334000000000e-04	8.471000000000e-04	1.537665638047e+00	
  29	DIS_F2P	7.230000000000e-01	4.710000000000e+00	0.000000000000e+00	4.779000000000e-02	7.525000000000e-04	7.388000000000e-04	1.545930110902e+00	
  30	DIS_F2P	7.340000000000e-01	4.760000000000e+00	0.000000000000e+00	4.044000000000e-02	6.848000000000e-04	6.163000000000e-04	1.523986152324e+00	
  31	DIS_F2P	7.460000000000e-01	4.800000000000e+00	0.000000000000e+00	3.820000000000e-02	6.855000000000e-04	5.896000000000e-04	1.543455497382e+00	
  32	DIS_F2P	7.570000000000e-01	4.850000000000e+00	0.000000000000e+00	3.706000000000e-02	6.724000000000e-04	5.763000000000e-04	1.555045871560e+00	
  33	DIS_F2P	7.570000000000e-01	4.850000000000e+00	0.000000000000e+00	3.756000000000e-02	4.803000000000e-04	5.763000000000e-04	1.534345047923e+00	
  34	DIS_F2P	7.710000000000e-01	4.900000000000e+00	0.000000000000e+00	4.064000000000e-02	4.807000000000e-04	6.317000000000e-04	1.554379921260e+00	
  35	DIS_F2P	7.840000000000e-01	4.950000000000e+00	0.000000000000e+00	3.671000000000e-02	4.398000000000e-04	5.635000000000e-04	1.535004086080e+00	
  36	DIS_F2P	7.980000000000e-01	5.000000000000e+00	0.000000000000e+00	3.009000000000e-02	3.713000000000e-04	4.675000000000e-04	1.553672316384e+00	
  37	DIS_F2P	8.120000000000e-01	5.060000000000e+00	0.000000000000e+00	2.461000000000e-02	3.301000000000e-04	3.851000000000e-04	1.564811052418e+00	
  38	DIS_F2P	8.260000000000e-01	5.110000000000e+00	0.000000000000e+00	1.984000000000e-02	2.889000000000e-04	3.164000000000e-04	1.594758064516e+00	
  39	DIS_F2P	8.400000000000e-01	5.160000000000e+00	0.000000000000e+00	1.676000000000e-02	2.614000000000e-04	2.614000000000e-04	1.559665871122e+00	
  40	DIS_F2P	8.540000000000e-01	5.210000000000e+00	0.000000000000e+00	1.272000000000e-02	2.338000000000e-04	2.063000000000e-04	1.621855345912e+00	
  41	DIS_F2P	8.690000000000e-01	5.270000000000e+00	0.000000000000e+00	1.122000000000e-02	2.200000000000e-04	1.925000000000e-04	1.715686274510e+00	
  42	DIS_F2P	8.840000000000e-01	5.320000000000e+00	0.000000000000e+00	1.031000000000e-02	2.199000000000e-04	2.061000000000e-04	1.999030067895e+00	
  43	DIS_F2P	8.990000000000e-01	5.370000000000e+00	0.000000000000e+00	9.558000000000e-03	2.335000000000e-04	2.335000000000e-04	2.442979702867e+00	
  44	DIS_F2P	9.140000000000e-01	5.420000000000e+00	0.000000000000e+00	5.557000000000e-03	1.646000000000e-04	1.921000000000e-04	3.456901205687e+00	
  45	DIS_F2P	9.300000000000e-01	5.480000000000e+00	0.000000000000e+00	2.783000000000e-03	1.234000000000e-04	1.508000000000e-04	5.418613007546e+00	
  46	DIS_F2P	5.300000000000e-01	4.000000000000e+00	0.000000000000e+00	1.441000000000e-01	3.078000000000e-03	2.213000000000e-03	1.535739070090e+00	
  47	DIS_F2P	5.380000000000e-01	4.040000000000e+00	0.000000000000e+00	1.328000000000e-01	2.942000000000e-03	2.039000000000e-03	1.535391566265e+00	
  48	DIS_F2P	5.460000000000e-01	4.080000000000e+00	0.000000000000e+00	1.284000000000e-01	2.804000000000e-03	1.965000000000e-03	1.530373831776e+00	
  49	DIS_F2P	5.540000000000e-01	4.120000000000e+00	0.000000000000e+00	1.248000000000e-01	2.766000000000e-03	1.923000000000e-03	1.540865384615e+00	
  50	DIS_F2P	5.620000000000e-01	4.170000000000e+00	0.000000000000e+00	1.228000000000e-01	2.728000000000e-03	1.881000000000e-03	1.531758957655e+00	
  51	DIS_F2P	5.700000000000e-01	4.210000000000e+00	0.000000000000e+00	1.145000000000e-01	2.586000000000e-03	1.752000000000e-03	1.530131004367e+00	
  52	DIS_F2P	5.780000000000e-01	4.250000000000e+00	0.000000000000e+00	1.109000000000e-01	2.545000000000e-03	1.708000000000e-03	1.540126239856e+00	
  53	DIS_F2P	5.870000000000e-01	4.300000000000e+00	0.000000000000e+00	1.085000000000e-01	2.521000000000e-03	1.663000000000e-03	1.532718894009e+00	
  54	DIS_F2P	5.950000000000e-01	4.340000000000e+00	0.000000000000e+00	1.053000000000e-01	2.462000000000e-03	1.618000000000e-03	1.536562203229e+00	
  55	DIS_F2P	6.030000000000e-01	4.380000000000e+00	0.000000000000e+00	9.524000000000e-02	2.333000000000e-03	1.469000000000e-03	1.542419151617e+00	
  56	DIS_F2P	6.120000000000e-01	4.430000000000e+00	0.000000000000e+00	9.259000000000e-02	2.289000000000e-03	1.422000000000e-03	1.535803002484e+00	
  57	DIS_F2P	6.200000000000e-01	4.470000000000e+00	0.000000000000e+00	9.036000000000e-02	2.279000000000e-03	1.392000000000e-03	1.540504648074e+00	
  58	DIS_F2P	6.290000000000e-01	4.510000000000e+00	0.000000000000e+00	8.306000000000e-02	2.165000000000e-03	1.274000000000e-03	1.533830965567e+00	
  59	DIS_F2P	6.380000000000e-01	4.560000000000e+00	0.000000000000e+00	7.923000000000e-02	2.101000000000e-03	1.226000000000e-03	1.547393664016e+00	
  60	DIS_F2P	6.460000000000e-01	4.600000000000e+00	0.000000000000e+00	7.379000000000e-02	2.038000000000e-03	1.142000000000e-03	1.547635180919e+00	
  61	DIS_F2P	6.550000000000e-01	4.640000000000e+00	0.000000000000e+00	7.453000000000e-02	1.991000000000e-03	1.145000000000e-03	1.536294109754e+00	
  62	DIS_F2P	6.560000000000e-01	4.650000000000e+00	0.000000000000e+00	7.211000000000e-02	1.128000000000e-03	1.110000000000e-03	1.539314935515e+00	
  63	DIS_F2P	6.660000000000e-01	4.700000000000e+00	0.000000000000e+00	6.730000000000e-02	1.061000000000e-03	1.025000000000e-03	1.523031203566e+00	
  64	DIS_F2P	6.760000000000e-01	4.750000000000e+00	0.000000000000e+00	6.549000000000e-02	1.029000000000e-03	1.011000000000e-03	1.543747136967e+00	
  65	DIS_F2P	6.870000000000e-01	4.800000000000e+00	0.000000000000e+00	6.414000000000e-02	1.014000000000e-03	9.783000000000e-04	1.525257249766e+00	
  66	DIS_F2P	6.980000000000e-01	4.850000000000e+00	0.000000000000e+00	6.576000000000e-02	9.989000000000e-04	1.017000000000e-03	1.546532846715e+00	
  67	DIS_F2P	7.090000000000e-01	4.900000000000e+00	0.000000000000e+00	5.992000000000e-02	9.300000000000e-04	9.122000000000e-04	1.522363150868e+00	
  68	DIS_F2P	7.200000000000e-01	4.950000000000e+00	0.000000000000e+00	5.431000000000e-02	8.428000000000e-04	8.428000000000e-04	1.551832075124e+00	
  69	DIS_F2P	7.310000000000e-01	5.000000000000e+00	0.000000000000e+00	4.342000000000e-02	7.549000000000e-04	6.650000000000e-04	1.531552280055e+00	
  70	DIS_F2P	7.420000000000e-01	5.050000000000e+00	0.000000000000e+00	3.720000000000e-02	6.845000000000e-04	5.764000000000e-04	1.549462365591e+00	
  71	DIS_F2P	7.530000000000e-01	5.100000000000e+00	0.000000000000e+00	3.266000000000e-02	6.318000000000e-04	5.055000000000e-04	1.547764849969e+00	
  72	DIS_F2P	7.640000000000e-01	5.150000000000e+00	0.000000000000e+00	3.010000000000e-02	6.331000000000e-04	4.703000000000e-04	1.562458471761e+00	
  73	DIS_F2P	7.760000000000e-01	5.200000000000e+00	0.000000000000e+00	3.280000000000e-02	6.705000000000e-04	5.074000000000e-04	1.546951219512e+00	
  74	DIS_F2P	7.870000000000e-01	5.250000000000e+00	0.000000000000e+00	3.271000000000e-02	6.535000000000e-04	5.083000000000e-04	1.553959033935e+00	
  75	DIS_F2P	7.990000000000e-01	5.300000000000e+00	0.000000000000e+00	2.998000000000e-02	6.000000000000e-04	4.546000000000e-04	1.516344229486e+00	
  76	DIS_F2P	8.110000000000e-01	5.350000000000e+00	0.000000000000e+00	2.567000000000e-02	5.098000000000e-04	4.006000000000e-04	1.560576548500e+00	
  77	DIS_F2P	8.230000000000e-01	5.400000000000e+00	0.000000000000e+00	1.986000000000e-02	4.376000000000e-04	3.100000000000e-04	1.560926485398e+00	
  78	DIS_F2P	8.240000000000e-01	5.400000000000e+00	0.000000000000e+00	1.933000000000e-02	2.553000000000e-04	2.918000000000e-04	1.509570615623e+00	
  79	DIS_F2P	8.380000000000e-01	5.460000000000e+00	0.000000000000e+00	1.616000000000e-02	2.374000000000e-04	2.556000000000e-04	1.581683168317e+00	
  80	DIS_F2P	8.520000000000e-01	5.520000000000e+00	0.000000000000e+00	1.313000000000e-02	2.011000000000e-04	2.011000000000e-04	1.531607006855e+00	
  81	DIS_F2P	8.660000000000e-01	5.580000000000e+00	0.000000000000e+00	1.025000000000e-02	1.830000000000e-04	1.647000000000e-04	1.606829268293e+00	
  82	DIS_F2P	8.810000000000e-01	5.640000000000e+00	0.000000000000e+00	9.525000000000e-03	1.832000000000e-04	1.649000000000e-04	1.731233595801e+00	
  83	DIS_F2P	8.960000000000e-01	5.690000000000e+00	0.000000000000e+00	9.220000000000e-03	1.833000000000e-04	2.016000000000e-04	2.186550976139e+00	
  84	DIS_F2P	9.110000000000e-01	5.750000000000e+00	0.000000000000e+00	7.464000000000e-03	1.834000000000e-04	2.201000000000e-04	2.948821007503e+00	
  85	DIS_F2P	9.260000000000e-01	5.810000000000e+00	0.000000000000e+00	3.339000000000e-03	1.101000000000e-04	1.468000000000e-04	4.396525905960e+00	
  86	DIS_F2P	9.420000000000e-01	5.870000000000e+00	0.000000000000e+00	1.138000000000e-03	7.341000000000e-05	7.341000000000e-05	6.450790861160e+00	
  87	DIS_F2P	5.470000000000e-01	4.280000000000e+00	0.000000000000e+00	1.288000000000e-01	2.852000000000e-03	1.983000000000e-03	1.539596273292e+00	
  88	DIS_F2P	5.550000000000e-01	4.330000000000e+00	0.000000000000e+00	1.251000000000e-01	2.756000000000e-03	1.927000000000e-03	1.540367705835e+00	
  89	DIS_F2P	5.630000000000e-01	4.370000000000e+00	0.000000000000e+00	1.238000000000e-01	2.658000000000e-03	1.892000000000e-03	1.528271405493e+00	
  90	DIS_F2P	5.710000000000e-01	4.420000000000e+00	0.000000000000e+00	1.089000000000e-01	2.514000000000e-03	1.676000000000e-03	1.539026629936e+00	
  91	DIS_F2P	5.790000000000e-01	4.470000000000e+00	0.000000000000e+00	1.084000000000e-01	2.481000000000e-03	1.662000000000e-03	1.533210332103e+00	
  92	DIS_F2P	5.870000000000e-01	4.510000000000e+00	0.000000000000e+00	1.039000000000e-01	2.402000000000e-03	1.601000000000e-03	1.540904716073e+00	
  93	DIS_F2P	5.950000000000e-01	4.560000000000e+00	0.000000000000e+00	9.683000000000e-02	2.298000000000e-03	1.494000000000e-03	1.542910255086e+00	
  94	DIS_F2P	6.030000000000e-01	4.610000000000e+00	0.000000000000e+00	9.133000000000e-02	2.263000000000e-03	1.409000000000e-03	1.542757034928e+00	
  95	DIS_F2P	6.110000000000e-01	4.650000000000e+00	0.000000000000e+00	9.022000000000e-02	2.227000000000e-03	1.392000000000e-03	1.542895145201e+00	
  96	DIS_F2P	6.200000000000e-01	4.700000000000e+00	0.000000000000e+00	8.293000000000e-02	2.097000000000e-03	1.282000000000e-03	1.545882069215e+00	
  97	DIS_F2P	6.280000000000e-01	4.740000000000e+00	0.000000000000e+00	8.403000000000e-02	2.107000000000e-03	1.287000000000e-03	1.531595858622e+00	
  98	DIS_F2P	6.360000000000e-01	4.790000000000e+00	0.000000000000e+00	7.651000000000e-02	2.021000000000e-03	1.175000000000e-03	1.535746961182e+00	
  99	DIS_F2P	6.450000000000e-01	4.840000000000e+00	0.000000000000e+00	7.078000000000e-02	1.935000000000e-03	1.086000000000e-03	1.534331732128e+00	
 100	DIS_F2P	6.530000000000e-01	4.880000000000e+00	0.000000000000e+00	7.069000000000e-02	1.920000000000e-03	1.090000000000e-03	1.541943697836e+00	
 101	DIS_F2P	6.620000000000e-01	4.930000000000e+00	0.000000000000e+00	6.447000000000e-02	1.808000000000e-03	9.991000000000e-04	1.549713044827e+00	
 102	DIS_F2P	6.710000000000e-01	4.980000000000e+00	0.000000000000e+00	6.336000000000e-02	1.767000000000e-03	9.791000000000e-04	1.545296717172e+00	
 103	DIS_F2P	6.710000000000e-01	4.980000000000e+00	0.000000000000e+00	6.297000000000e-02	1.170000000000e-03	9.794000000000e-04	1.555343814515e+00	
 104	DIS_F2P	6.810000000000e-01	5.030000000000e+00	0.000000000000e+00	5.761000000000e-02	1.103000000000e-03	8.875000000000e-04	1.540531157785e+00	
 105	DIS_F2P	6.920000000000e-01	5.090000000000e+00	0.000000000000e+00	5.567000000000e-02	1.084000000000e-03	8.671000000000e-04	1.557571402910e+00	
 106	DIS_F2P	7.020000000000e-01	5.140000000000e+00	0.000000000000e+00	5.850000000000e-02	1.088000000000e-03	8.948000000000e-04	1.529572649573e+00	
 107	DIS_F2P	7.120000000000e-01	5.190000000000e+00	0.000000000000e+00	5.844000000000e-02	1.068000000000e-03	8.983000000000e-04	1.537132101300e+00	
 108	DIS_F2P	7.230000000000e-01	5.250000000000e+00	0.000000000000e+00	5.597000000000e-02	1.023000000000e-03	8.528000000000e-04	1.523673396462e+00	
 109	DIS_F2P	7.330000000000e-01	5.300000000000e+00	0.000000000000e+00	4.780000000000e-02	9.047000000000e-04	7.336000000000e-04	1.534728033473e+00	
 110	DIS_F2P	7.440000000000e-01	5.360000000000e+00	0.000000000000e+00	4.009000000000e-02	8.343000000000e-04	6.134000000000e-04	1.530057370915e+00	
 111	DIS_F2P	7.550000000000e-01	5.410000000000e+00	0.000000000000e+00	3.427000000000e-02	7.632000000000e-04	5.170000000000e-04	1.508608112051e+00	
 112	DIS_F2P	7.660000000000e-01	5.460000000000e+00	0.000000000000e+00	2.964000000000e-02	7.162000000000e-04	4.446000000000e-04	1.500000000000e+00	
 113	DIS_F2P	7.770000000000e-01	5.520000000000e+00	0.000000000000e+00	2.571000000000e-02	6.936000000000e-04	3.964000000000e-04	1.541812524310e+00	
 114	DIS_F2P	7.880000000000e-01	5.570000000000e+00	0.000000000000e+00	2.703000000000e-02	7.205000000000e-04	4.224000000000e-04	1.562708102109e+00	
 115	DIS_F2P	7.990000000000e-01	5.620000000000e+00	0.000000000000e+00	3.346000000000e-02	7.723000000000e-04	5.232000000000e-04	1.563658099223e+00	
 116	DIS_F2P	8.100000000000e-01	5.680000000000e+00	0.000000000000e+00	2.776000000000e-02	6.745000000000e-04	4.247000000000e-04	1.529899135447e+00	
 117	DIS_F2P	8.210000000000e-01	5.730000000000e+00	0.000000000000e+00	2.119000000000e-02	5.510000000000e-04	3.256000000000e-04	1.536573855592e+00	
 118	DIS_F2P	8.330000000000e-01	5.790000000000e+00	0.000000000000e+00	1.778000000000e-02	5.021000000000e-04	2.762000000000e-04	1.553430821147e+00	
 119	DIS_F2P	8.340000000000e-01	5.790000000000e+00	0.000000000000e+00	1.652000000000e-02	2.511000000000e-04	2.511000000000e-04	1.519975786925e+00	
 120	DIS_F2P	8.470000000000e-01	5.850000000000e+00	0.000000000000e+00	1.430000000000e-02	2.266000000000e-04	2.266000000000e-04	1.584615384615e+00	
 121	DIS_F2P	8.610000000000e-01	5.910000000000e+00	0.000000000000e+00	1.151000000000e-02	2.019000000000e-04	1.767000000000e-04	1.535186794092e+00	
 122	DIS_F2P	8.740000000000e-01	5.980000000000e+00	0.000000000000e+00	8.754000000000e-03	1.771000000000e-04	1.518000000000e-04	1.734064427690e+00	
 123	DIS_F2P	8.880000000000e-01	6.040000000000e+00	0.000000000000e+00	7.785000000000e-03	1.775000000000e-04	1.522000000000e-04	1.955041746949e+00	
 124	DIS_F2P	9.020000000000e-01	6.100000000000e+00	0.000000000000e+00	7.471000000000e-03	1.779000000000e-04	1.525000000000e-04	2.041226074153e+00	
 125	DIS_F2P	9.170000000000e-01	6.160000000000e+00	0.000000000000e+00	6.060000000000e-03	1.782000000000e-04	1.782000000000e-04	2.940594059406e+00	
 126	DIS_F2P	9.310000000000e-01	6.230000000000e+00	0.000000000000e+00	3.010000000000e-03	1.275000000000e-04	1.275000000000e-04	4.235880398671e+00	
 127	DIS_F2P	9.460000000000e-01	6.290000000000e+00	0.000000000000e+00	2.121000000000e-03	1.278000000000e-04	1.533000000000e-04	7.227722772277e+00	
 128	DIS_F2P	6.030000000000e-01	5.010000000000e+00	0.000000000000e+00	9.718000000000e-02	2.198000000000e-03	1.506000000000e-03	1.549701584688e+00	
 129	DIS_F2P	6.110000000000e-01	5.070000000000e+00	0.000000000000e+00	8.852000000000e-02	2.090000000000e-03	1.352000000000e-03	1.527338454587e+00	
 130	DIS_F2P	6.200000000000e-01	5.120000000000e+00	0.000000000000e+00	8.352000000000e-02	2.062000000000e-03	1.279000000000e-03	1.531369731801e+00	
 131	DIS_F2P	6.280000000000e-01	5.180000000000e+00	0.000000000000e+00	8.062000000000e-02	1.951000000000e-03	1.245000000000e-03	1.544281815927e+00	
 132	DIS_F2P	6.360000000000e-01	5.230000000000e+00	0.000000000000e+00	7.593000000000e-02	1.921000000000e-03	1.170000000000e-03	1.540892927697e+00	
 133	DIS_F2P	6.440000000000e-01	5.290000000000e+00	0.000000000000e+00	6.972000000000e-02	1.807000000000e-03	1.051000000000e-03	1.507458405049e+00	
 134	DIS_F2P	6.530000000000e-01	5.340000000000e+00	0.000000000000e+00	6.803000000000e-02	1.776000000000e-03	1.057000000000e-03	1.553726297222e+00	
 135	DIS_F2P	6.610000000000e-01	5.390000000000e+00	0.000000000000e+00	6.596000000000e-02	1.701000000000e-03	1.021000000000e-03	1.547907822923e+00	
 136	DIS_F2P	6.690000000000e-01	5.450000000000e+00	0.000000000000e+00	5.668000000000e-02	1.625000000000e-03	8.555000000000e-04	1.509350741002e+00	
 137	DIS_F2P	6.780000000000e-01	5.500000000000e+00	0.000000000000e+00	5.419000000000e-02	1.548000000000e-03	8.172000000000e-04	1.508027311312e+00	
 138	DIS_F2P	6.860000000000e-01	5.560000000000e+00	0.000000000000e+00	5.229000000000e-02	1.514000000000e-03	8.218000000000e-04	1.571619812584e+00	
 139	DIS_F2P	6.950000000000e-01	5.610000000000e+00	0.000000000000e+00	4.953000000000e-02	1.522000000000e-03	7.393000000000e-04	1.492630728851e+00	
 140	DIS_F2P	7.040000000000e-01	5.670000000000e+00	0.000000000000e+00	4.634000000000e-02	1.443000000000e-03	6.995000000000e-04	1.509495036685e+00	
 141	DIS_F2P	7.120000000000e-01	5.720000000000e+00	0.000000000000e+00	4.554000000000e-02	1.407000000000e-03	7.033000000000e-04	1.544356609574e+00	
 142	DIS_F2P	7.210000000000e-01	5.770000000000e+00	0.000000000000e+00	4.250000000000e-02	1.325000000000e-03	6.627000000000e-04	1.559294117647e+00	
 143	DIS_F2P	7.300000000000e-01	5.830000000000e+00	0.000000000000e+00	4.382000000000e-02	1.288000000000e-03	6.660000000000e-04	1.519853947969e+00	
 144	DIS_F2P	7.300000000000e-01	5.830000000000e+00	0.000000000000e+00	4.415000000000e-02	6.218000000000e-04	6.663000000000e-04	1.509173272933e+00	
 145	DIS_F2P	7.400000000000e-01	5.890000000000e+00	0.000000000000e+00	4.342000000000e-02	6.253000000000e-04	6.700000000000e-04	1.543067710732e+00	
 146	DIS_F2P	7.510000000000e-01	5.960000000000e+00	0.000000000000e+00	4.074000000000e-02	5.840000000000e-04	6.289000000000e-04	1.543691703486e+00	
 147	DIS_F2P	7.610000000000e-01	6.020000000000e+00	0.000000000000e+00	3.455000000000e-02	4.968000000000e-04	5.420000000000e-04	1.568740955137e+00	
 148	DIS_F2P	7.710000000000e-01	6.080000000000e+00	0.000000000000e+00	2.715000000000e-02	4.541000000000e-04	4.087000000000e-04	1.505340699816e+00	
 149	DIS_F2P	7.820000000000e-01	6.150000000000e+00	0.000000000000e+00	2.227000000000e-02	4.108000000000e-04	3.651000000000e-04	1.639425235743e+00	
 150	DIS_F2P	7.930000000000e-01	6.210000000000e+00	0.000000000000e+00	2.092000000000e-02	4.129000000000e-04	3.211000000000e-04	1.534894837476e+00	
 151	DIS_F2P	8.030000000000e-01	6.270000000000e+00	0.000000000000e+00	2.005000000000e-02	4.149000000000e-04	3.227000000000e-04	1.609476309227e+00	
 152	DIS_F2P	8.140000000000e-01	6.340000000000e+00	0.000000000000e+00	2.187000000000e-02	4.169000000000e-04	3.243000000000e-04	1.482853223594e+00	
 153	DIS_F2P	8.220000000000e-01	6.380000000000e+00	0.000000000000e+00	2.130000000000e-02	4.650000000000e-04	3.255000000000e-04	1.528169014085e+00	
 154	DIS_F2P	8.250000000000e-01	6.400000000000e+00	0.000000000000e+00	2.132000000000e-02	4.189000000000e-04	3.258000000000e-04	1.528142589118e+00	
 155	DIS_F2P	8.340000000000e-01	6.450000000000e+00	0.000000000000e+00	1.720000000000e-02	3.738000000000e-04	2.804000000000e-04	1.630232558140e+00	
 156	DIS_F2P	8.360000000000e-01	6.460000000000e+00	0.000000000000e+00	1.660000000000e-02	3.741000000000e-04	2.338000000000e-04	1.408433734940e+00	
 157	DIS_F2P	8.460000000000e-01	6.520000000000e+00	0.000000000000e+00	1.324000000000e-02	3.288000000000e-04	1.879000000000e-04	1.419184290030e+00	
 158	DIS_F2P	8.460000000000e-01	6.530000000000e+00	0.000000000000e+00	1.320000000000e-02	2.818000000000e-04	1.879000000000e-04	1.423484848485e+00	
 159	DIS_F2P	8.570000000000e-01	6.590000000000e+00	0.000000000000e+00	1.090000000000e-02	2.831000000000e-04	1.887000000000e-04	1.731192660550e+00	
 160	DIS_F2P	8.580000000000e-01	6.590000000000e+00	0.000000000000e+00	1.109000000000e-02	3.303000000000e-04	1.888000000000e-04	1.702434625789e+00	
 161	DIS_F2P	8.690000000000e-01	6.650000000000e+00	0.000000000000e+00	9.239000000000e-03	2.369000000000e-04	1.421000000000e-04	1.538045242992e+00	
 162	DIS_F2P	8.700000000000e-01	6.660000000000e+00	0.000000000000e+00	8.865000000000e-03	2.845000000000e-04	1.422000000000e-04	1.604060913706e+00	
 163	DIS_F2P	8.800000000000e-01	6.710000000000e+00	0.000000000000e+00	6.994000000000e-03	2.379000000000e-04	9.516000000000e-05	1.360594795539e+00	
 164	DIS_F2P	8.820000000000e-01	6.730000000000e+00	0.000000000000e+00	6.620000000000e-03	2.381000000000e-04	9.525000000000e-05	1.438821752266e+00	
 165	DIS_F2P	8.910000000000e-01	6.780000000000e+00	0.000000000000e+00	6.544000000000e-03	2.388000000000e-04	9.554000000000e-05	1.459963325183e+00	
 166	DIS_F2P	8.950000000000e-01	6.800000000000e+00	0.000000000000e+00	5.693000000000e-03	2.392000000000e-04	9.568000000000e-05	1.680660460214e+00	
 167	DIS_F2P	9.070000000000e-01	6.870000000000e+00	0.000000000000e+00	5.285000000000e-03	2.402000000000e-04	9.609000000000e-05	1.818164616840e+00	
 168	DIS_F2P	9.200000000000e-01	6.940000000000e+00	0.000000000000e+00	4.535000000000e-03	2.412000000000e-04	9.649000000000e-05	2.127673649394e+00	
 169	DIS_F2P	9.320000000000e-01	7.010000000000e+00	0.000000000000e+00	3.391000000000e-03	1.453000000000e-04	9.688000000000e-05	2.856974343851e+00	
 170	DIS_F2P	9.450000000000e-01	7.080000000000e+00	0.000000000000e+00	1.654000000000e-03	9.727000000000e-05	9.727000000000e-05	5.880894800484e+00	
 171	DIS_F2P	5.160000000000e-01	4.530000000000e+00	0.000000000000e+00	1.492000000000e-01	5.341000000000e-03	2.276000000000e-03	1.525469168901e+00	
 172	DIS_F2P	5.220000000000e-01	4.570000000000e+00	0.000000000000e+00	1.539000000000e-01	5.382000000000e-03	2.387000000000e-03	1.551007147498e+00	
 173	DIS_F2P	5.290000000000e-01	4.620000000000e+00	0.000000000000e+00	1.431000000000e-01	5.046000000000e-03	2.216000000000e-03	1.548567435360e+00	
 174	DIS_F2P	5.350000000000e-01	4.670000000000e+00	0.000000000000e+00	1.306000000000e-01	4.751000000000e-03	1.995000000000e-03	1.527565084227e+00	
 175	DIS_F2P	5.420000000000e-01	4.720000000000e+00	0.000000000000e+00	1.288000000000e-01	4.690000000000e-03	1.962000000000e-03	1.523291925466e+00	
 176	DIS_F2P	5.490000000000e-01	4.770000000000e+00	0.000000000000e+00	1.273000000000e-01	4.676000000000e-03	1.976000000000e-03	1.552238805970e+00	
 177	DIS_F2P	5.550000000000e-01	4.820000000000e+00	0.000000000000e+00	1.163000000000e-01	4.466000000000e-03	1.796000000000e-03	1.544282029235e+00	
 178	DIS_F2P	5.620000000000e-01	4.870000000000e+00	0.000000000000e+00	1.140000000000e-01	4.399000000000e-03	1.760000000000e-03	1.543859649123e+00	
 179	DIS_F2P	5.690000000000e-01	4.920000000000e+00	0.000000000000e+00	1.048000000000e-01	4.183000000000e-03	1.624000000000e-03	1.549618320611e+00	
 180	DIS_F2P	5.760000000000e-01	4.970000000000e+00	0.000000000000e+00	1.052000000000e-01	4.162000000000e-03	1.635000000000e-03	1.554182509506e+00	
 181	DIS_F2P	5.820000000000e-01	5.010000000000e+00	0.000000000000e+00	9.885000000000e-02	4.040000000000e-03	1.496000000000e-03	1.513404147699e+00	
 182	DIS_F2P	5.890000000000e-01	5.060000000000e+00	0.000000000000e+00	9.891000000000e-02	3.967000000000e-03	1.506000000000e-03	1.522596299666e+00	
 183	DIS_F2P	5.960000000000e-01	5.110000000000e+00	0.000000000000e+00	9.338000000000e-02	3.840000000000e-03	1.415000000000e-03	1.515313771686e+00	
 184	DIS_F2P	6.030000000000e-01	5.160000000000e+00	0.000000000000e+00	9.174000000000e-02	3.865000000000e-03	1.424000000000e-03	1.552212775234e+00	
 185	DIS_F2P	6.100000000000e-01	5.210000000000e+00	0.000000000000e+00	8.316000000000e-02	3.582000000000e-03	1.279000000000e-03	1.537999037999e+00	
 186	DIS_F2P	6.170000000000e-01	5.260000000000e+00	0.000000000000e+00	8.624000000000e-02	3.553000000000e-03	1.339000000000e-03	1.552643784787e+00	
 187	DIS_F2P	6.170000000000e-01	5.260000000000e+00	0.000000000000e+00	8.448000000000e-02	2.421000000000e-03	1.288000000000e-03	1.524621212121e+00	
 188	DIS_F2P	6.250000000000e-01	5.320000000000e+00	0.000000000000e+00	7.958000000000e-02	2.283000000000e-03	1.245000000000e-03	1.564463433023e+00	
 189	DIS_F2P	6.330000000000e-01	5.380000000000e+00	0.000000000000e+00	7.798000000000e-02	2.246000000000e-03	1.201000000000e-03	1.540138497051e+00	
 190	DIS_F2P	6.420000000000e-01	5.430000000000e+00	0.000000000000e+00	7.011000000000e-02	2.104000000000e-03	1.052000000000e-03	1.500499215518e+00	
 191	DIS_F2P	6.500000000000e-01	5.490000000000e+00	0.000000000000e+00	6.263000000000e-02	1.959000000000e-03	9.530000000000e-04	1.521634999202e+00	
 192	DIS_F2P	6.580000000000e-01	5.550000000000e+00	0.000000000000e+00	6.236000000000e-02	1.972000000000e-03	9.594000000000e-04	1.538486209108e+00	
 193	DIS_F2P	6.660000000000e-01	5.600000000000e+00	0.000000000000e+00	6.319000000000e-02	1.931000000000e-03	9.655000000000e-04	1.527931634752e+00	
 194	DIS_F2P	6.750000000000e-01	5.660000000000e+00	0.000000000000e+00	5.749000000000e-02	1.889000000000e-03	8.637000000000e-04	1.502348234476e+00	
 195	DIS_F2P	6.830000000000e-01	5.720000000000e+00	0.000000000000e+00	5.013000000000e-02	1.738000000000e-03	7.604000000000e-04	1.516856173948e+00	
 196	DIS_F2P	6.920000000000e-01	5.770000000000e+00	0.000000000000e+00	5.071000000000e-02	1.803000000000e-03	7.651000000000e-04	1.508775389470e+00	
 197	DIS_F2P	7.000000000000e-01	5.830000000000e+00	0.000000000000e+00	4.558000000000e-02	1.649000000000e-03	7.147000000000e-04	1.568012286090e+00	
 198	DIS_F2P	7.090000000000e-01	5.890000000000e+00	0.000000000000e+00	4.419000000000e-02	1.659000000000e-03	6.637000000000e-04	1.501923512107e+00	
 199	DIS_F2P	7.170000000000e-01	5.940000000000e+00	0.000000000000e+00	4.300000000000e-02	1.613000000000e-03	6.675000000000e-04	1.552325581395e+00	
 200	DIS_F2P	7.260000000000e-01	6.000000000000e+00	0.000000000000e+00	3.978000000000e-02	1.510000000000e-03	6.154000000000e-04	1.547008547009e+00	
 201	DIS_F2P	7.340000000000e-01	6.060000000000e+00	0.000000000000e+00	4.118000000000e-02	1.575000000000e-03	6.188000000000e-04	1.502671199611e+00	
 202	DIS_F2P	7.360000000000e-01	6.070000000000e+00	0.000000000000e+00	3.851000000000e-02	9.572000000000e-04	6.194000000000e-04	1.608413399117e+00	
 203	DIS_F2P	7.430000000000e-01	6.120000000000e+00	0.000000000000e+00	3.937000000000e-02	1.471000000000e-03	6.223000000000e-04	1.580645161290e+00	
 204	DIS_F2P	7.460000000000e-01	6.130000000000e+00	0.000000000000e+00	4.097000000000e-02	9.634000000000e-04	6.233000000000e-04	1.521357090554e+00	
 205	DIS_F2P	7.560000000000e-01	6.200000000000e+00	0.000000000000e+00	3.866000000000e-02	9.123000000000e-04	5.702000000000e-04	1.474909467150e+00	
 206	DIS_F2P	7.660000000000e-01	6.270000000000e+00	0.000000000000e+00	3.310000000000e-02	8.031000000000e-04	5.163000000000e-04	1.559818731118e+00	
 207	DIS_F2P	7.760000000000e-01	6.330000000000e+00	0.000000000000e+00	2.701000000000e-02	6.925000000000e-04	4.040000000000e-04	1.495742317660e+00	
 208	DIS_F2P	7.860000000000e-01	6.400000000000e+00	0.000000000000e+00	2.188000000000e-02	6.385000000000e-04	3.483000000000e-04	1.591864716636e+00	
 209	DIS_F2P	7.960000000000e-01	6.460000000000e+00	0.000000000000e+00	1.915000000000e-02	6.421000000000e-04	2.919000000000e-04	1.524281984334e+00	
 210	DIS_F2P	8.070000000000e-01	6.530000000000e+00	0.000000000000e+00	1.908000000000e-02	6.457000000000e-04	2.935000000000e-04	1.538259958071e+00	
 211	DIS_F2P	8.170000000000e-01	6.590000000000e+00	0.000000000000e+00	1.912000000000e-02	6.493000000000e-04	2.951000000000e-04	1.543410041841e+00	
 212	DIS_F2P	8.270000000000e-01	6.660000000000e+00	0.000000000000e+00	2.030000000000e-02	6.528000000000e-04	2.967000000000e-04	1.461576354680e+00	
 213	DIS_F2P	8.280000000000e-01	6.660000000000e+00	0.000000000000e+00	2.184000000000e-02	3.561000000000e-04	3.561000000000e-04	1.630494505495e+00	
 214	DIS_F2P	8.380000000000e-01	6.720000000000e+00	0.000000000000e+00	1.623000000000e-02	5.369000000000e-04	2.386000000000e-04	1.470117067160e+00	
 215	DIS_F2P	8.400000000000e-01	6.740000000000e+00	0.000000000000e+00	1.695000000000e-02	2.985000000000e-04	2.388000000000e-04	1.408849557522e+00	
 216	DIS_F2P	8.490000000000e-01	6.790000000000e+00	0.000000000000e+00	1.139000000000e-02	4.797000000000e-04	1.799000000000e-04	1.579455662862e+00	
 217	DIS_F2P	8.510000000000e-01	6.810000000000e+00	0.000000000000e+00	1.189000000000e-02	2.401000000000e-04	1.801000000000e-04	1.514718250631e+00	
 218	DIS_F2P	8.590000000000e-01	6.860000000000e+00	0.000000000000e+00	1.079000000000e-02	4.219000000000e-04	1.808000000000e-04	1.675625579240e+00	
 219	DIS_F2P	8.630000000000e-01	6.880000000000e+00	0.000000000000e+00	9.960000000000e-03	2.415000000000e-04	1.811000000000e-04	1.818273092369e+00	
 220	DIS_F2P	8.700000000000e-01	6.920000000000e+00	0.000000000000e+00	8.478000000000e-03	4.239000000000e-04	1.211000000000e-04	1.428402925218e+00	
 221	DIS_F2P	8.750000000000e-01	6.950000000000e+00	0.000000000000e+00	7.768000000000e-03	1.821000000000e-04	1.214000000000e-04	1.562821833162e+00	
 222	DIS_F2P	8.800000000000e-01	6.990000000000e+00	0.000000000000e+00	7.607000000000e-03	3.651000000000e-04	1.217000000000e-04	1.599842250559e+00	
 223	DIS_F2P	8.870000000000e-01	7.020000000000e+00	0.000000000000e+00	6.467000000000e-03	1.830000000000e-04	1.220000000000e-04	1.886500695840e+00	
 224	DIS_F2P	8.910000000000e-01	7.050000000000e+00	0.000000000000e+00	7.032000000000e-03	3.669000000000e-04	1.223000000000e-04	1.739192263936e+00	
 225	DIS_F2P	8.980000000000e-01	7.100000000000e+00	0.000000000000e+00	5.090000000000e-03	1.840000000000e-04	6.132000000000e-05	1.204715127701e+00	
 226	DIS_F2P	9.100000000000e-01	7.170000000000e+00	0.000000000000e+00	4.869000000000e-03	1.849000000000e-04	1.233000000000e-04	2.532347504621e+00	
 227	DIS_F2P	9.220000000000e-01	7.240000000000e+00	0.000000000000e+00	3.839000000000e-03	1.858000000000e-04	1.239000000000e-04	3.227402969523e+00	
 228	DIS_F2P	9.340000000000e-01	7.310000000000e+00	0.000000000000e+00	2.987000000000e-03	1.244000000000e-04	1.244000000000e-04	4.164713759625e+00	
 229	DIS_F2P	9.470000000000e-01	7.380000000000e+00	0.000000000000e+00	1.500000000000e-03	1.250000000000e-04	6.252000000000e-05	4.168000000000e+00	
 230	DIS_F2P	6.030000000000e-01	5.380000000000e+00	0.000000000000e+00	9.426000000000e-02	2.710000000000e-03	1.465000000000e-03	1.554211754721e+00	
 231	DIS_F2P	6.110000000000e-01	5.440000000000e+00	0.000000000000e+00	8.318000000000e-02	2.509000000000e-03	1.255000000000e-03	1.508776148113e+00	
 232	DIS_F2P	6.180000000000e-01	5.500000000000e+00	0.000000000000e+00	8.071000000000e-02	2.455000000000e-03	1.265000000000e-03	1.567339858754e+00	
 233	DIS_F2P	6.260000000000e-01	5.560000000000e+00	0.000000000000e+00	8.049000000000e-02	2.398000000000e-03	1.274000000000e-03	1.582805317431e+00	
 234	DIS_F2P	6.340000000000e-01	5.620000000000e+00	0.000000000000e+00	7.190000000000e-02	2.266000000000e-03	1.133000000000e-03	1.575799721836e+00	
 235	DIS_F2P	6.410000000000e-01	5.670000000000e+00	0.000000000000e+00	7.234000000000e-02	2.206000000000e-03	1.141000000000e-03	1.577273983965e+00	
 236	DIS_F2P	6.490000000000e-01	5.730000000000e+00	0.000000000000e+00	6.460000000000e-02	2.146000000000e-03	9.962000000000e-04	1.542105263158e+00	
 237	DIS_F2P	6.570000000000e-01	5.790000000000e+00	0.000000000000e+00	6.305000000000e-02	2.084000000000e-03	1.003000000000e-03	1.590800951626e+00	
 238	DIS_F2P	6.640000000000e-01	5.850000000000e+00	0.000000000000e+00	6.195000000000e-02	2.099000000000e-03	9.327000000000e-04	1.505569007264e+00	
 239	DIS_F2P	6.720000000000e-01	5.910000000000e+00	0.000000000000e+00	5.760000000000e-02	1.956000000000e-03	8.608000000000e-04	1.494444444444e+00	
 240	DIS_F2P	6.800000000000e-01	5.970000000000e+00	0.000000000000e+00	5.406000000000e-02	1.970000000000e-03	8.668000000000e-04	1.603403625601e+00	
 241	DIS_F2P	6.880000000000e-01	6.020000000000e+00	0.000000000000e+00	5.553000000000e-02	1.904000000000e-03	8.726000000000e-04	1.571402845309e+00	
 242	DIS_F2P	6.960000000000e-01	6.080000000000e+00	0.000000000000e+00	4.496000000000e-02	1.757000000000e-03	7.188000000000e-04	1.598754448399e+00	
 243	DIS_F2P	7.030000000000e-01	6.140000000000e+00	0.000000000000e+00	4.388000000000e-02	1.688000000000e-03	6.430000000000e-04	1.465360072926e+00	
 244	DIS_F2P	7.110000000000e-01	6.200000000000e+00	0.000000000000e+00	4.344000000000e-02	1.699000000000e-03	6.472000000000e-04	1.489871086556e+00	
 245	DIS_F2P	7.190000000000e-01	6.260000000000e+00	0.000000000000e+00	3.941000000000e-02	1.628000000000e-03	5.699000000000e-04	1.446079675209e+00	
 246	DIS_F2P	7.000000000000e-01	6.120000000000e+00	0.000000000000e+00	4.426000000000e-02	1.042000000000e-03	6.414000000000e-04	1.449164030728e+00	
 247	DIS_F2P	7.090000000000e-01	6.180000000000e+00	0.000000000000e+00	4.136000000000e-02	1.050000000000e-03	6.462000000000e-04	1.562379110251e+00	
 248	DIS_F2P	7.180000000000e-01	6.250000000000e+00	0.000000000000e+00	3.889000000000e-02	9.763000000000e-04	5.695000000000e-04	1.464386731808e+00	
 249	DIS_F2P	7.270000000000e-01	6.320000000000e+00	0.000000000000e+00	3.712000000000e-02	9.833000000000e-04	5.736000000000e-04	1.545258620690e+00	
 250	DIS_F2P	7.370000000000e-01	6.380000000000e+00	0.000000000000e+00	3.416000000000e-02	9.077000000000e-04	4.951000000000e-04	1.449355971897e+00	
 251	DIS_F2P	7.460000000000e-01	6.450000000000e+00	0.000000000000e+00	3.257000000000e-02	8.309000000000e-04	4.986000000000e-04	1.530856616518e+00	
 252	DIS_F2P	7.550000000000e-01	6.510000000000e+00	0.000000000000e+00	3.154000000000e-02	8.365000000000e-04	5.019000000000e-04	1.591312618897e+00	
 253	DIS_F2P	7.640000000000e-01	6.580000000000e+00	0.000000000000e+00	3.175000000000e-02	8.422000000000e-04	5.053000000000e-04	1.591496062992e+00	
 254	DIS_F2P	7.730000000000e-01	6.650000000000e+00	0.000000000000e+00	3.052000000000e-02	7.629000000000e-04	5.086000000000e-04	1.666448230668e+00	
 255	DIS_F2P	7.820000000000e-01	6.710000000000e+00	0.000000000000e+00	2.355000000000e-02	6.825000000000e-04	3.413000000000e-04	1.449256900212e+00	
 256	DIS_F2P	7.920000000000e-01	6.780000000000e+00	0.000000000000e+00	1.975000000000e-02	6.868000000000e-04	3.434000000000e-04	1.738734177215e+00	
 257	DIS_F2P	8.010000000000e-01	6.840000000000e+00	0.000000000000e+00	1.469000000000e-02	6.048000000000e-04	2.592000000000e-04	1.764465622873e+00	
 258	DIS_F2P	8.100000000000e-01	6.910000000000e+00	0.000000000000e+00	1.625000000000e-02	6.085000000000e-04	2.608000000000e-04	1.604923076923e+00	
 259	DIS_F2P	8.200000000000e-01	6.980000000000e+00	0.000000000000e+00	1.609000000000e-02	6.122000000000e-04	2.624000000000e-04	1.630826600373e+00	
 260	DIS_F2P	8.290000000000e-01	7.040000000000e+00	0.000000000000e+00	1.680000000000e-02	6.158000000000e-04	2.639000000000e-04	1.570833333333e+00	
 261	DIS_F2P	8.390000000000e-01	7.110000000000e+00	0.000000000000e+00	1.672000000000e-02	6.194000000000e-04	2.655000000000e-04	1.587918660287e+00	
