LHCBZ940PB	11	9
   1	EWK_RAP	2.125000000000000e+00	8.315178393760001e+03	7.000000000000000e+03	1.360000000000000e+04	7.000000000000000e+02	4.760000000000000e+02	3.500000000000000e+00	4.000000000000000e+02	2.941176470588236e+00	1.786795831191005e+02	1.313820464111033e+00	9.209349869353295e+00	6.771580786289187e-02	4.255057663870555e+00	3.128718870493055e-02	3.156507170076491e+00	2.320961154468008e-02	2.592803575749050e+02	1.906473217462537e+00	-2.178397184507308e+01	-1.601762635667138e-01	1.611298970766725e+01	1.184778654975533e-01	-5.016969376575323e-01	-3.688948071011267e-03	-2.734361356038670e-03	-2.010559820616670e-05	
   2	EWK_RAP	2.375000000000000e+00	8.315178393760001e+03	7.000000000000000e+03	3.940000000000000e+04	1.000000000000000e+03	1.379000000000000e+03	3.500000000000000e+00	6.000000000000000e+02	1.522842639593909e+00	6.605375150552288e+02	1.676491154962510e+00	4.675253305260821e+01	1.186612514025589e-01	3.696619309695205e+01	9.382282511916766e-02	4.953925460732803e+01	1.257341487495635e-01	-1.094067146480721e+01	-2.776820168732794e-02	8.840713545084352e+00	2.243835925148313e-02	4.154213005332841e+02	1.054368783079401e+00	-2.547764533295405e+02	-6.466407444912197e-01	-7.916242946675660e-03	-2.009198717430370e-05	
   3	EWK_RAP	2.625000000000000e+00	8.315178393760001e+03	7.000000000000000e+03	5.670000000000000e+04	1.200000000000000e+03	1.984500000000000e+03	3.500000000000000e+00	7.000000000000000e+02	1.234567901234568e+00	1.181041579374422e+03	2.082965748455771e+00	1.574451668600840e+02	2.776810702999719e-01	1.800919531909238e+02	3.176224924002183e-01	5.594321728973910e+02	9.866528622528942e-01	-7.528050808460587e+00	-1.327698555284054e-02	6.580677086310575e+00	1.160613242735551e-02	-1.217749116919911e+02	-2.147705673580089e-01	5.023159897743398e+00	8.859188532175304e-03	-3.783541348875273e-02	-6.672912431878788e-05	
   4	EWK_RAP	2.875000000000000e+00	8.315178393760001e+03	7.000000000000000e+03	6.320000000000000e+04	1.300000000000000e+03	2.212000000000000e+03	3.500000000000000e+00	8.000000000000000e+02	1.265822784810127e+00	1.392237751748983e+03	2.202907835045859e+00	4.124230536550487e+02	6.525681228719126e-01	-4.339520896037316e+02	-6.866330531704614e-01	-1.951823519102400e+02	-3.088328353010126e-01	-8.227775516203645e+00	-1.301863214589184e-02	5.194558891602416e+00	8.219238752535468e-03	-7.118343302601394e+01	-1.126320142816676e-01	2.989819301245967e+00	4.730726742477796e-03	-3.100455869545488e-02	-4.905784603711214e-05	
   5	EWK_RAP	3.125000000000000e+00	8.315178393760001e+03	7.000000000000000e+03	5.990000000000000e+04	1.400000000000000e+03	2.096500000000000e+03	3.500000000000000e+00	8.000000000000000e+02	1.335559265442404e+00	1.491061240103225e+03	2.489250818202378e+00	-6.409019460526732e+02	-1.069953165363394e+00	-8.572201865489714e+01	-1.431085453337181e-01	-7.798809103484882e+01	-1.301971469696975e-01	-6.175566772578549e+00	-1.030979427809441e-02	5.274082262932311e+00	8.804811791205862e-03	-4.964155020733925e+01	-8.287404041292029e-02	4.519833649212557e+00	7.545632135580228e-03	-3.178552835193831e-02	-5.306432112176678e-05	
   6	EWK_RAP	3.375000000000000e+00	8.315178393760001e+03	7.000000000000000e+03	4.380000000000000e+04	1.300000000000000e+03	1.533000000000000e+03	3.500000000000000e+00	8.000000000000000e+02	1.826484018264840e+00	8.896527722127321e+02	2.031170712814457e+00	1.706976277141206e+02	3.897206112194533e-01	5.464828273508091e+02	1.247677688015546e+00	-3.560764499365812e+02	-8.129599313620575e-01	-5.889699681176025e+00	-1.344680292505942e-02	4.820436257056584e+00	1.100556223072279e-02	-6.227485349485583e+01	-1.421800308101731e-01	3.203601578537644e+00	7.314158855108777e-03	-1.973018810882069e-02	-4.504609157264998e-05	
   7	EWK_RAP	3.625000000000000e+00	8.315178393760001e+03	7.000000000000000e+03	2.050000000000000e+04	1.000000000000000e+03	7.175000000000000e+02	3.500000000000000e+00	7.000000000000000e+02	3.414634146341463e+00	3.615448784824347e+02	1.763633553572852e+00	2.975551804293703e+01	1.451488685021319e-01	2.054338583221577e+01	1.002116382059306e-01	2.889966376864800e+01	1.409739696031610e-01	-6.233002103389201e+00	-3.040488830921562e-02	4.621214622243675e+00	2.254251035240817e-02	2.602688734352046e+02	1.269604260659535e+00	4.115125686645853e+02	2.007378383729685e+00	-4.619268918343781e-02	-2.253301911387210e-04	
   8	EWK_RAP	3.875000000000000e+00	8.315178393760001e+03	7.000000000000000e+03	5.900000000000000e+03	8.000000000000000e+02	2.065000000000000e+02	3.500000000000000e+00	5.000000000000000e+02	8.474576271186441e+00	1.032693861728590e+02	1.750328579201000e+00	3.259481103737678e+00	5.524544243623182e-02	4.839452265632165e+00	8.202461467173161e-02	3.498440070811522e+00	5.929559442053428e-02	-1.988887726105629e+01	-3.370996145941745e-01	-2.980019071880906e+02	-5.050879782848994e+00	9.366499108977232e+00	1.587542221860548e-01	-8.454294608277541e-01	-1.432931289538566e-02	-9.913554676057201e-03	-1.680263504416475e-04	
   9	EWK_RAP	4.125000000000000e+00	8.315178393760001e+03	7.000000000000000e+03	6.600000000000000e+02	4.400000000000000e+02	2.310000000000000e+01	3.500000000000000e+00	3.000000000000000e+02	4.545454545454545e+01	3.956573818978342e+00	5.994808816633851e-01	7.953042695971461e-02	1.205006469086585e-02	6.101991834799320e-02	9.245442173938363e-03	1.657002006444219e-01	2.510609100673059e-02	-1.605516838173385e-02	-2.432601269959674e-03	-4.619261601610958e-02	-6.998881214562058e-03	1.308159454607908e-01	1.982059779708951e-02	3.922417761200141e-01	5.943057213939608e-02	4.454362648674326e+01	6.749034316173221e+00	
