FLArE100NB_DSIGMA_INCLUSIVE	1	41
   1	DIS_SNB	3.944103000000e-03	6.000037000000e+00	6.443984000000e-01	1.428733347843e+00	1.219941397935e-01	3.106243800435e-01	2.174124237475e+01	
   2	DIS_SNB	5.406449000000e-03	6.202113000000e+00	5.792496000000e-01	7.085606344642e-01	6.474839013526e-02	1.467799176003e-01	2.071522329366e+01	
   3	DIS_SNB	7.410828000000e-03	6.356091000000e+00	5.177096000000e-01	7.306535975422e-01	3.640960471048e-02	9.222563330239e-02	1.262234711669e+01	
   4	DIS_SNB	7.495352000000e-03	1.564918000000e+01	6.943834000000e-01	6.248653963221e-01	5.520551589182e-02	1.675006935410e-01	2.680588403949e+01	
   5	DIS_SNB	1.012325000000e-02	6.448593000000e+00	4.491136000000e-01	4.820895824563e-01	2.172825777299e-02	9.367793584399e-02	1.943164491684e+01	
   6	DIS_SNB	1.022922000000e-02	1.735803000000e+01	6.601251000000e-01	4.837782939337e-01	2.617490844148e-02	1.491331503768e-01	3.082675519899e+01	
   7	DIS_SNB	1.389228000000e-02	6.521571000000e+00	3.824225000000e-01	1.412953560717e-01	1.345423892417e-02	9.894371040052e-02	7.002615878634e+01	
   8	DIS_SNB	1.399993000000e-02	1.969561000000e+01	6.124537000000e-01	3.391543561760e-01	1.339185646204e-02	1.232348442562e-01	3.633591667396e+01	
   9	DIS_SNB	1.904439000000e-02	6.612976000000e+00	3.228544000000e-01	4.000317468620e-01	8.566769824844e-03	8.902318784989e-02	2.225403072337e+01	
  10	DIS_SNB	1.919241000000e-02	2.239168000000e+01	5.661787000000e-01	4.600085247522e-01	7.047450685184e-03	9.632678175551e-02	2.094021666390e+01	
  11	DIS_SNB	2.616341000000e-02	6.667300000000e+00	2.618493000000e-01	2.443278336541e-01	5.617502656922e-03	7.848362279958e-02	3.212226033595e+01	
  12	DIS_SNB	2.632377000000e-02	2.550036000000e+01	5.196884000000e-01	2.378363365539e-01	3.977963267152e-03	7.752165047907e-02	3.259453605884e+01	
  13	DIS_SNB	3.596830000000e-02	6.702265000000e+00	2.123636000000e-01	2.332641530429e-01	3.745074304583e-03	6.601757748731e-02	2.830163856131e+01	
  14	DIS_SNB	3.613613000000e-02	2.867359000000e+01	4.648744000000e-01	7.996002714107e-02	2.273078667562e-03	5.662085031847e-02	7.081144459665e+01	
  15	DIS_SNB	4.931697000000e-02	6.707006000000e+00	1.663750000000e-01	1.414218710376e-01	2.541721896066e-03	5.303511561769e-02	3.750135338230e+01	
  16	DIS_SNB	4.952955000000e-02	3.135990000000e+01	4.049949000000e-01	8.843183963293e-02	1.353308372434e-03	4.065103930820e-02	4.596878169327e+01	
  17	DIS_SNB	5.043141000000e-02	1.364519000000e+02	7.042907000000e-01	8.284728229372e-02	4.087767568444e-03	2.784002330391e-02	3.360402723316e+01	
  18	DIS_SNB	6.756715000000e-02	6.721505000000e+00	1.303046000000e-01	3.307701583910e-02	1.735652545169e-03	4.248182045727e-02	1.284330505022e+02	
  19	DIS_SNB	6.779932000000e-02	3.381220000000e+01	3.436181000000e-01	1.117924017757e-01	8.382058735916e-04	2.950221432868e-02	2.639017845584e+01	
  20	DIS_SNB	6.878500000000e-02	1.472740000000e+02	6.333377000000e-01	8.840578638421e-03	1.779350756756e-03	1.744794753778e-02	1.973620534515e+02	
  21	DIS_SNB	9.275187000000e-02	6.748132000000e+00	9.963992000000e-02	5.797515797115e-02	1.203563899959e-03	3.351297512755e-02	5.780575042887e+01	
  22	DIS_SNB	9.294685000000e-02	3.578451000000e+01	2.843249000000e-01	4.450764648151e-02	5.330156336440e-04	2.171374927805e-02	4.878655915242e+01	
  23	DIS_SNB	9.390608000000e-02	1.601909000000e+02	5.647160000000e-01	2.313357111463e-02	8.378034653674e-04	1.092068618196e-02	4.720709192647e+01	
  24	DIS_SNB	1.273344000000e-01	6.754490000000e+00	7.556734000000e-02	3.524593941096e-02	8.326077919719e-04	2.584483489785e-02	7.332712740751e+01	
  25	DIS_SNB	1.275976000000e-01	3.725830000000e+01	2.288910000000e-01	3.332795438346e-02	3.463924834474e-04	1.617205843688e-02	4.852400555644e+01	
  26	DIS_SNB	1.285755000000e-01	1.739273000000e+02	4.913365000000e-01	2.174284010736e-02	4.356423444829e-04	7.205571231872e-03	3.313997249804e+01	
  27	DIS_SNB	1.751668000000e-01	6.770452000000e+00	5.656753000000e-02	7.182600364245e-03	5.753105085377e-04	1.975414775494e-02	2.750277998658e+02	
  28	DIS_SNB	1.753990000000e-01	3.855162000000e+01	1.814438000000e-01	2.209722805552e-02	2.270190924538e-04	1.168799702752e-02	5.289349866938e+01	
  29	DIS_SNB	1.766168000000e-01	1.892531000000e+02	4.175956000000e-01	1.594004689065e-02	2.392796732220e-04	4.822975276080e-03	3.025697044159e+01	
  30	DIS_SNB	2.402519000000e-01	6.778462000000e+00	4.282805000000e-02	2.018980790087e-02	3.871924220305e-04	1.398116474508e-02	6.924862689991e+01	
  31	DIS_SNB	2.404157000000e-01	3.959866000000e+01	1.414122000000e-01	3.797501550612e-03	1.462750766982e-04	7.739707165740e-03	2.038105070554e+02	
  32	DIS_SNB	2.419388000000e-01	2.065467000000e+02	3.524601000000e-01	5.516377959839e-04	1.339853933623e-04	2.875891067578e-03	5.213368424925e+02	
  33	DIS_SNB	3.286037000000e-01	6.751172000000e+00	3.148582000000e-02	1.407832076436e-02	2.504759276888e-04	8.879759221290e-03	6.307399419233e+01	
  34	DIS_SNB	3.285279000000e-01	4.026965000000e+01	1.093416000000e-01	3.628087582509e-03	9.002811394687e-05	4.389047957194e-03	1.209741456726e+02	
  35	DIS_SNB	3.300580000000e-01	2.224147000000e+02	2.925664000000e-01	5.613582260224e-03	7.429228658363e-05	1.445761566996e-03	2.575470528401e+01	
  36	DIS_SNB	4.459347000000e-01	6.740484000000e+00	2.356195000000e-02	6.906614972517e-03	1.492275877484e-04	4.463650633751e-03	6.462862996581e+01	
  37	DIS_SNB	4.445078000000e-01	4.060327000000e+01	8.393741000000e-02	3.825983313357e-03	5.102126093436e-05	1.636515418648e-03	4.277372075656e+01	
  38	DIS_SNB	4.454268000000e-01	2.413323000000e+02	2.433397000000e-01	1.478036141065e-03	3.834793969382e-05	2.814139554399e-04	1.903972085806e+01	
  39	DIS_SNB	5.898063000000e-01	7.083793000000e+00	1.871945000000e-02	3.051537324848e-03	8.907078693786e-05	1.401139224885e-03	4.591584751319e+01	
  40	DIS_SNB	6.001947000000e-01	3.981786000000e+01	6.352808000000e-02	1.138652971377e-03	2.320462548048e-05	4.994982546074e-04	4.386747034993e+01	
  41	DIS_SNB	5.995123000000e-01	2.552619000000e+02	1.981440000000e-01	7.725771908773e-04	1.622273833466e-05	6.187104002774e-04	8.008395893423e+01	
