EIC_NC_140_PES	2	117
   1	DIS_NCE	1.290000000000e-04	1.290000000000e+00	5.050505050505e-01	0.000000000000e+00	0.000000000000e+00	0.000000000000e+00	2.300000000000e+00	0.000000000000e+00	4.300000000000e+00	
   2	DIS_NCE	2.050000000000e-04	1.290000000000e+00	3.178122690318e-01	0.000000000000e+00	0.000000000000e+00	0.000000000000e+00	2.300000000000e+00	0.000000000000e+00	4.300000000000e+00	
   3	DIS_NCE	2.050000000000e-04	2.050000000000e+00	5.050505050505e-01	0.000000000000e+00	0.000000000000e+00	0.000000000000e+00	2.300000000000e+00	0.000000000000e+00	4.300000000000e+00	
   4	DIS_NCE	3.250000000000e-04	1.290000000000e+00	2.004662004662e-01	0.000000000000e+00	0.000000000000e+00	0.000000000000e+00	2.300000000000e+00	0.000000000000e+00	4.300000000000e+00	
   5	DIS_NCE	3.250000000000e-04	2.050000000000e+00	3.185703185703e-01	0.000000000000e+00	0.000000000000e+00	0.000000000000e+00	2.300000000000e+00	0.000000000000e+00	4.300000000000e+00	
   6	DIS_NCE	3.250000000000e-04	3.250000000000e+00	5.050505050505e-01	7.133671641350e-01	7.205008357763e-05	1.640744477510e-02	2.300000000000e+00	1.640744477510e-02	4.300000000000e+00	
   7	DIS_NCE	5.150000000000e-04	1.290000000000e+00	1.265077964107e-01	0.000000000000e+00	0.000000000000e+00	0.000000000000e+00	2.300000000000e+00	0.000000000000e+00	4.300000000000e+00	
   8	DIS_NCE	5.150000000000e-04	2.050000000000e+00	2.010395214279e-01	0.000000000000e+00	0.000000000000e+00	0.000000000000e+00	2.300000000000e+00	0.000000000000e+00	4.300000000000e+00	
   9	DIS_NCE	5.150000000000e-04	3.250000000000e+00	3.187211925076e-01	6.676776409149e-01	6.483149893284e-05	1.535658574104e-02	2.300000000000e+00	1.535658574104e-02	4.300000000000e+00	
  10	DIS_NCE	5.150000000000e-04	5.150000000000e+00	5.050505050505e-01	7.906445860863e-01	9.645863950253e-05	1.818482547998e-02	2.300000000000e+00	1.818482547998e-02	4.300000000000e+00	
  11	DIS_NCE	8.150000000000e-04	1.290000000000e+00	7.994050938836e-02	0.000000000000e+00	0.000000000000e+00	0.000000000000e+00	2.300000000000e+00	0.000000000000e+00	4.300000000000e+00	
  12	DIS_NCE	8.150000000000e-04	2.050000000000e+00	1.270372436017e-01	0.000000000000e+00	0.000000000000e+00	0.000000000000e+00	2.300000000000e+00	0.000000000000e+00	4.300000000000e+00	
  13	DIS_NCE	8.150000000000e-04	3.250000000000e+00	2.014005081490e-01	6.191481947899e-01	5.962397115827e-05	1.424040848017e-02	2.300000000000e+00	1.424040848017e-02	4.300000000000e+00	
  14	DIS_NCE	8.150000000000e-04	5.150000000000e+00	3.191423436822e-01	7.398577332497e-01	8.730321252346e-05	1.701672786474e-02	2.300000000000e+00	1.701672786474e-02	4.300000000000e+00	
  15	DIS_NCE	8.150000000000e-04	8.150000000000e+00	5.050505050505e-01	8.500846028328e-01	1.275126904249e-04	1.955194586515e-02	2.300000000000e+00	1.955194586515e-02	4.300000000000e+00	
  16	DIS_NCE	1.290000000000e-03	1.290000000000e+00	5.050505050505e-02	0.000000000000e+00	0.000000000000e+00	0.000000000000e+00	2.300000000000e+00	0.000000000000e+00	4.300000000000e+00	
  17	DIS_NCE	1.290000000000e-03	2.050000000000e+00	8.025996398089e-02	0.000000000000e+00	0.000000000000e+00	0.000000000000e+00	2.300000000000e+00	0.000000000000e+00	4.300000000000e+00	
  18	DIS_NCE	1.290000000000e-03	3.250000000000e+00	1.272414063112e-01	5.720682740211e-01	5.566224306226e-05	1.315757030249e-02	2.300000000000e+00	1.315757030249e-02	4.300000000000e+00	
  19	DIS_NCE	1.290000000000e-03	5.150000000000e+00	2.016286900008e-01	6.812719702721e-01	7.970882052183e-05	1.566925531626e-02	2.300000000000e+00	1.566925531626e-02	4.300000000000e+00	
  20	DIS_NCE	1.290000000000e-03	8.150000000000e+00	3.190822958265e-01	7.910346388817e-01	1.147000226378e-04	1.819379669428e-02	2.300000000000e+00	1.819379669428e-02	4.300000000000e+00	
  21	DIS_NCE	1.290000000000e-03	1.290000000000e+01	5.050505050505e-01	8.897454738617e-01	1.654926581383e-04	2.046414589882e-02	2.300000000000e+00	2.046414589882e-02	4.300000000000e+00	
  22	DIS_NCE	2.050000000000e-03	1.290000000000e+00	3.178122690318e-02	0.000000000000e+00	0.000000000000e+00	0.000000000000e+00	2.300000000000e+00	0.000000000000e+00	4.300000000000e+00	
  23	DIS_NCE	2.050000000000e-03	2.050000000000e+00	5.050505050505e-02	0.000000000000e+00	0.000000000000e+00	0.000000000000e+00	2.300000000000e+00	0.000000000000e+00	4.300000000000e+00	
  24	DIS_NCE	2.050000000000e-03	3.250000000000e+00	8.006898250801e-02	5.233545303345e-01	5.212611122131e-05	1.203715419769e-02	2.300000000000e+00	1.203715419769e-02	4.300000000000e+00	
  25	DIS_NCE	2.050000000000e-03	5.150000000000e+00	1.268785415127e-01	6.196395158768e-01	7.373710238934e-05	1.425170886517e-02	2.300000000000e+00	1.425170886517e-02	4.300000000000e+00	
  26	DIS_NCE	2.050000000000e-03	8.150000000000e+00	2.007883715201e-01	7.186058759689e-01	1.041978520155e-04	1.652793514729e-02	2.300000000000e+00	1.652793514729e-02	4.300000000000e+00	
  27	DIS_NCE	2.050000000000e-03	1.290000000000e+01	3.178122690318e-01	8.173463940620e-01	1.487570437193e-04	1.879896706343e-02	2.300000000000e+00	1.879896706343e-02	4.300000000000e+00	
  28	DIS_NCE	2.050000000000e-03	2.050000000000e+01	5.050505050505e-01	9.033045172691e-01	2.131798660755e-04	2.077600389719e-02	2.300000000000e+00	2.077600389719e-02	4.300000000000e+00	
  29	DIS_NCE	3.250000000000e-03	1.290000000000e+00	2.004662004662e-02	0.000000000000e+00	0.000000000000e+00	0.000000000000e+00	2.300000000000e+00	0.000000000000e+00	4.300000000000e+00	
  30	DIS_NCE	3.250000000000e-03	2.050000000000e+00	3.185703185703e-02	0.000000000000e+00	0.000000000000e+00	0.000000000000e+00	2.300000000000e+00	0.000000000000e+00	4.300000000000e+00	
  31	DIS_NCE	3.250000000000e-03	3.250000000000e+00	5.050505050505e-02	4.823995828629e-01	4.920475745201e-05	1.109519040585e-02	2.300000000000e+00	1.109519040585e-02	4.300000000000e+00	
  32	DIS_NCE	3.250000000000e-03	5.150000000000e+00	8.003108003108e-02	5.652770400047e-01	6.896379888058e-05	1.300137192011e-02	2.300000000000e+00	1.300137192011e-02	4.300000000000e+00	
  33	DIS_NCE	3.250000000000e-03	8.150000000000e+00	1.266511266511e-01	6.505922675133e-01	9.628765559196e-05	1.496362215281e-02	2.300000000000e+00	1.496362215281e-02	4.300000000000e+00	
  34	DIS_NCE	3.250000000000e-03	1.290000000000e+01	2.004662004662e-01	7.377525568008e-01	1.342709653378e-04	1.696830880642e-02	2.300000000000e+00	1.696830880642e-02	4.300000000000e+00	
  35	DIS_NCE	3.250000000000e-03	2.050000000000e+01	3.185703185703e-01	8.225842118263e-01	1.891943687201e-04	1.891943687201e-02	2.300000000000e+00	1.891943687201e-02	4.300000000000e+00	
  36	DIS_NCE	3.250000000000e-03	3.250000000000e+01	5.050505050505e-01	8.906967639923e-01	2.672090291977e-04	2.048602557182e-02	2.300000000000e+00	2.048602557182e-02	4.300000000000e+00	
  37	DIS_NCE	5.150000000000e-03	2.050000000000e+00	2.010395214279e-02	0.000000000000e+00	0.000000000000e+00	0.000000000000e+00	2.300000000000e+00	0.000000000000e+00	4.300000000000e+00	
  38	DIS_NCE	5.150000000000e-03	3.250000000000e+00	3.187211925076e-02	4.479754269123e-01	4.748539525270e-05	1.030343481898e-02	2.300000000000e+00	1.030343481898e-02	4.300000000000e+00	
  39	DIS_NCE	5.150000000000e-03	5.150000000000e+00	5.050505050505e-02	5.179660916328e-01	6.474576145411e-05	1.191322010756e-02	2.300000000000e+00	1.191322010756e-02	4.300000000000e+00	
  40	DIS_NCE	5.150000000000e-03	8.150000000000e+00	7.992546827498e-02	5.896131992340e-01	8.844197988510e-05	1.356110358238e-02	2.300000000000e+00	1.356110358238e-02	4.300000000000e+00	
  41	DIS_NCE	5.150000000000e-03	1.290000000000e+01	1.265077964107e-01	6.625921130180e-01	1.232421330214e-04	1.523961859941e-02	2.300000000000e+00	1.523961859941e-02	4.300000000000e+00	
  42	DIS_NCE	5.150000000000e-03	2.050000000000e+01	2.010395214279e-01	7.355591654778e-01	1.699141672254e-04	1.691786080599e-02	2.300000000000e+00	1.691786080599e-02	4.300000000000e+00	
  43	DIS_NCE	5.150000000000e-03	3.250000000000e+01	3.187211925076e-01	8.026666045189e-01	2.383919815421e-04	1.846133190393e-02	2.300000000000e+00	1.846133190393e-02	4.300000000000e+00	
  44	DIS_NCE	5.150000000000e-03	5.150000000000e+01	5.050505050505e-01	8.556230068207e-01	3.345485956669e-04	1.967932915688e-02	2.300000000000e+00	1.967932915688e-02	4.300000000000e+00	
  45	DIS_NCE	8.150000000000e-03	3.250000000000e+00	2.014005081490e-02	4.211944639683e-01	4.591019657254e-05	9.687472671270e-03	2.300000000000e+00	9.687472671270e-03	4.300000000000e+00	
  46	DIS_NCE	8.150000000000e-03	5.150000000000e+00	3.191423436822e-02	4.787252545357e-01	6.223428308964e-05	1.101068085432e-02	2.300000000000e+00	1.101068085432e-02	4.300000000000e+00	
  47	DIS_NCE	8.150000000000e-03	8.150000000000e+00	5.050505050505e-02	5.371024608612e-01	8.432508635521e-05	1.235335659981e-02	2.300000000000e+00	1.235335659981e-02	4.300000000000e+00	
  48	DIS_NCE	8.150000000000e-03	1.290000000000e+01	7.994050938836e-02	5.961154699326e-01	1.138580547571e-04	1.371065580845e-02	2.300000000000e+00	1.371065580845e-02	4.300000000000e+00	
  49	DIS_NCE	8.150000000000e-03	2.050000000000e+01	1.270372436017e-01	6.551742553711e-01	1.559314727783e-04	1.506900787354e-02	2.300000000000e+00	1.506900787354e-02	4.300000000000e+00	
  50	DIS_NCE	8.150000000000e-03	3.250000000000e+01	2.014005081490e-01	7.109606862068e-01	2.132882058620e-04	1.635209578276e-02	2.300000000000e+00	1.635209578276e-02	4.300000000000e+00	
  51	DIS_NCE	8.150000000000e-03	5.150000000000e+01	3.191423436822e-01	7.623912692070e-01	2.927582473755e-04	1.753499919176e-02	2.300000000000e+00	1.753499919176e-02	4.300000000000e+00	
  52	DIS_NCE	8.150000000000e-03	8.150000000000e+01	5.050505050505e-01	7.999011278152e-01	4.127489819527e-04	1.839772593975e-02	2.300000000000e+00	1.839772593975e-02	4.300000000000e+00	
  53	DIS_NCE	1.290000000000e-02	5.150000000000e+00	2.016286900008e-02	4.441893696785e-01	5.952137553692e-05	1.021635550261e-02	2.300000000000e+00	1.021635550261e-02	4.300000000000e+00	
  54	DIS_NCE	1.290000000000e-02	8.150000000000e+00	3.190822958265e-02	4.907746613026e-01	7.950549513102e-05	1.128781720996e-02	2.300000000000e+00	1.128781720996e-02	4.300000000000e+00	
  55	DIS_NCE	1.290000000000e-02	1.290000000000e+01	5.050505050505e-02	5.376009941101e-01	1.064449968338e-04	1.236482286453e-02	2.300000000000e+00	1.236482286453e-02	4.300000000000e+00	
  56	DIS_NCE	1.290000000000e-02	2.050000000000e+01	8.025996398089e-02	5.835697054863e-01	1.435581475496e-04	1.342210322618e-02	2.300000000000e+00	1.342210322618e-02	4.300000000000e+00	
  57	DIS_NCE	1.290000000000e-02	3.250000000000e+01	1.272414063112e-01	6.273452639580e-01	1.938496865630e-04	1.442894107103e-02	2.300000000000e+00	1.442894107103e-02	4.300000000000e+00	
  58	DIS_NCE	1.290000000000e-02	5.150000000000e+01	2.016286900008e-01	6.688150167465e-01	2.608378565311e-04	1.538274538517e-02	2.300000000000e+00	1.538274538517e-02	4.300000000000e+00	
  59	DIS_NCE	1.290000000000e-02	8.150000000000e+01	3.190822958265e-01	7.051780223846e-01	3.624615035057e-04	1.621909451485e-02	2.300000000000e+00	1.621909451485e-02	4.300000000000e+00	
  60	DIS_NCE	1.290000000000e-02	1.290000000000e+02	5.050505050505e-01	7.299697995186e-01	5.044091314673e-04	1.678930538893e-02	2.300000000000e+00	1.678930538893e-02	4.300000000000e+00	
  61	DIS_NCE	2.050000000000e-02	8.150000000000e+00	2.007883715201e-02	4.535064697266e-01	7.618908691406e-05	1.043064880371e-02	2.300000000000e+00	1.043064880371e-02	4.300000000000e+00	
  62	DIS_NCE	2.050000000000e-02	1.290000000000e+01	3.178122690318e-02	4.886090755463e-01	1.006534695625e-04	1.123800873756e-02	2.300000000000e+00	1.123800873756e-02	4.300000000000e+00	
  63	DIS_NCE	2.050000000000e-02	2.050000000000e+01	5.050505050505e-02	5.229163169861e-01	1.338665771484e-04	1.202707529068e-02	2.300000000000e+00	1.202707529068e-02	4.300000000000e+00	
  64	DIS_NCE	2.050000000000e-02	3.250000000000e+01	8.006898250801e-02	5.550857782364e-01	1.781825348139e-04	1.276697289944e-02	2.300000000000e+00	1.276697289944e-02	4.300000000000e+00	
  65	DIS_NCE	2.050000000000e-02	5.150000000000e+01	1.268785415127e-01	5.856010913849e-01	2.412676496506e-04	1.346882510185e-02	2.300000000000e+00	1.346882510185e-02	4.300000000000e+00	
  66	DIS_NCE	2.050000000000e-02	8.150000000000e+01	2.007883715201e-01	6.134023070335e-01	3.220362111926e-04	1.410825306177e-02	2.300000000000e+00	1.410825306177e-02	4.300000000000e+00	
  67	DIS_NCE	2.050000000000e-02	1.290000000000e+02	3.178122690318e-01	6.372616291046e-01	4.256907682419e-04	1.465701746941e-02	2.300000000000e+00	1.465701746941e-02	4.300000000000e+00	
  68	DIS_NCE	2.050000000000e-02	2.050000000000e+02	5.050505050505e-01	6.532838344574e-01	5.984079923630e-04	1.502552819252e-02	2.300000000000e+00	1.502552819252e-02	4.300000000000e+00	
  69	DIS_NCE	3.250000000000e-02	1.290000000000e+01	2.004662004662e-02	4.487448632717e-01	9.692889046669e-05	1.032113185525e-02	2.300000000000e+00	1.032113185525e-02	4.300000000000e+00	
  70	DIS_NCE	3.250000000000e-02	2.050000000000e+01	3.185703185703e-02	4.729379415512e-01	1.262744303942e-04	1.087757265568e-02	2.300000000000e+00	1.087757265568e-02	4.300000000000e+00	
  71	DIS_NCE	3.250000000000e-02	3.250000000000e+01	5.050505050505e-02	4.950937628746e-01	1.648662230372e-04	1.138715654612e-02	2.300000000000e+00	1.138715654612e-02	4.300000000000e+00	
  72	DIS_NCE	3.250000000000e-02	5.150000000000e+01	8.003108003108e-02	5.159058570862e-01	2.166804599762e-04	1.186583471298e-02	2.300000000000e+00	1.186583471298e-02	4.300000000000e+00	
  73	DIS_NCE	3.250000000000e-02	8.150000000000e+01	1.266511266511e-01	5.348743200302e-01	2.899018814564e-04	1.230210936069e-02	2.300000000000e+00	1.230210936069e-02	4.300000000000e+00	
  74	DIS_NCE	3.250000000000e-02	1.290000000000e+02	2.004662004662e-01	5.519556403160e-01	3.830572143793e-04	1.269497972727e-02	2.300000000000e+00	1.269497972727e-02	4.300000000000e+00	
  75	DIS_NCE	3.250000000000e-02	2.050000000000e+02	3.185703185703e-01	5.667064189911e-01	5.100357770920e-04	1.303424763680e-02	2.300000000000e+00	1.303424763680e-02	4.300000000000e+00	
  76	DIS_NCE	3.250000000000e-02	3.250000000000e+02	5.050505050505e-01	5.767513513565e-01	7.036366486549e-04	1.326528108120e-02	2.300000000000e+00	1.326528108120e-02	4.300000000000e+00	
  77	DIS_NCE	5.150000000000e-02	2.050000000000e+01	2.010395214279e-02	4.323062002659e-01	1.201811236739e-04	9.943042606115e-03	2.300000000000e+00	9.943042606115e-03	4.300000000000e+00	
  78	DIS_NCE	5.150000000000e-02	3.250000000000e+01	3.187211925076e-02	4.462255537510e-01	1.552864927053e-04	1.026318773627e-02	2.300000000000e+00	1.026318773627e-02	4.300000000000e+00	
  79	DIS_NCE	5.150000000000e-02	5.150000000000e+01	5.050505050505e-02	4.588407874107e-01	2.023487872481e-04	1.055333811045e-02	2.300000000000e+00	1.055333811045e-02	4.300000000000e+00	
  80	DIS_NCE	5.150000000000e-02	8.150000000000e+01	7.992546827498e-02	4.701039791107e-01	2.632582283020e-04	1.081239151955e-02	2.300000000000e+00	1.081239151955e-02	4.300000000000e+00	
  81	DIS_NCE	5.150000000000e-02	1.290000000000e+02	1.265077964107e-01	4.801472723484e-01	3.442655942738e-04	1.104338726401e-02	2.300000000000e+00	1.104338726401e-02	4.300000000000e+00	
  82	DIS_NCE	5.150000000000e-02	2.050000000000e+02	2.010395214279e-01	4.893154203892e-01	4.447877171338e-04	1.125425466895e-02	2.300000000000e+00	1.125425466895e-02	4.300000000000e+00	
  83	DIS_NCE	5.150000000000e-02	3.250000000000e+02	3.187211925076e-01	4.976709783077e-01	5.922284641862e-04	1.144643250108e-02	2.300000000000e+00	1.144643250108e-02	4.300000000000e+00	
  84	DIS_NCE	5.150000000000e-02	5.150000000000e+02	5.050505050505e-01	5.053312182426e-01	8.540097588301e-04	1.162261801958e-02	2.300000000000e+00	1.162261801958e-02	4.300000000000e+00	
  85	DIS_NCE	8.150000000000e-02	3.250000000000e+01	2.014005081490e-02	4.037670195103e-01	1.469711951017e-04	9.286641448736e-03	2.300000000000e+00	9.286641448736e-03	4.300000000000e+00	
  86	DIS_NCE	8.150000000000e-02	5.150000000000e+01	3.191423436822e-02	4.095346033573e-01	1.883859175444e-04	9.419295877218e-03	2.300000000000e+00	9.419295877218e-03	4.300000000000e+00	
  87	DIS_NCE	8.150000000000e-02	8.150000000000e+01	5.050505050505e-02	4.143865704536e-01	2.378578914404e-04	9.530891120434e-03	2.300000000000e+00	9.530891120434e-03	4.300000000000e+00	
  88	DIS_NCE	8.150000000000e-02	1.290000000000e+02	7.994050938836e-02	4.185818135738e-01	3.168664328754e-04	9.627381712198e-03	2.300000000000e+00	9.627381712198e-03	4.300000000000e+00	
  89	DIS_NCE	8.150000000000e-02	2.050000000000e+02	1.270372436017e-01	4.223018288612e-01	4.130111886263e-04	9.712942063808e-03	2.300000000000e+00	9.712942063808e-03	4.300000000000e+00	
  90	DIS_NCE	8.150000000000e-02	3.250000000000e+02	2.014005081490e-01	4.262611865997e-01	5.200386476517e-04	9.804007291794e-03	2.300000000000e+00	9.804007291794e-03	4.300000000000e+00	
  91	DIS_NCE	8.150000000000e-02	5.150000000000e+02	3.191423436822e-01	4.313963353634e-01	6.859201732278e-04	9.922115713358e-03	2.300000000000e+00	9.922115713358e-03	4.300000000000e+00	
  92	DIS_NCE	8.150000000000e-02	8.150000000000e+02	5.050505050505e-01	4.400416612625e-01	1.060500403643e-03	1.012095820904e-02	2.300000000000e+00	1.012095820904e-02	4.300000000000e+00	
  93	DIS_NCE	1.290000000000e-01	5.150000000000e+01	2.016286900008e-02	3.679725229740e-01	1.780987011194e-04	8.463368028402e-03	2.300000000000e+00	8.463368028402e-03	4.300000000000e+00	
  94	DIS_NCE	1.290000000000e-01	8.150000000000e+01	3.190822958265e-02	3.674461245537e-01	2.256119204760e-04	8.451260864735e-03	2.300000000000e+00	8.451260864735e-03	4.300000000000e+00	
  95	DIS_NCE	1.290000000000e-01	1.290000000000e+02	5.050505050505e-02	3.666624426842e-01	2.900299921632e-04	8.433236181736e-03	2.300000000000e+00	8.433236181736e-03	4.300000000000e+00	
  96	DIS_NCE	1.290000000000e-01	2.050000000000e+02	8.025996398089e-02	3.657945990562e-01	3.767684370279e-04	8.413275778294e-03	2.300000000000e+00	8.413275778294e-03	4.300000000000e+00	
  97	DIS_NCE	1.290000000000e-01	3.250000000000e+02	1.272414063112e-01	3.653711676598e-01	4.749825179577e-04	8.403536856174e-03	2.300000000000e+00	8.403536856174e-03	4.300000000000e+00	
  98	DIS_NCE	1.290000000000e-01	5.150000000000e+02	2.016286900008e-01	3.662213981152e-01	6.299008047581e-04	8.423092156649e-03	2.300000000000e+00	8.423092156649e-03	4.300000000000e+00	
  99	DIS_NCE	1.290000000000e-01	8.150000000000e+02	3.190822958265e-01	3.705359697342e-01	8.929916870594e-04	8.522327303886e-03	2.300000000000e+00	8.522327303886e-03	4.300000000000e+00	
 100	DIS_NCE	1.290000000000e-01	1.290000000000e+03	5.050505050505e-01	3.829390406609e-01	1.183281635642e-03	8.807597935200e-03	2.300000000000e+00	8.807597935200e-03	4.300000000000e+00	
 101	DIS_NCE	2.050000000000e-01	8.150000000000e+01	2.007883715201e-02	3.108294010162e-01	2.085665280819e-04	7.149076223373e-03	2.300000000000e+00	7.149076223373e-03	4.300000000000e+00	
 102	DIS_NCE	2.050000000000e-01	1.290000000000e+02	3.178122690318e-02	3.057439327240e-01	2.614110624790e-04	7.032110452652e-03	2.300000000000e+00	7.032110452652e-03	4.300000000000e+00	
 103	DIS_NCE	2.050000000000e-01	2.050000000000e+02	5.050505050505e-02	3.009171187878e-01	3.279996594787e-04	6.921093732119e-03	2.300000000000e+00	6.921093732119e-03	4.300000000000e+00	
 104	DIS_NCE	2.050000000000e-01	3.250000000000e+02	8.006898250801e-02	2.966596186161e-01	4.153234660625e-04	6.823171228170e-03	2.300000000000e+00	6.823171228170e-03	4.300000000000e+00	
 105	DIS_NCE	2.050000000000e-01	5.150000000000e+02	1.268785415127e-01	2.935051620007e-01	5.429845497012e-04	6.750618726015e-03	2.300000000000e+00	6.750618726015e-03	4.300000000000e+00	
 106	DIS_NCE	2.050000000000e-01	8.150000000000e+02	2.007883715201e-01	2.927498519421e-01	7.113821402192e-04	6.733246594667e-03	2.300000000000e+00	6.733246594667e-03	4.300000000000e+00	
 107	DIS_NCE	2.050000000000e-01	1.290000000000e+03	3.178122690318e-01	2.973453998566e-01	9.842132735252e-04	6.838944196701e-03	2.300000000000e+00	6.838944196701e-03	4.300000000000e+00	
 108	DIS_NCE	2.050000000000e-01	2.050000000000e+03	5.050505050505e-01	3.137236237526e-01	1.317639219761e-03	7.215643346310e-03	2.300000000000e+00	7.215643346310e-03	4.300000000000e+00	
 109	DIS_NCE	3.250000000000e-01	1.290000000000e+02	2.004662004662e-02	2.096943408251e-01	2.138882276416e-04	4.822969838977e-03	2.300000000000e+00	4.822969838977e-03	4.300000000000e+00	
 110	DIS_NCE	3.250000000000e-01	2.050000000000e+02	3.185703185703e-02	2.027035355568e-01	2.675686669350e-04	4.662181317806e-03	2.300000000000e+00	4.662181317806e-03	4.300000000000e+00	
 111	DIS_NCE	3.250000000000e-01	3.250000000000e+02	5.050505050505e-02	1.964493393898e-01	3.339638769627e-04	4.518334805965e-03	2.300000000000e+00	4.518334805965e-03	4.300000000000e+00	
 112	DIS_NCE	3.250000000000e-01	5.150000000000e+02	8.003108003108e-02	1.910962462425e-01	4.051240420341e-04	4.395213663578e-03	2.300000000000e+00	4.395213663578e-03	4.300000000000e+00	
 113	DIS_NCE	3.250000000000e-01	8.150000000000e+02	1.266511266511e-01	1.871784627438e-01	5.914839422703e-04	4.305104643106e-03	2.300000000000e+00	4.305104643106e-03	4.300000000000e+00	
 114	DIS_NCE	3.250000000000e-01	1.290000000000e+03	2.004662004662e-01	1.859199851751e-01	6.116767512262e-04	4.276159659028e-03	2.300000000000e+00	4.276159659028e-03	4.300000000000e+00	
 115	DIS_NCE	5.150000000000e-01	2.050000000000e+02	2.010395214279e-02	7.518927752972e-02	1.594012683630e-04	1.729353383183e-03	2.300000000000e+00	1.729353383183e-03	4.300000000000e+00	
 116	DIS_NCE	5.150000000000e-01	3.250000000000e+02	3.187211925076e-02	7.088595628738e-02	1.913920819759e-04	1.630376994610e-03	2.300000000000e+00	1.630376994610e-03	4.300000000000e+00	
 117	DIS_NCE	5.150000000000e-01	5.150000000000e+02	5.050505050505e-02	6.715620309115e-02	2.182576600462e-04	1.544592671096e-03	2.300000000000e+00	1.544592671096e-03	4.300000000000e+00	
