ATLASPHT15	2	53
   1	PHT	3.000000000000000e-01	1.890625000000000e+04	1.300000000000000e+04	2.271135000000000e+03	6.810000000000000e+00	6.923500000000000e+01	3.050000000000000e+00	4.767000000000000e+01	2.100000000000000e+00	
   2	PHT	3.000000000000000e-01	2.640625000000000e+04	1.300000000000000e+04	1.021020000000000e+03	4.080000000000000e+00	2.652000000000000e+01	2.600000000000000e+00	2.142000000000000e+01	2.100000000000000e+00	
   3	PHT	3.000000000000000e-01	3.515625000000000e+04	1.300000000000000e+04	5.212605000000000e+02	2.605000000000000e+00	1.276450000000000e+01	2.450000000000000e+00	1.094100000000000e+01	2.100000000000000e+00	
   4	PHT	3.000000000000000e-01	5.062500000000000e+04	1.300000000000000e+04	2.251125000000000e+02	1.350000000000000e+00	5.512500000000000e+00	2.450000000000000e+00	4.725000000000001e+00	2.100000000000000e+00	
   5	PHT	3.000000000000000e-01	7.562500000000000e+04	1.300000000000000e+04	8.274135000000000e+01	7.443000000000001e-01	2.026150000000000e+00	2.450000000000000e+00	1.736700000000000e+00	2.100000000000000e+00	
   6	PHT	3.000000000000000e-01	1.056250000000000e+05	1.300000000000000e+04	3.573570000000000e+01	4.998000000000001e-01	9.639000000000002e-01	2.700000000000000e+00	7.497000000000001e-01	2.100000000000000e+00	
   7	PHT	3.000000000000000e-01	1.406250000000000e+05	1.300000000000000e+04	1.730865000000000e+01	3.633000000000001e-01	4.584500000000001e-01	2.650000000000000e+00	3.633000000000001e-01	2.100000000000000e+00	
   8	PHT	3.000000000000000e-01	1.892250000000000e+05	1.300000000000000e+04	8.044019999999998e+00	2.010000000000000e-01	2.211000000000000e-01	2.750000000000000e+00	1.688400000000000e-01	2.100000000000000e+00	
   9	PHT	3.000000000000000e-01	2.601000000000000e+05	1.300000000000000e+04	3.511755000000000e+00	1.263600000000000e-01	1.035450000000000e-01	2.950000000000000e+00	7.371000000000000e-02	2.100000000000000e+00	
  10	PHT	3.000000000000000e-01	3.600000000000000e+05	1.300000000000000e+04	1.330665000000000e+00	6.916000000000000e-02	4.056500000000000e-02	3.050000000000000e+00	2.793000000000000e-02	2.100000000000000e+00	
  11	PHT	3.000000000000000e-01	4.900000000000000e+05	1.300000000000000e+04	5.570000000000001e-01	4.567400000000000e-02	1.782400000000000e-02	3.200000000000000e+00	1.169700000000000e-02	2.100000000000000e+00	
  12	PHT	3.000000000000000e-01	6.806250000000000e+05	1.300000000000000e+04	2.271135000000000e-01	2.451600000000001e-02	8.285500000000001e-03	3.650000000000000e+00	4.767000000000000e-03	2.100000000000000e+00	
  13	PHT	3.000000000000000e-01	1.000000000000000e+06	1.300000000000000e+04	9.268500000000000e-02	1.304250000000000e-02	3.607500000000000e-03	3.900000000000000e+00	1.942500000000000e-03	2.100000000000000e+00	
  14	PHT	3.000000000000000e-01	1.690000000000000e+06	1.300000000000000e+04	8.538250000000001e-03	2.822000000000001e-03	3.612500000000000e-04	4.250000000000000e+00	1.785000000000000e-04	2.100000000000000e+00	
  15	PHT	3.850000000000001e-01	1.890625000000000e+04	1.300000000000000e+04	2.932930000000000e+03	5.860000000000000e+00	1.172000000000000e+02	4.000000000000000e+00	6.153000000000000e+01	2.100000000000000e+00	
  16	PHT	3.850000000000001e-01	2.640625000000000e+04	1.300000000000000e+04	1.321320000000000e+03	5.280000000000000e+00	4.488000000000000e+01	3.400000000000000e+00	2.772000000000000e+01	2.100000000000000e+00	
  17	PHT	3.850000000000001e-01	3.515625000000000e+04	1.300000000000000e+04	6.659975000000001e+02	3.325000000000000e+00	2.227750000000000e+01	3.350000000000000e+00	1.396500000000000e+01	2.100000000000000e+00	
  18	PHT	3.850000000000001e-01	5.062500000000000e+04	1.300000000000000e+04	2.851425000000000e+02	1.425000000000000e+00	8.977500000000001e+00	3.150000000000000e+00	5.985000000000000e+00	2.100000000000000e+00	
  19	PHT	3.850000000000001e-01	7.562500000000000e+04	1.300000000000000e+04	1.050000000000000e+02	8.400000000000000e-01	3.255000000000000e+00	3.100000000000000e+00	2.205000000000000e+00	2.100000000000000e+00	
  20	PHT	3.850000000000001e-01	1.056250000000000e+05	1.300000000000000e+04	4.517740000000001e+01	5.876000000000000e-01	1.469000000000000e+00	3.250000000000000e+00	9.492000000000002e-01	2.100000000000000e+00	
  21	PHT	3.850000000000001e-01	1.406250000000000e+05	1.300000000000000e+04	2.107890000000000e+01	4.009000000000000e-01	7.174000000000001e-01	3.400000000000000e+00	4.431000000000000e-01	2.100000000000000e+00	
  22	PHT	3.850000000000001e-01	1.892250000000000e+05	1.300000000000000e+04	9.575614999999999e+00	2.301600000000000e-01	3.404450000000000e-01	3.550000000000000e+00	2.013900000000000e-01	2.100000000000000e+00	
  23	PHT	3.850000000000001e-01	2.601000000000000e+05	1.300000000000000e+04	4.003985000000000e+00	1.363400000000000e-01	1.463650000000000e-01	3.650000000000000e+00	8.420999999999999e-02	2.100000000000000e+00	
  24	PHT	3.850000000000001e-01	3.600000000000000e+05	1.300000000000000e+04	1.659170000000000e+00	7.967999999999999e-02	6.390999999999999e-02	3.850000000000000e+00	3.486000000000000e-02	2.100000000000000e+00	
  25	PHT	3.850000000000001e-01	4.900000000000000e+05	1.300000000000000e+04	6.226885000000000e-01	4.797100000000001e-02	2.523150000000000e-02	4.050000000000000e+00	1.308300000000000e-02	2.100000000000000e+00	
  26	PHT	3.850000000000001e-01	6.806250000000000e+05	1.300000000000000e+04	2.478760000000000e-01	2.529600000000000e-02	1.054000000000000e-02	4.250000000000000e+00	5.208000000000001e-03	2.100000000000000e+00	
  27	PHT	3.850000000000001e-01	1.000000000000000e+06	1.300000000000000e+04	5.687154999999999e-02	1.007130000000000e-02	2.759650000000000e-03	4.850000000000000e+00	1.194900000000000e-03	2.100000000000000e+00	
  28	PHT	3.850000000000001e-01	1.690000000000000e+06	1.300000000000000e+04	7.196400000000000e-03	4.867199999999999e-03	3.635999999999999e-04	5.050000000000000e+00	1.512000000000000e-04	2.100000000000000e+00	
  29	PHT	1.250000000000000e-01	1.890625000000000e+04	1.300000000000000e+04	9.482479999999999e+02	3.776000000000000e+00	7.316000000000000e+01	7.750000000000000e+00	1.982400000000000e+01	2.100000000000000e+00	
  30	PHT	1.250000000000000e-01	2.640625000000000e+04	1.300000000000000e+04	4.200475000000000e+02	2.514000000000000e+00	3.372950000000000e+01	8.050000000000001e+00	8.799000000000001e+00	2.100000000000000e+00	
  31	PHT	1.250000000000000e-01	3.515625000000000e+04	1.300000000000000e+04	2.115275000000000e+02	1.688000000000000e+00	1.761850000000000e+01	8.350000000000000e+00	4.431000000000000e+00	2.100000000000000e+00	
  32	PHT	1.250000000000000e-01	5.062500000000000e+04	1.300000000000000e+04	9.173739999999999e+01	8.244000000000000e-01	7.923400000000001e+00	8.650000000000000e+00	1.923600000000000e+00	2.100000000000000e+00	
  33	PHT	1.250000000000000e-01	7.562500000000000e+04	1.300000000000000e+04	3.350020000000000e+01	5.010000000000000e-01	3.006000000000000e+00	9.000000000000000e+00	7.014000000000000e-01	2.100000000000000e+00	
  34	PHT	1.250000000000000e-01	1.056250000000000e+05	1.300000000000000e+04	1.385520000000000e+01	3.174000000000000e-01	1.283400000000000e+00	9.300000000000001e+00	2.898000000000001e-01	2.100000000000000e+00	
  35	PHT	1.250000000000000e-01	1.406250000000000e+05	1.300000000000000e+04	6.033000000000000e+00	2.100000000000000e-01	5.910000000000001e-01	9.850000000000001e+00	1.260000000000000e-01	2.100000000000000e+00	
  36	PHT	1.250000000000000e-01	1.892250000000000e+05	1.300000000000000e+04	2.947580000000000e+00	1.259900000000000e-01	3.076500000000000e-01	1.050000000000000e+01	6.153000000000001e-02	2.100000000000000e+00	
  37	PHT	1.250000000000000e-01	2.601000000000000e+05	1.300000000000000e+04	1.107150000000000e+00	7.260000000000000e-02	1.259500000000000e-01	1.145000000000000e+01	2.310000000000001e-02	2.100000000000000e+00	
  38	PHT	1.250000000000000e-01	3.600000000000000e+05	1.300000000000000e+04	3.425500000000000e-01	3.604000000000000e-02	4.233000000000000e-02	1.245000000000000e+01	7.140000000000001e-03	2.100000000000000e+00	
  39	PHT	1.250000000000000e-01	4.900000000000000e+05	1.300000000000000e+04	1.097630000000000e-01	2.114600000000000e-02	1.569600000000000e-02	1.440000000000000e+01	2.289000000000000e-03	2.100000000000000e+00	
  40	PHT	1.250000000000000e-01	6.806250000000000e+05	1.300000000000000e+04	2.989305000000000e-02	1.116720000000000e-02	4.677750000000000e-03	1.575000000000000e+01	6.237000000000000e-04	2.100000000000000e+00	
  41	PHT	1.250000000000000e-01	1.000000000000000e+06	1.300000000000000e+04	5.722800000000000e-03	3.300300000000000e-03	1.077300000000000e-03	1.890000000000000e+01	1.197000000000000e-04	2.100000000000000e+00	
  42	PHT	2.800000000000000e-01	1.890625000000000e+04	1.300000000000000e+04	1.860650000000000e+03	5.610000000000000e+00	7.480000000000000e+01	4.000000000000000e+00	3.927000000000000e+01	2.100000000000000e+00	
  43	PHT	2.800000000000000e-01	2.640625000000000e+04	1.300000000000000e+04	8.123280000000001e+02	3.264000000000000e+00	3.304799999999999e+01	4.050000000000000e+00	1.713600000000000e+01	2.100000000000000e+00	
  44	PHT	2.800000000000000e-01	3.515625000000000e+04	1.300000000000000e+04	4.021820000000000e+02	2.424000000000000e+00	1.636200000000000e+01	4.050000000000000e+00	8.484000000000002e+00	2.100000000000000e+00	
  45	PHT	2.800000000000000e-01	5.062500000000000e+04	1.300000000000000e+04	1.673280000000000e+02	1.176000000000000e+00	7.224000000000000e+00	4.300000000000000e+00	3.528000000000000e+00	2.100000000000000e+00	
  46	PHT	2.800000000000000e-01	7.562500000000000e+04	1.300000000000000e+04	5.510645000000000e+01	6.636000000000000e-01	2.571450000000000e+00	4.650000000000000e+00	1.161300000000000e+00	2.100000000000000e+00	
  47	PHT	2.800000000000000e-01	1.056250000000000e+05	1.300000000000000e+04	2.163490000000000e+01	4.123000000000000e-01	1.063300000000000e+00	4.900000000000000e+00	4.557000000000000e-01	2.100000000000000e+00	
  48	PHT	2.800000000000000e-01	1.406250000000000e+05	1.300000000000000e+04	8.972020000000001e+00	2.697000000000000e-01	5.034400000000000e-01	5.600000000000000e+00	1.887900000000000e-01	2.100000000000000e+00	
  49	PHT	2.800000000000000e-01	1.892250000000000e+05	1.300000000000000e+04	3.253480000000000e+00	1.369200000000000e-01	1.956000000000000e-01	6.000000000000000e+00	6.846000000000001e-02	2.100000000000000e+00	
  50	PHT	2.800000000000000e-01	2.601000000000000e+05	1.300000000000000e+04	1.148850000000000e+00	7.819999999999999e-02	7.704999999999998e-02	6.699999999999999e+00	2.415000000000000e-02	2.100000000000000e+00	
  51	PHT	2.800000000000000e-01	3.600000000000000e+05	1.300000000000000e+04	3.170000000000000e-01	3.645500000000000e-02	2.314100000000000e-02	7.300000000000000e+00	6.657000000000001e-03	2.100000000000000e+00	
  52	PHT	2.800000000000000e-01	4.900000000000000e+05	1.300000000000000e+04	1.170000000000000e-01	3.100500000000000e-02	9.828000000000002e-03	8.400000000000000e+00	2.457000000000000e-03	2.100000000000000e+00	
  53	PHT	2.800000000000000e-01	6.806250000000000e+05	1.300000000000000e+04	2.193285000000000e-02	7.292699999999999e-03	2.507549999999999e-03	1.145000000000000e+01	4.599000000000001e-04	2.100000000000000e+00	
