EIC_NC_44_OPT	2	116
   1	DIS_NCE	1.290000000000e-03	1.290000000000e+00	5.000000011179e-01	0.000000000000e+00	0.000000000000e+00	0.000000000000e+00	1.500000000000e+00	0.000000000000e+00	2.500000000000e+00	
   2	DIS_NCE	2.050000000000e-03	1.290000000000e+00	3.146341470449e-01	0.000000000000e+00	0.000000000000e+00	0.000000000000e+00	1.500000000000e+00	0.000000000000e+00	2.500000000000e+00	
   3	DIS_NCE	2.050000000000e-03	2.050000000000e+00	5.000000011179e-01	0.000000000000e+00	0.000000000000e+00	0.000000000000e+00	1.500000000000e+00	0.000000000000e+00	2.500000000000e+00	
   4	DIS_NCE	3.250000000000e-03	1.290000000000e+00	1.984615389053e-01	0.000000000000e+00	0.000000000000e+00	0.000000000000e+00	1.500000000000e+00	0.000000000000e+00	2.500000000000e+00	
   5	DIS_NCE	3.250000000000e-03	2.050000000000e+00	3.153846160898e-01	0.000000000000e+00	0.000000000000e+00	0.000000000000e+00	1.500000000000e+00	0.000000000000e+00	2.500000000000e+00	
   6	DIS_NCE	3.250000000000e-03	3.250000000000e+00	5.000000011179e-01	4.643762000000e-01	1.864981256820e-05	6.965643000000e-03	1.500000000000e+00	1.160940500000e-02	2.500000000000e+00	
   7	DIS_NCE	5.150000000000e-03	1.290000000000e+00	1.252427187266e-01	0.000000000000e+00	0.000000000000e+00	0.000000000000e+00	1.500000000000e+00	0.000000000000e+00	2.500000000000e+00	
   8	DIS_NCE	5.150000000000e-03	2.050000000000e+00	1.990291266586e-01	0.000000000000e+00	0.000000000000e+00	0.000000000000e+00	1.500000000000e+00	0.000000000000e+00	2.500000000000e+00	
   9	DIS_NCE	5.150000000000e-03	3.250000000000e+00	3.155339812880e-01	4.309109000000e-01	1.648837467760e-05	6.463663500000e-03	1.500000000000e+00	1.077277250000e-02	2.500000000000e+00	
  10	DIS_NCE	5.150000000000e-03	5.150000000000e+00	5.000000011179e-01	4.987708000000e-01	2.444725076200e-05	7.481562000000e-03	1.500000000000e+00	1.246927000000e-02	2.500000000000e+00	
  11	DIS_NCE	8.150000000000e-03	1.290000000000e+00	7.914110447143e-02	0.000000000000e+00	0.000000000000e+00	0.000000000000e+00	1.500000000000e+00	0.000000000000e+00	2.500000000000e+00	
  12	DIS_NCE	8.150000000000e-03	2.050000000000e+00	1.257668714468e-01	0.000000000000e+00	0.000000000000e+00	0.000000000000e+00	1.500000000000e+00	0.000000000000e+00	2.500000000000e+00	
  13	DIS_NCE	8.150000000000e-03	3.250000000000e+00	1.993865035133e-01	4.269530000000e-01	1.606666834300e-05	6.404295000000e-03	1.500000000000e+00	1.067382500000e-02	2.500000000000e+00	
  14	DIS_NCE	8.150000000000e-03	5.150000000000e+00	3.159509209518e-01	4.647107000000e-01	2.189623876260e-05	6.970660500000e-03	1.500000000000e+00	1.161776750000e-02	2.500000000000e+00	
  15	DIS_NCE	8.150000000000e-03	8.150000000000e+00	5.000000011179e-01	4.942339000000e-01	3.016408338480e-05	7.413508500000e-03	1.500000000000e+00	1.235584750000e-02	2.500000000000e+00	
  16	DIS_NCE	1.290000000000e-02	1.290000000000e+00	5.000000011179e-02	0.000000000000e+00	0.000000000000e+00	0.000000000000e+00	1.500000000000e+00	0.000000000000e+00	2.500000000000e+00	
  17	DIS_NCE	1.290000000000e-02	2.050000000000e+00	7.945736451874e-02	0.000000000000e+00	0.000000000000e+00	0.000000000000e+00	1.500000000000e+00	0.000000000000e+00	2.500000000000e+00	
  18	DIS_NCE	1.290000000000e-02	3.250000000000e+00	1.259689925297e-01	4.040432000000e-01	1.520454965920e-05	6.060648000000e-03	1.500000000000e+00	1.010108000000e-02	2.500000000000e+00	
  19	DIS_NCE	1.290000000000e-02	5.150000000000e+00	1.996124035471e-01	4.589996000000e-01	2.119155253240e-05	6.884994000000e-03	1.500000000000e+00	1.147499000000e-02	2.500000000000e+00	
  20	DIS_NCE	1.290000000000e-02	8.150000000000e+00	3.158914735745e-01	5.003910000000e-01	2.943199783800e-05	7.505865000000e-03	1.500000000000e+00	1.250977500000e-02	2.500000000000e+00	
  21	DIS_NCE	1.290000000000e-02	1.290000000000e+01	5.000000011179e-01	5.199874000000e-01	4.028654380240e-05	7.799811000000e-03	1.500000000000e+00	1.299968500000e-02	2.500000000000e+00	
  22	DIS_NCE	2.050000000000e-02	1.290000000000e+00	3.146341470449e-02	0.000000000000e+00	0.000000000000e+00	0.000000000000e+00	1.500000000000e+00	0.000000000000e+00	2.500000000000e+00	
  23	DIS_NCE	2.050000000000e-02	2.050000000000e+00	5.000000011179e-02	0.000000000000e+00	0.000000000000e+00	0.000000000000e+00	1.500000000000e+00	0.000000000000e+00	2.500000000000e+00	
  24	DIS_NCE	2.050000000000e-02	3.250000000000e+00	7.926829286016e-02	3.698347000000e-01	1.403411736090e-05	5.547520500000e-03	1.500000000000e+00	9.245867500000e-03	2.500000000000e+00	
  25	DIS_NCE	2.050000000000e-02	5.150000000000e+00	1.256097563784e-01	4.165844000000e-01	1.923328516360e-05	6.248766000000e-03	1.500000000000e+00	1.041461000000e-02	2.500000000000e+00	
  26	DIS_NCE	2.050000000000e-02	8.150000000000e+00	1.987804882493e-01	4.642350000000e-01	2.686527945000e-05	6.963525000000e-03	1.500000000000e+00	1.160587500000e-02	2.500000000000e+00	
  27	DIS_NCE	2.050000000000e-02	1.290000000000e+01	3.146341470449e-01	5.018754000000e-01	3.761355372840e-05	7.528131000000e-03	1.500000000000e+00	1.254688500000e-02	2.500000000000e+00	
  28	DIS_NCE	2.050000000000e-02	2.050000000000e+01	5.000000011179e-01	5.180459000000e-01	5.176729069520e-05	7.770688500000e-03	1.500000000000e+00	1.295114750000e-02	2.500000000000e+00	
  29	DIS_NCE	3.250000000000e-02	1.290000000000e+00	1.984615389053e-02	0.000000000000e+00	0.000000000000e+00	0.000000000000e+00	1.500000000000e+00	0.000000000000e+00	2.500000000000e+00	
  30	DIS_NCE	3.250000000000e-02	2.050000000000e+00	3.153846160898e-02	0.000000000000e+00	0.000000000000e+00	0.000000000000e+00	1.500000000000e+00	0.000000000000e+00	2.500000000000e+00	
  31	DIS_NCE	3.250000000000e-02	3.250000000000e+00	5.000000011179e-02	3.574229000000e-01	1.367642984560e-05	5.361343500000e-03	1.500000000000e+00	8.935572500000e-03	2.500000000000e+00	
  32	DIS_NCE	3.250000000000e-02	5.150000000000e+00	7.923076940792e-02	3.897184000000e-01	1.823960055680e-05	5.845776000000e-03	1.500000000000e+00	9.742960000000e-03	2.500000000000e+00	
  33	DIS_NCE	3.250000000000e-02	8.150000000000e+00	1.253846156650e-01	4.279562000000e-01	2.490105945320e-05	6.419343000000e-03	1.500000000000e+00	1.069890500000e-02	2.500000000000e+00	
  34	DIS_NCE	3.250000000000e-02	1.290000000000e+01	1.984615389053e-01	4.630006000000e-01	3.426065539820e-05	6.945009000000e-03	1.500000000000e+00	1.157501500000e-02	2.500000000000e+00	
  35	DIS_NCE	3.250000000000e-02	2.050000000000e+01	3.153846160898e-01	4.853271000000e-01	4.680931346790e-05	7.279906500000e-03	1.500000000000e+00	1.213317750000e-02	2.500000000000e+00	
  36	DIS_NCE	3.250000000000e-02	3.250000000000e+01	5.000000011179e-01	4.878815000000e-01	6.310112956550e-05	7.318222500000e-03	1.500000000000e+00	1.219703750000e-02	2.500000000000e+00	
  37	DIS_NCE	5.150000000000e-02	1.290000000000e+00	1.252427187266e-02	0.000000000000e+00	0.000000000000e+00	0.000000000000e+00	1.500000000000e+00	0.000000000000e+00	2.500000000000e+00	
  38	DIS_NCE	5.150000000000e-02	2.050000000000e+00	1.990291266586e-02	0.000000000000e+00	0.000000000000e+00	0.000000000000e+00	1.500000000000e+00	0.000000000000e+00	2.500000000000e+00	
  39	DIS_NCE	5.150000000000e-02	3.250000000000e+00	3.155339812880e-02	3.507315000000e-01	1.364205242400e-05	5.260972500000e-03	1.500000000000e+00	8.768287500000e-03	2.500000000000e+00	
  40	DIS_NCE	5.150000000000e-02	5.150000000000e+00	5.000000011179e-02	3.788628000000e-01	1.809069870000e-05	5.682942000000e-03	1.500000000000e+00	9.471570000000e-03	2.500000000000e+00	
  41	DIS_NCE	5.150000000000e-02	8.150000000000e+00	7.912621376915e-02	4.091146000000e-01	2.419299187100e-05	6.136719000000e-03	1.500000000000e+00	1.022786500000e-02	2.500000000000e+00	
  42	DIS_NCE	5.150000000000e-02	1.290000000000e+01	1.252427187266e-01	4.324318000000e-01	3.213573678520e-05	6.486477000000e-03	1.500000000000e+00	1.081079500000e-02	2.500000000000e+00	
  43	DIS_NCE	5.150000000000e-02	2.050000000000e+01	1.990291266586e-01	4.434358000000e-01	4.248868804860e-05	6.651537000000e-03	1.500000000000e+00	1.108589500000e-02	2.500000000000e+00	
  44	DIS_NCE	5.150000000000e-02	3.250000000000e+01	3.155339812880e-01	4.423600000000e-01	5.595455876000e-05	6.635400000000e-03	1.500000000000e+00	1.105900000000e-02	2.500000000000e+00	
  45	DIS_NCE	5.150000000000e-02	5.150000000000e+01	5.000000011179e-01	4.353076000000e-01	7.447198890040e-05	6.529614000000e-03	1.500000000000e+00	1.088269000000e-02	2.500000000000e+00	
  46	DIS_NCE	8.150000000000e-02	1.290000000000e+00	7.914110447143e-03	0.000000000000e+00	0.000000000000e+00	0.000000000000e+00	2.500000000000e+00	0.000000000000e+00	2.500000000000e+00	
  47	DIS_NCE	8.150000000000e-02	2.050000000000e+00	1.257668714468e-02	0.000000000000e+00	0.000000000000e+00	0.000000000000e+00	1.500000000000e+00	0.000000000000e+00	2.500000000000e+00	
  48	DIS_NCE	8.150000000000e-02	3.250000000000e+00	1.993865035133e-02	3.623104000000e-01	1.443625788800e-05	5.434656000000e-03	1.500000000000e+00	9.057760000000e-03	2.500000000000e+00	
  49	DIS_NCE	8.150000000000e-02	5.150000000000e+00	3.159509209518e-02	3.831950000000e-01	1.866121330500e-05	5.747925000000e-03	1.500000000000e+00	9.579875000000e-03	2.500000000000e+00	
  50	DIS_NCE	8.150000000000e-02	8.150000000000e+00	5.000000011179e-02	3.952797000000e-01	2.387489388000e-05	5.929195500000e-03	1.500000000000e+00	9.881992500000e-03	2.500000000000e+00	
  51	DIS_NCE	8.150000000000e-02	1.290000000000e+01	7.914110447143e-02	3.965614000000e-01	3.009702745300e-05	5.948421000000e-03	1.500000000000e+00	9.914035000000e-03	2.500000000000e+00	
  52	DIS_NCE	8.150000000000e-02	2.050000000000e+01	1.257668714468e-01	3.912120000000e-01	3.773200618800e-05	5.868180000000e-03	1.500000000000e+00	9.780300000000e-03	2.500000000000e+00	
  53	DIS_NCE	8.150000000000e-02	3.250000000000e+01	1.993865035133e-01	3.874407000000e-01	4.864008035940e-05	5.811610500000e-03	1.500000000000e+00	9.686017500000e-03	2.500000000000e+00	
  54	DIS_NCE	8.150000000000e-02	5.150000000000e+01	3.159509209518e-01	3.918042000000e-01	6.541876366560e-05	5.877063000000e-03	1.500000000000e+00	9.795105000000e-03	2.500000000000e+00	
  55	DIS_NCE	8.150000000000e-02	8.150000000000e+01	5.000000011179e-01	4.031339000000e-01	9.178713888760e-05	6.047008500000e-03	1.500000000000e+00	1.007834750000e-02	2.500000000000e+00	
  56	DIS_NCE	1.290000000000e-01	1.290000000000e+00	5.000000011179e-03	0.000000000000e+00	0.000000000000e+00	0.000000000000e+00	2.500000000000e+00	0.000000000000e+00	2.500000000000e+00	
  57	DIS_NCE	1.290000000000e-01	2.050000000000e+00	7.945736451874e-03	0.000000000000e+00	0.000000000000e+00	0.000000000000e+00	2.500000000000e+00	0.000000000000e+00	2.500000000000e+00	
  58	DIS_NCE	1.290000000000e-01	3.250000000000e+00	1.259689925297e-02	3.734414000000e-01	1.523379503020e-05	5.601621000000e-03	1.500000000000e+00	9.336035000000e-03	2.500000000000e+00	
  59	DIS_NCE	1.290000000000e-01	5.150000000000e+00	1.996124035471e-02	3.667257000000e-01	1.832308287480e-05	5.500885500000e-03	1.500000000000e+00	9.168142500000e-03	2.500000000000e+00	
  60	DIS_NCE	1.290000000000e-01	8.150000000000e+00	3.158914735745e-02	3.566601000000e-01	2.210614965810e-05	5.349901500000e-03	1.500000000000e+00	8.916502500000e-03	2.500000000000e+00	
  61	DIS_NCE	1.290000000000e-01	1.290000000000e+01	5.000000011179e-02	3.518480000000e-01	2.748214358400e-05	5.277720000000e-03	1.500000000000e+00	8.796200000000e-03	2.500000000000e+00	
  62	DIS_NCE	1.290000000000e-01	2.050000000000e+01	7.945736451874e-02	3.562039000000e-01	3.525670581810e-05	5.343058500000e-03	1.500000000000e+00	8.905097500000e-03	2.500000000000e+00	
  63	DIS_NCE	1.290000000000e-01	3.250000000000e+01	1.259689925297e-01	3.673265000000e-01	4.692816433400e-05	5.509897500000e-03	1.500000000000e+00	9.183162500000e-03	2.500000000000e+00	
  64	DIS_NCE	1.290000000000e-01	5.150000000000e+01	1.996124035471e-01	3.781159000000e-01	6.325274021560e-05	5.671738500000e-03	1.500000000000e+00	9.452897500000e-03	2.500000000000e+00	
  65	DIS_NCE	1.290000000000e-01	8.150000000000e+01	3.158914735745e-01	3.814353000000e-01	8.600221709100e-05	5.721529500000e-03	1.500000000000e+00	9.535882500000e-03	2.500000000000e+00	
  66	DIS_NCE	1.290000000000e-01	1.290000000000e+02	5.000000011179e-01	3.740893000000e-01	1.134470692966e-04	5.611339500000e-03	1.500000000000e+00	9.352232500000e-03	2.500000000000e+00	
  67	DIS_NCE	2.050000000000e-01	1.290000000000e+00	3.146341470449e-03	0.000000000000e+00	0.000000000000e+00	0.000000000000e+00	2.500000000000e+00	0.000000000000e+00	2.500000000000e+00	
  68	DIS_NCE	2.050000000000e-01	2.050000000000e+00	5.000000011179e-03	0.000000000000e+00	0.000000000000e+00	0.000000000000e+00	2.500000000000e+00	0.000000000000e+00	2.500000000000e+00	
  69	DIS_NCE	2.050000000000e-01	3.250000000000e+00	7.926829286016e-03	3.331094000000e-01	1.422077339540e-05	8.327735000000e-03	2.500000000000e+00	8.327735000000e-03	2.500000000000e+00	
  70	DIS_NCE	2.050000000000e-01	5.150000000000e+00	1.256097563784e-02	3.350818000000e-01	1.769566985800e-05	5.026227000000e-03	1.500000000000e+00	8.377045000000e-03	2.500000000000e+00	
  71	DIS_NCE	2.050000000000e-01	8.150000000000e+00	1.987804882493e-02	3.416152000000e-01	2.236178937680e-05	5.124228000000e-03	1.500000000000e+00	8.540380000000e-03	2.500000000000e+00	
  72	DIS_NCE	2.050000000000e-01	1.290000000000e+01	3.146341470449e-02	3.443853000000e-01	2.831501498070e-05	5.165779500000e-03	1.500000000000e+00	8.609632500000e-03	2.500000000000e+00	
  73	DIS_NCE	2.050000000000e-01	2.050000000000e+01	5.000000011179e-02	3.390025000000e-01	3.569831926000e-05	5.085037500000e-03	1.500000000000e+00	8.475062500000e-03	2.500000000000e+00	
  74	DIS_NCE	2.050000000000e-01	3.250000000000e+01	7.926829286016e-02	3.256222000000e-01	4.407133665900e-05	4.884333000000e-03	1.500000000000e+00	8.140555000000e-03	2.500000000000e+00	
  75	DIS_NCE	2.050000000000e-01	5.150000000000e+01	1.256097563784e-01	3.097070000000e-01	5.435543674200e-05	4.645605000000e-03	1.500000000000e+00	7.742675000000e-03	2.500000000000e+00	
  76	DIS_NCE	2.050000000000e-01	8.150000000000e+01	1.987804882493e-01	2.982018000000e-01	6.921591799980e-05	4.473027000000e-03	1.500000000000e+00	7.455045000000e-03	2.500000000000e+00	
  77	DIS_NCE	2.050000000000e-01	1.290000000000e+02	3.146341470449e-01	2.952026000000e-01	9.120431928300e-05	4.428039000000e-03	1.500000000000e+00	7.380065000000e-03	2.500000000000e+00	
  78	DIS_NCE	2.050000000000e-01	2.050000000000e+02	5.000000011179e-01	2.995941000000e-01	1.269515019045e-04	4.493911500000e-03	1.500000000000e+00	7.489852500000e-03	2.500000000000e+00	
  79	DIS_NCE	3.250000000000e-01	1.290000000000e+00	1.984615389053e-03	0.000000000000e+00	0.000000000000e+00	0.000000000000e+00	2.500000000000e+00	0.000000000000e+00	2.500000000000e+00	
  80	DIS_NCE	3.250000000000e-01	2.050000000000e+00	3.153846160898e-03	0.000000000000e+00	0.000000000000e+00	0.000000000000e+00	2.500000000000e+00	0.000000000000e+00	2.500000000000e+00	
  81	DIS_NCE	3.250000000000e-01	3.250000000000e+00	5.000000011179e-03	2.955427000000e-01	1.457971247640e-05	7.388567500000e-03	2.500000000000e+00	7.388567500000e-03	2.500000000000e+00	
  82	DIS_NCE	3.250000000000e-01	5.150000000000e+00	7.923076940792e-03	2.778860000000e-01	1.678431440000e-05	6.947150000000e-03	2.500000000000e+00	6.947150000000e-03	2.500000000000e+00	
  83	DIS_NCE	3.250000000000e-01	8.150000000000e+00	1.253846156650e-02	2.569014000000e-01	1.941609400920e-05	3.853521000000e-03	1.500000000000e+00	6.422535000000e-03	2.500000000000e+00	
  84	DIS_NCE	3.250000000000e-01	1.290000000000e+01	1.984615389053e-02	2.436664000000e-01	2.327038486640e-05	3.654996000000e-03	1.500000000000e+00	6.091660000000e-03	2.500000000000e+00	
  85	DIS_NCE	3.250000000000e-01	2.050000000000e+01	3.153846160898e-02	2.373907000000e-01	2.882659009170e-05	3.560860500000e-03	1.500000000000e+00	5.934767500000e-03	2.500000000000e+00	
  86	DIS_NCE	3.250000000000e-01	3.250000000000e+01	5.000000011179e-02	2.354798000000e-01	3.693477115020e-05	3.532197000000e-03	1.500000000000e+00	5.886995000000e-03	2.500000000000e+00	
  87	DIS_NCE	3.250000000000e-01	5.150000000000e+01	7.923076940792e-02	2.327830000000e-01	4.740649073300e-05	3.491745000000e-03	1.500000000000e+00	5.819575000000e-03	2.500000000000e+00	
  88	DIS_NCE	3.250000000000e-01	8.150000000000e+01	1.253846156650e-01	2.259025000000e-01	6.007831807000e-05	3.388537500000e-03	1.500000000000e+00	5.647562500000e-03	2.500000000000e+00	
  89	DIS_NCE	3.250000000000e-01	1.290000000000e+02	1.984615389053e-01	2.143116000000e-01	7.590381093000e-05	3.214674000000e-03	1.500000000000e+00	5.357790000000e-03	2.500000000000e+00	
  90	DIS_NCE	3.250000000000e-01	2.050000000000e+02	3.153846160898e-01	2.012814000000e-01	9.738557719920e-05	3.019221000000e-03	1.500000000000e+00	5.032035000000e-03	2.500000000000e+00	
  91	DIS_NCE	3.250000000000e-01	3.250000000000e+02	5.000000011179e-01	1.920509000000e-01	1.263222476786e-04	2.880763500000e-03	1.500000000000e+00	4.801272500000e-03	2.500000000000e+00	
  92	DIS_NCE	5.150000000000e-01	2.050000000000e+00	1.990291266586e-03	0.000000000000e+00	0.000000000000e+00	0.000000000000e+00	2.500000000000e+00	0.000000000000e+00	2.500000000000e+00	
  93	DIS_NCE	5.150000000000e-01	3.250000000000e+00	3.155339812880e-03	1.524325000000e-01	1.407546461750e-05	3.810812500000e-03	2.500000000000e+00	3.810812500000e-03	2.500000000000e+00	
  94	DIS_NCE	5.150000000000e-01	5.150000000000e+00	5.000000011179e-03	1.431435000000e-01	1.312711781100e-05	3.578587500000e-03	2.500000000000e+00	3.578587500000e-03	2.500000000000e+00	
  95	DIS_NCE	5.150000000000e-01	8.150000000000e+00	7.912621376915e-03	1.328662000000e-01	1.474761673520e-05	3.321655000000e-03	2.500000000000e+00	3.321655000000e-03	2.500000000000e+00	
  96	DIS_NCE	5.150000000000e-01	1.290000000000e+01	1.252427187266e-02	1.209494000000e-01	1.709668148760e-05	1.814241000000e-03	1.500000000000e+00	3.023735000000e-03	2.500000000000e+00	
  97	DIS_NCE	5.150000000000e-01	2.050000000000e+01	1.990291266586e-02	1.082407000000e-01	1.954459023620e-05	1.623610500000e-03	1.500000000000e+00	2.706017500000e-03	2.500000000000e+00	
  98	DIS_NCE	5.150000000000e-01	3.250000000000e+01	3.155339812880e-02	9.673970000000e-02	2.248491825190e-05	1.451095500000e-03	1.500000000000e+00	2.418492500000e-03	2.500000000000e+00	
  99	DIS_NCE	5.150000000000e-01	5.150000000000e+01	5.000000011179e-02	8.819800000000e-02	2.677506064200e-05	1.322970000000e-03	1.500000000000e+00	2.204950000000e-03	2.500000000000e+00	
 100	DIS_NCE	5.150000000000e-01	8.150000000000e+01	7.912621376915e-02	8.304170000000e-02	3.361295499240e-05	1.245625500000e-03	1.500000000000e+00	2.076042500000e-03	2.500000000000e+00	
 101	DIS_NCE	5.150000000000e-01	1.290000000000e+02	1.252427187266e-01	8.009730000000e-02	4.153958114220e-05	1.201459500000e-03	1.500000000000e+00	2.002432500000e-03	2.500000000000e+00	
 102	DIS_NCE	5.150000000000e-01	2.050000000000e+02	1.990291266586e-01	7.769420000000e-02	5.478901750960e-05	1.165413000000e-03	1.500000000000e+00	1.942355000000e-03	2.500000000000e+00	
 103	DIS_NCE	5.150000000000e-01	3.250000000000e+02	3.155339812880e-01	7.466310000000e-02	7.177602724920e-05	1.119946500000e-03	1.500000000000e+00	1.866577500000e-03	2.500000000000e+00	
 104	DIS_NCE	5.150000000000e-01	5.150000000000e+02	5.000000011179e-01	7.109600000000e-02	9.824862884000e-05	1.066440000000e-03	1.500000000000e+00	1.777400000000e-03	2.500000000000e+00	
 105	DIS_NCE	8.150000000000e-01	5.150000000000e+00	3.159509209518e-03	1.995760000000e-02	2.101611118880e-05	4.989400000000e-04	2.500000000000e+00	4.989400000000e-04	2.500000000000e+00	
 106	DIS_NCE	8.150000000000e-01	8.150000000000e+00	5.000000011179e-03	1.345830000000e-02	5.575208441400e-06	3.364575000000e-04	2.500000000000e+00	3.364575000000e-04	2.500000000000e+00	
 107	DIS_NCE	8.150000000000e-01	1.290000000000e+01	7.914110447143e-03	9.952600000000e-03	4.406205119400e-06	2.488150000000e-04	2.500000000000e+00	2.488150000000e-04	2.500000000000e+00	
 108	DIS_NCE	8.150000000000e-01	2.050000000000e+01	1.257668714468e-02	7.988900000000e-03	4.471571074700e-06	1.198335000000e-04	1.500000000000e+00	1.997225000000e-04	2.500000000000e+00	
 109	DIS_NCE	8.150000000000e-01	3.250000000000e+01	1.993865035133e-02	6.753300000000e-03	4.954545038400e-06	1.012995000000e-04	1.500000000000e+00	1.688325000000e-04	2.500000000000e+00	
 110	DIS_NCE	8.150000000000e-01	5.150000000000e+01	3.159509209518e-02	5.811700000000e-03	5.458325393200e-06	8.717550000000e-05	1.500000000000e+00	1.452925000000e-04	2.500000000000e+00	
 111	DIS_NCE	8.150000000000e-01	8.150000000000e+01	5.000000011179e-02	4.998400000000e-03	6.148661798400e-06	7.497600000000e-05	1.500000000000e+00	1.249600000000e-04	2.500000000000e+00	
 112	DIS_NCE	8.150000000000e-01	1.290000000000e+02	7.914110447143e-02	4.266300000000e-03	6.974965337400e-06	6.399450000000e-05	1.500000000000e+00	1.066575000000e-04	2.500000000000e+00	
 113	DIS_NCE	8.150000000000e-01	2.050000000000e+02	1.257668714468e-01	3.652400000000e-03	8.362129623600e-06	5.478600000000e-05	1.500000000000e+00	9.131000000000e-05	2.500000000000e+00	
 114	DIS_NCE	8.150000000000e-01	3.250000000000e+02	1.993865035133e-01	3.211400000000e-03	9.698347715000e-06	4.817100000000e-05	1.500000000000e+00	8.028500000000e-05	2.500000000000e+00	
 115	DIS_NCE	8.150000000000e-01	5.150000000000e+02	3.159509209518e-01	2.952900000000e-03	1.344656167200e-05	4.429350000000e-05	1.500000000000e+00	7.382250000000e-05	2.500000000000e+00	
 116	DIS_NCE	8.150000000000e-01	8.150000000000e+02	5.000000011179e-01	2.871800000000e-03	1.789041512660e-05	4.307700000000e-05	1.500000000000e+00	7.179500000000e-05	2.500000000000e+00	
