EIC_NC_28_OPT	2	87
   1	DIS_NCE	3.250000000000e-03	1.290000000000e+00	4.840525337307e-01	0.000000000000e+00	0.000000000000e+00	0.000000000000e+00	1.500000000000e+00	0.000000000000e+00	2.500000000000e+00	
   2	DIS_NCE	5.150000000000e-03	1.290000000000e+00	3.054700455582e-01	0.000000000000e+00	0.000000000000e+00	0.000000000000e+00	1.500000000000e+00	0.000000000000e+00	2.500000000000e+00	
   3	DIS_NCE	5.150000000000e-03	2.050000000000e+00	4.854368941041e-01	0.000000000000e+00	0.000000000000e+00	0.000000000000e+00	1.500000000000e+00	0.000000000000e+00	2.500000000000e+00	
   4	DIS_NCE	8.150000000000e-03	1.290000000000e+00	1.930270840030e-01	0.000000000000e+00	0.000000000000e+00	0.000000000000e+00	1.500000000000e+00	0.000000000000e+00	2.500000000000e+00	
   5	DIS_NCE	8.150000000000e-03	2.050000000000e+00	3.067484668265e-01	0.000000000000e+00	0.000000000000e+00	0.000000000000e+00	1.500000000000e+00	0.000000000000e+00	2.500000000000e+00	
   6	DIS_NCE	8.150000000000e-03	3.250000000000e+00	4.863085449689e-01	4.198569000000e-01	1.805678569830e-05	6.297853500000e-03	1.500000000000e+00	1.049642250000e-02	2.500000000000e+00	
   7	DIS_NCE	1.290000000000e-02	1.290000000000e+00	1.219512197384e-01	0.000000000000e+00	0.000000000000e+00	0.000000000000e+00	1.500000000000e+00	0.000000000000e+00	2.500000000000e+00	
   8	DIS_NCE	1.290000000000e-02	2.050000000000e+00	1.937984499718e-01	0.000000000000e+00	0.000000000000e+00	0.000000000000e+00	1.500000000000e+00	0.000000000000e+00	2.500000000000e+00	
   9	DIS_NCE	1.290000000000e-02	3.250000000000e+00	3.072414450773e-01	3.743746000000e-01	1.527186305780e-05	5.615619000000e-03	1.500000000000e+00	9.359365000000e-03	2.500000000000e+00	
  10	DIS_NCE	1.290000000000e-02	5.150000000000e+00	4.868595206609e-01	4.100719000000e-01	2.165589703900e-05	6.151078500000e-03	1.500000000000e+00	1.025179750000e-02	2.500000000000e+00	
  11	DIS_NCE	2.050000000000e-02	1.290000000000e+00	7.674003583536e-02	0.000000000000e+00	0.000000000000e+00	0.000000000000e+00	1.500000000000e+00	0.000000000000e+00	2.500000000000e+00	
  12	DIS_NCE	2.050000000000e-02	2.050000000000e+00	1.219512197384e-01	0.000000000000e+00	0.000000000000e+00	0.000000000000e+00	1.500000000000e+00	0.000000000000e+00	2.500000000000e+00	
  13	DIS_NCE	2.050000000000e-02	3.250000000000e+00	1.933372995852e-01	3.971314000000e-01	1.582370063300e-05	5.956971000000e-03	1.500000000000e+00	9.928285000000e-03	2.500000000000e+00	
  14	DIS_NCE	2.050000000000e-02	5.150000000000e+00	3.063652593427e-01	4.248299000000e-01	2.149469362040e-05	6.372448500000e-03	1.500000000000e+00	1.062074750000e-02	2.500000000000e+00	
  15	DIS_NCE	2.050000000000e-02	8.150000000000e+00	4.848304589598e-01	4.349001000000e-01	2.874341740920e-05	6.523501500000e-03	1.500000000000e+00	1.087250250000e-02	2.500000000000e+00	
  16	DIS_NCE	3.250000000000e-02	1.290000000000e+00	4.840525337307e-02	0.000000000000e+00	0.000000000000e+00	0.000000000000e+00	1.500000000000e+00	0.000000000000e+00	2.500000000000e+00	
  17	DIS_NCE	3.250000000000e-02	2.050000000000e+00	7.692307706573e-02	0.000000000000e+00	0.000000000000e+00	0.000000000000e+00	1.500000000000e+00	0.000000000000e+00	2.500000000000e+00	
  18	DIS_NCE	3.250000000000e-02	3.250000000000e+00	1.219512197384e-01	3.623350000000e-01	1.432237788000e-05	5.435025000000e-03	1.500000000000e+00	9.058375000000e-03	2.500000000000e+00	
  19	DIS_NCE	3.250000000000e-02	5.150000000000e+00	1.932457789700e-01	3.998351000000e-01	1.972466515320e-05	5.997526500000e-03	1.500000000000e+00	9.995877500000e-03	2.500000000000e+00	
  20	DIS_NCE	3.250000000000e-02	8.150000000000e+00	3.058161356516e-01	4.347032000000e-01	2.749323858720e-05	6.520548000000e-03	1.500000000000e+00	1.086758000000e-02	2.500000000000e+00	
  21	DIS_NCE	3.250000000000e-02	1.290000000000e+01	4.840525337307e-01	4.532582000000e-01	3.812672000940e-05	6.798873000000e-03	1.500000000000e+00	1.133145500000e-02	2.500000000000e+00	
  22	DIS_NCE	5.150000000000e-02	1.290000000000e+00	3.054700455582e-02	0.000000000000e+00	0.000000000000e+00	0.000000000000e+00	1.500000000000e+00	0.000000000000e+00	2.500000000000e+00	
  23	DIS_NCE	5.150000000000e-02	2.050000000000e+00	4.854368941041e-02	0.000000000000e+00	0.000000000000e+00	0.000000000000e+00	1.500000000000e+00	0.000000000000e+00	2.500000000000e+00	
  24	DIS_NCE	5.150000000000e-02	3.250000000000e+00	7.695950760188e-02	3.477189000000e-01	1.385485957050e-05	5.215783500000e-03	1.500000000000e+00	8.692972500000e-03	2.500000000000e+00	
  25	DIS_NCE	5.150000000000e-02	5.150000000000e+00	1.219512197384e-01	3.659270000000e-01	1.805191076400e-05	5.488905000000e-03	1.500000000000e+00	9.148175000000e-03	2.500000000000e+00	
  26	DIS_NCE	5.150000000000e-02	8.150000000000e+00	1.929907652170e-01	3.927036000000e-01	2.446425616920e-05	5.890554000000e-03	1.500000000000e+00	9.817590000000e-03	2.500000000000e+00	
  27	DIS_NCE	5.150000000000e-02	1.290000000000e+01	3.054700455582e-01	4.215662000000e-01	3.426110664020e-05	6.323493000000e-03	1.500000000000e+00	1.053915500000e-02	2.500000000000e+00	
  28	DIS_NCE	5.150000000000e-02	2.050000000000e+01	4.854368941041e-01	4.397573000000e-01	4.797708167270e-05	6.596359500000e-03	1.500000000000e+00	1.099393250000e-02	2.500000000000e+00	
  29	DIS_NCE	8.150000000000e-02	1.290000000000e+00	1.930270840030e-02	0.000000000000e+00	0.000000000000e+00	0.000000000000e+00	1.500000000000e+00	0.000000000000e+00	2.500000000000e+00	
  30	DIS_NCE	8.150000000000e-02	2.050000000000e+00	3.067484668265e-02	0.000000000000e+00	0.000000000000e+00	0.000000000000e+00	1.500000000000e+00	0.000000000000e+00	2.500000000000e+00	
  31	DIS_NCE	8.150000000000e-02	3.250000000000e+00	4.863085449689e-02	3.498270000000e-01	1.404940214700e-05	5.247405000000e-03	1.500000000000e+00	8.745675000000e-03	2.500000000000e+00	
  32	DIS_NCE	8.150000000000e-02	5.150000000000e+00	7.706120020277e-02	3.543458000000e-01	1.759256027840e-05	5.315187000000e-03	1.500000000000e+00	8.858645000000e-03	2.500000000000e+00	
  33	DIS_NCE	8.150000000000e-02	8.150000000000e+00	1.219512197384e-01	3.681727000000e-01	2.293605469190e-05	5.522590500000e-03	1.500000000000e+00	9.204317500000e-03	2.500000000000e+00	
  34	DIS_NCE	8.150000000000e-02	1.290000000000e+01	1.930270840030e-01	3.887904000000e-01	3.110556474240e-05	5.831856000000e-03	1.500000000000e+00	9.719760000000e-03	2.500000000000e+00	
  35	DIS_NCE	8.150000000000e-02	2.050000000000e+01	3.067484668265e-01	4.079456000000e-01	4.295830346240e-05	6.119184000000e-03	1.500000000000e+00	1.019864000000e-02	2.500000000000e+00	
  36	DIS_NCE	8.150000000000e-02	3.250000000000e+01	4.863085449689e-01	4.148462000000e-01	5.916495019780e-05	6.222693000000e-03	1.500000000000e+00	1.037115500000e-02	2.500000000000e+00	
  37	DIS_NCE	1.290000000000e-01	1.290000000000e+00	1.219512197384e-02	0.000000000000e+00	0.000000000000e+00	0.000000000000e+00	1.500000000000e+00	0.000000000000e+00	2.500000000000e+00	
  38	DIS_NCE	1.290000000000e-01	2.050000000000e+00	1.937984499718e-02	0.000000000000e+00	0.000000000000e+00	0.000000000000e+00	1.500000000000e+00	0.000000000000e+00	2.500000000000e+00	
  39	DIS_NCE	1.290000000000e-01	3.250000000000e+00	3.072414450773e-02	3.465711000000e-01	1.424753792100e-05	5.198566500000e-03	1.500000000000e+00	8.664277500000e-03	2.500000000000e+00	
  40	DIS_NCE	1.290000000000e-01	5.150000000000e+00	4.868595206609e-02	3.483676000000e-01	1.751592292800e-05	5.225514000000e-03	1.500000000000e+00	8.709190000000e-03	2.500000000000e+00	
  41	DIS_NCE	1.290000000000e-01	8.150000000000e+00	7.704670084245e-02	3.585913000000e-01	2.267946535980e-05	5.378869500000e-03	1.500000000000e+00	8.964782500000e-03	2.500000000000e+00	
  42	DIS_NCE	1.290000000000e-01	1.290000000000e+01	1.219512197384e-01	3.726888000000e-01	2.993510979360e-05	5.590332000000e-03	1.500000000000e+00	9.317220000000e-03	2.500000000000e+00	
  43	DIS_NCE	1.290000000000e-01	2.050000000000e+01	1.937984499718e-01	3.825334000000e-01	4.004015351140e-05	5.738001000000e-03	1.500000000000e+00	9.563335000000e-03	2.500000000000e+00	
  44	DIS_NCE	1.290000000000e-01	3.250000000000e+01	3.072414450773e-01	3.813838000000e-01	5.294522465120e-05	5.720757000000e-03	1.500000000000e+00	9.534595000000e-03	2.500000000000e+00	
  45	DIS_NCE	1.290000000000e-01	5.150000000000e+01	4.868595206609e-01	3.685105000000e-01	6.980325891000e-05	5.527657500000e-03	1.500000000000e+00	9.212762500000e-03	2.500000000000e+00	
  46	DIS_NCE	2.050000000000e-01	1.290000000000e+00	7.674003583536e-03	0.000000000000e+00	0.000000000000e+00	0.000000000000e+00	2.500000000000e+00	0.000000000000e+00	2.500000000000e+00	
  47	DIS_NCE	2.050000000000e-01	2.050000000000e+00	1.219512197384e-02	0.000000000000e+00	0.000000000000e+00	0.000000000000e+00	1.500000000000e+00	0.000000000000e+00	2.500000000000e+00	
  48	DIS_NCE	2.050000000000e-01	3.250000000000e+00	1.933372995852e-02	3.336255000000e-01	1.434823187850e-05	5.004382500000e-03	1.500000000000e+00	8.340637500000e-03	2.500000000000e+00	
  49	DIS_NCE	2.050000000000e-01	5.150000000000e+00	3.063652593427e-02	3.402157000000e-01	1.807429927820e-05	5.103235500000e-03	1.500000000000e+00	8.505392500000e-03	2.500000000000e+00	
  50	DIS_NCE	2.050000000000e-01	8.150000000000e+00	4.848304589598e-02	3.472619000000e-01	2.295123349480e-05	5.208928500000e-03	1.500000000000e+00	8.681547500000e-03	2.500000000000e+00	
  51	DIS_NCE	2.050000000000e-01	1.290000000000e+01	7.674003583536e-02	3.471588000000e-01	2.920195677960e-05	5.207382000000e-03	1.500000000000e+00	8.678970000000e-03	2.500000000000e+00	
  52	DIS_NCE	2.050000000000e-01	2.050000000000e+01	1.219512197384e-01	3.368664000000e-01	3.664500072480e-05	5.052996000000e-03	1.500000000000e+00	8.421660000000e-03	2.500000000000e+00	
  53	DIS_NCE	2.050000000000e-01	3.250000000000e+01	1.933372995852e-01	3.199768000000e-01	4.543222592480e-05	4.799652000000e-03	1.500000000000e+00	7.999420000000e-03	2.500000000000e+00	
  54	DIS_NCE	2.050000000000e-01	5.150000000000e+01	3.063652593427e-01	3.042689000000e-01	5.801951519650e-05	4.564033500000e-03	1.500000000000e+00	7.606722500000e-03	2.500000000000e+00	
  55	DIS_NCE	2.050000000000e-01	8.150000000000e+01	4.848304589598e-01	2.956907000000e-01	7.732903186400e-05	4.435360500000e-03	1.500000000000e+00	7.392267500000e-03	2.500000000000e+00	
  56	DIS_NCE	3.250000000000e-01	1.290000000000e+00	4.840525337307e-03	0.000000000000e+00	0.000000000000e+00	0.000000000000e+00	2.500000000000e+00	0.000000000000e+00	2.500000000000e+00	
  57	DIS_NCE	3.250000000000e-01	2.050000000000e+00	7.692307706573e-03	0.000000000000e+00	0.000000000000e+00	0.000000000000e+00	2.500000000000e+00	0.000000000000e+00	2.500000000000e+00	
  58	DIS_NCE	3.250000000000e-01	3.250000000000e+00	1.219512197384e-02	2.976045000000e-01	1.468142519400e-05	4.464067500000e-03	1.500000000000e+00	7.440112500000e-03	2.500000000000e+00	
  59	DIS_NCE	3.250000000000e-01	5.150000000000e+00	1.932457789700e-02	2.882168000000e-01	1.740829472000e-05	4.323252000000e-03	1.500000000000e+00	7.205420000000e-03	2.500000000000e+00	
  60	DIS_NCE	3.250000000000e-01	8.150000000000e+00	3.058161356516e-02	2.699670000000e-01	2.048914546500e-05	4.049505000000e-03	1.500000000000e+00	6.749175000000e-03	2.500000000000e+00	
  61	DIS_NCE	3.250000000000e-01	1.290000000000e+01	4.840525337307e-02	2.498360000000e-01	2.409643236400e-05	3.747540000000e-03	1.500000000000e+00	6.245900000000e-03	2.500000000000e+00	
  62	DIS_NCE	3.250000000000e-01	2.050000000000e+01	7.692307706573e-02	2.335302000000e-01	2.909646173880e-05	3.502953000000e-03	1.500000000000e+00	5.838255000000e-03	2.500000000000e+00	
  63	DIS_NCE	3.250000000000e-01	3.250000000000e+01	1.219512197384e-01	2.248478000000e-01	3.647593435500e-05	3.372717000000e-03	1.500000000000e+00	5.621195000000e-03	2.500000000000e+00	
  64	DIS_NCE	3.250000000000e-01	5.150000000000e+01	1.932457789700e-01	2.224413000000e-01	4.755127670100e-05	3.336619500000e-03	1.500000000000e+00	5.561032500000e-03	2.500000000000e+00	
  65	DIS_NCE	3.250000000000e-01	8.150000000000e+01	3.058161356516e-01	2.223736000000e-01	6.434335641280e-05	3.335604000000e-03	1.500000000000e+00	5.559340000000e-03	2.500000000000e+00	
  66	DIS_NCE	3.250000000000e-01	1.290000000000e+02	4.840525337307e-01	2.196950000000e-01	8.684213807500e-05	3.295425000000e-03	1.500000000000e+00	5.492375000000e-03	2.500000000000e+00	
  67	DIS_NCE	5.150000000000e-01	2.050000000000e+00	4.854368941041e-03	0.000000000000e+00	0.000000000000e+00	0.000000000000e+00	2.500000000000e+00	0.000000000000e+00	2.500000000000e+00	
  68	DIS_NCE	5.150000000000e-01	3.250000000000e+00	7.695950760188e-03	1.583291000000e-01	1.461995076490e-05	3.958227500000e-03	2.500000000000e+00	3.958227500000e-03	2.500000000000e+00	
  69	DIS_NCE	5.150000000000e-01	5.150000000000e+00	1.219512197384e-02	1.372353000000e-01	1.249856771220e-05	2.058529500000e-03	1.500000000000e+00	3.430882500000e-03	2.500000000000e+00	
  70	DIS_NCE	5.150000000000e-01	8.150000000000e+00	1.929907652170e-02	1.225522000000e-01	1.364153048640e-05	1.838283000000e-03	1.500000000000e+00	3.063805000000e-03	2.500000000000e+00	
  71	DIS_NCE	5.150000000000e-01	1.290000000000e+01	3.054700455582e-02	1.131431000000e-01	1.602898297700e-05	1.697146500000e-03	1.500000000000e+00	2.828577500000e-03	2.500000000000e+00	
  72	DIS_NCE	5.150000000000e-01	2.050000000000e+01	4.854368941041e-02	1.075903000000e-01	1.973335210360e-05	1.613854500000e-03	1.500000000000e+00	2.689757500000e-03	2.500000000000e+00	
  73	DIS_NCE	5.150000000000e-01	3.250000000000e+01	7.695950760188e-02	1.025852000000e-01	2.458977502520e-05	1.538778000000e-03	1.500000000000e+00	2.564630000000e-03	2.500000000000e+00	
  74	DIS_NCE	5.150000000000e-01	5.150000000000e+01	1.219512197384e-01	9.617440000000e-02	3.029137754720e-05	1.442616000000e-03	1.500000000000e+00	2.404360000000e-03	2.500000000000e+00	
  75	DIS_NCE	5.150000000000e-01	8.150000000000e+01	1.929907652170e-01	8.804920000000e-02	3.703199668360e-05	1.320738000000e-03	1.500000000000e+00	2.201230000000e-03	2.500000000000e+00	
  76	DIS_NCE	5.150000000000e-01	1.290000000000e+02	3.054700455582e-01	7.965840000000e-02	4.534235786400e-05	1.194876000000e-03	1.500000000000e+00	1.991460000000e-03	2.500000000000e+00	
  77	DIS_NCE	5.150000000000e-01	2.050000000000e+02	4.854368941041e-01	7.312540000000e-02	5.919815569220e-05	1.096881000000e-03	1.500000000000e+00	1.828135000000e-03	2.500000000000e+00	
  78	DIS_NCE	8.150000000000e-01	5.150000000000e+00	7.706120020277e-03	1.907730000000e-02	2.075274479520e-05	4.769325000000e-04	2.500000000000e+00	4.769325000000e-04	2.500000000000e+00	
  79	DIS_NCE	8.150000000000e-01	8.150000000000e+00	1.219512197384e-02	1.351580000000e-02	5.641778751800e-06	2.027370000000e-04	1.500000000000e+00	3.378950000000e-04	2.500000000000e+00	
  80	DIS_NCE	8.150000000000e-01	1.290000000000e+01	1.930270840030e-02	1.055450000000e-02	4.672677685500e-06	1.583175000000e-04	1.500000000000e+00	2.638625000000e-04	2.500000000000e+00	
  81	DIS_NCE	8.150000000000e-01	2.050000000000e+01	3.067484668265e-02	8.525900000000e-03	4.799101221500e-06	1.278885000000e-04	1.500000000000e+00	2.131475000000e-04	2.500000000000e+00	
  82	DIS_NCE	8.150000000000e-01	3.250000000000e+01	4.863085449689e-02	6.955500000000e-03	5.234862321000e-06	1.043325000000e-04	1.500000000000e+00	1.738875000000e-04	2.500000000000e+00	
  83	DIS_NCE	8.150000000000e-01	5.150000000000e+01	7.706120020277e-02	5.681900000000e-03	5.623904846700e-06	8.522850000000e-05	1.500000000000e+00	1.420475000000e-04	2.500000000000e+00	
  84	DIS_NCE	8.150000000000e-01	8.150000000000e+01	1.219512197384e-01	4.706800000000e-03	6.310905680800e-06	7.060200000000e-05	1.500000000000e+00	1.176700000000e-04	2.500000000000e+00	
  85	DIS_NCE	8.150000000000e-01	1.290000000000e+02	1.930270840030e-01	4.029000000000e-03	7.236785046000e-06	6.043500000000e-05	1.500000000000e+00	1.007250000000e-04	2.500000000000e+00	
  86	DIS_NCE	8.150000000000e-01	2.050000000000e+02	3.067484668265e-01	3.607200000000e-03	8.988691500000e-06	5.410800000000e-05	1.500000000000e+00	9.018000000000e-05	2.500000000000e+00	
  87	DIS_NCE	8.150000000000e-01	3.250000000000e+02	4.863085449689e-01	3.379200000000e-03	1.111340820480e-05	5.068800000000e-05	1.500000000000e+00	8.448000000000e-05	2.500000000000e+00	
