FLArE100NB_DSIGMA_CHARM	1	23
   1	DIS_SNB_C	1.393028000000e-02	1.929789000000e+01	7.112535000000e-01	1.162903902113e-01	1.224641216112e-02	3.408375400909e-02	2.930917502914e+01	
   2	DIS_SNB_C	1.933365000000e-02	2.242426000000e+01	6.778735000000e-01	8.787833331757e-02	6.693435115509e-03	1.382672207782e-02	1.573393754277e+01	
   3	DIS_SNB_C	2.618787000000e-02	6.828809000000e+00	3.420799000000e-01	5.265583585411e-02	3.936395495886e-03	1.844716701329e-02	3.503347105609e+01	
   4	DIS_SNB_C	2.644545000000e-02	2.612712000000e+01	6.461703000000e-01	5.403647786164e-04	3.298636101946e-03	2.152710765363e-02	3.983810289921e+03	
   5	DIS_SNB_C	3.561296000000e-02	6.907514000000e+00	2.840821000000e-01	3.131662861049e-02	2.350664629709e-03	1.304548405131e-02	4.165673199873e+01	
   6	DIS_SNB_C	3.592398000000e-02	3.017750000000e+01	6.120078000000e-01	2.707600533317e-02	1.687905067982e-03	1.500912626064e-02	5.543331106622e+01	
   7	DIS_SNB_C	4.941063000000e-02	3.454362000000e+01	5.728409000000e-01	2.510739448703e-02	1.038201149221e-03	3.936296977316e-03	1.567783936860e+01	
   8	DIS_SNB_C	6.824646000000e-02	3.857764000000e+01	5.255767000000e-01	1.086121746834e-02	4.606861560045e-04	4.024466403257e-03	3.705354777205e+01	
   9	DIS_SNB_C	9.274568000000e-02	4.205248000000e+01	4.751059000000e-01	2.861292970000e-03	2.172105449859e-04	2.646512563133e-03	9.249358911795e+01	
  10	DIS_SNB_C	9.412185000000e-02	1.572669000000e+02	7.499282000000e-01	5.266285654074e-03	3.815597655379e-04	1.893602548020e-03	3.595708004475e+01	
  11	DIS_SNB_C	1.245706000000e-01	4.504177000000e+01	4.228735000000e-01	3.098021051168e-03	1.426615459783e-04	4.033663175728e-04	1.302012836293e+01	
  12	DIS_SNB_C	1.262110000000e-01	1.737009000000e+02	7.150683000000e-01	3.072379054299e-03	1.915722635918e-04	2.481683729791e-04	8.077400886840e+00	
  13	DIS_SNB_C	1.762184000000e-01	4.776532000000e+01	3.584918000000e-01	1.322516631257e-03	6.146569442942e-05	1.832416546234e-04	1.385552743101e+01	
  14	DIS_SNB_C	1.782427000000e-01	1.995641000000e+02	6.759831000000e-01	1.081620383622e-03	6.051502119828e-05	3.367200080964e-05	3.113107086322e+00	
  15	DIS_SNB_C	2.400823000000e-01	4.962674000000e+01	3.021400000000e-01	2.719747897646e-04	2.494677872456e-05	1.850746795761e-04	6.804846866002e+01	
  16	DIS_SNB_C	2.421912000000e-01	2.293747000000e+02	6.418335000000e-01	5.321054812410e-04	1.835786389965e-05	7.293418641190e-05	1.370671586427e+01	
  17	DIS_SNB_C	3.176404000000e-01	5.005013000000e+01	2.447095000000e-01	2.246013423557e-04	1.587698598788e-05	4.048156399073e-05	1.802374089404e+01	
  18	DIS_SNB_C	3.175747000000e-01	2.564692000000e+02	6.032992000000e-01	1.058561350850e-04	9.720166494552e-06	4.367175036955e-05	4.125575748111e+01	
  19	DIS_SNB_C	4.558388000000e-01	4.863520000000e+01	1.737523000000e-01	1.504591481507e-04	1.139917600284e-05	4.541146674876e-05	3.018192466654e+01	
  20	DIS_SNB_C	4.597014000000e-01	2.913261000000e+02	5.338693000000e-01	-1.061368478729e-05	5.135952815603e-06	7.049394800064e-05	-6.641797774611e+02	
  21	DIS_SNB_C	6.219440000000e-01	4.979030000000e+01	1.380262000000e-01	3.629416191441e-05	3.513880192749e-06	8.428934496629e-06	2.322394030342e+01	
  22	DIS_SNB_C	6.262032000000e-01	3.232249000000e+02	4.842151000000e-01	1.346883594835e-05	1.172260327663e-06	5.271845447445e-06	3.914106213530e+01	
  23	DIS_SNB_C	8.240402000000e-01	3.521460000000e+02	4.407261000000e-01	7.281552277832e-07	9.644255569365e-08	5.715021467511e-07	7.848630689516e+01	
