EIC_NC_44_PES	2	92
   1	DIS_NCE	1.290000000000e-03	1.290000000000e+00	5.000000011179e-01	0.000000000000e+00	0.000000000000e+00	0.000000000000e+00	2.300000000000e+00	0.000000000000e+00	4.300000000000e+00	
   2	DIS_NCE	2.050000000000e-03	1.290000000000e+00	3.146341470449e-01	0.000000000000e+00	0.000000000000e+00	0.000000000000e+00	2.300000000000e+00	0.000000000000e+00	4.300000000000e+00	
   3	DIS_NCE	2.050000000000e-03	2.050000000000e+00	5.000000011179e-01	0.000000000000e+00	0.000000000000e+00	0.000000000000e+00	2.300000000000e+00	0.000000000000e+00	4.300000000000e+00	
   4	DIS_NCE	3.250000000000e-03	1.290000000000e+00	1.984615389053e-01	0.000000000000e+00	0.000000000000e+00	0.000000000000e+00	2.300000000000e+00	0.000000000000e+00	4.300000000000e+00	
   5	DIS_NCE	3.250000000000e-03	2.050000000000e+00	3.153846160898e-01	0.000000000000e+00	0.000000000000e+00	0.000000000000e+00	2.300000000000e+00	0.000000000000e+00	4.300000000000e+00	
   6	DIS_NCE	3.250000000000e-03	3.250000000000e+00	5.000000011179e-01	4.392808000000e-01	1.764195620880e-05	1.010345840000e-02	2.300000000000e+00	1.888907440000e-02	4.300000000000e+00	
   7	DIS_NCE	5.150000000000e-03	1.290000000000e+00	1.252427187266e-01	0.000000000000e+00	0.000000000000e+00	0.000000000000e+00	2.300000000000e+00	0.000000000000e+00	4.300000000000e+00	
   8	DIS_NCE	5.150000000000e-03	2.050000000000e+00	1.990291266586e-01	0.000000000000e+00	0.000000000000e+00	0.000000000000e+00	2.300000000000e+00	0.000000000000e+00	4.300000000000e+00	
   9	DIS_NCE	5.150000000000e-03	3.250000000000e+00	3.155339812880e-01	4.475564000000e-01	1.712529808960e-05	1.029379720000e-02	2.300000000000e+00	1.924492520000e-02	4.300000000000e+00	
  10	DIS_NCE	5.150000000000e-03	5.150000000000e+00	5.000000011179e-01	5.250756000000e-01	2.573658053400e-05	1.207673880000e-02	2.300000000000e+00	2.257825080000e-02	4.300000000000e+00	
  11	DIS_NCE	8.150000000000e-03	1.290000000000e+00	7.914110447143e-02	0.000000000000e+00	0.000000000000e+00	0.000000000000e+00	2.300000000000e+00	0.000000000000e+00	4.300000000000e+00	
  12	DIS_NCE	8.150000000000e-03	2.050000000000e+00	1.257668714468e-01	0.000000000000e+00	0.000000000000e+00	0.000000000000e+00	2.300000000000e+00	0.000000000000e+00	4.300000000000e+00	
  13	DIS_NCE	8.150000000000e-03	3.250000000000e+00	1.993865035133e-01	4.084294000000e-01	1.536960675140e-05	9.393876200000e-03	2.300000000000e+00	1.756246420000e-02	4.300000000000e+00	
  14	DIS_NCE	8.150000000000e-03	5.150000000000e+00	3.159509209518e-01	4.396756000000e-01	2.071663492080e-05	1.011253880000e-02	2.300000000000e+00	1.890605080000e-02	4.300000000000e+00	
  15	DIS_NCE	8.150000000000e-03	8.150000000000e+00	5.000000011179e-01	4.801953000000e-01	2.930727954960e-05	1.104449190000e-02	2.300000000000e+00	2.064839790000e-02	4.300000000000e+00	
  16	DIS_NCE	1.290000000000e-02	1.290000000000e+00	5.000000011179e-02	0.000000000000e+00	0.000000000000e+00	0.000000000000e+00	2.300000000000e+00	0.000000000000e+00	4.300000000000e+00	
  17	DIS_NCE	1.290000000000e-02	2.050000000000e+00	7.945736451874e-02	0.000000000000e+00	0.000000000000e+00	0.000000000000e+00	2.300000000000e+00	0.000000000000e+00	4.300000000000e+00	
  18	DIS_NCE	1.290000000000e-02	3.250000000000e+00	1.259689925297e-01	4.237607000000e-01	1.594653890170e-05	9.746496100000e-03	2.300000000000e+00	1.822171010000e-02	4.300000000000e+00	
  19	DIS_NCE	1.290000000000e-02	5.150000000000e+00	1.996124035471e-01	4.678261000000e-01	2.159906321090e-05	1.076000030000e-02	2.300000000000e+00	2.011652230000e-02	4.300000000000e+00	
  20	DIS_NCE	1.290000000000e-02	8.150000000000e+00	3.158914735745e-01	4.890202000000e-01	2.876319012360e-05	1.124746460000e-02	2.300000000000e+00	2.102786860000e-02	4.300000000000e+00	
  21	DIS_NCE	1.290000000000e-02	1.290000000000e+01	5.000000011179e-01	4.930541000000e-01	3.819985945160e-05	1.134024430000e-02	2.300000000000e+00	2.120132630000e-02	4.300000000000e+00	
  22	DIS_NCE	2.050000000000e-02	1.290000000000e+00	3.146341470449e-02	0.000000000000e+00	0.000000000000e+00	0.000000000000e+00	2.300000000000e+00	0.000000000000e+00	4.300000000000e+00	
  23	DIS_NCE	2.050000000000e-02	2.050000000000e+00	5.000000011179e-02	0.000000000000e+00	0.000000000000e+00	0.000000000000e+00	2.300000000000e+00	0.000000000000e+00	4.300000000000e+00	
  24	DIS_NCE	2.050000000000e-02	3.250000000000e+00	7.926829286016e-02	3.816123000000e-01	1.448104194810e-05	8.777082900000e-03	2.300000000000e+00	1.640932890000e-02	4.300000000000e+00	
  25	DIS_NCE	2.050000000000e-02	5.150000000000e+00	1.256097563784e-01	4.385152000000e-01	2.024580826880e-05	1.008584960000e-02	2.300000000000e+00	1.885615360000e-02	4.300000000000e+00	
  26	DIS_NCE	2.050000000000e-02	8.150000000000e+00	1.987804882493e-01	4.827706000000e-01	2.793793462200e-05	1.110372380000e-02	2.300000000000e+00	2.075913580000e-02	4.300000000000e+00	
  27	DIS_NCE	2.050000000000e-02	1.290000000000e+01	3.146341470449e-01	5.032234000000e-01	3.771458093640e-05	1.157413820000e-02	2.300000000000e+00	2.163860620000e-02	4.300000000000e+00	
  28	DIS_NCE	2.050000000000e-02	2.050000000000e+01	5.000000011179e-01	4.987518000000e-01	4.983926987040e-05	1.147129140000e-02	2.300000000000e+00	2.144632740000e-02	4.300000000000e+00	
  29	DIS_NCE	3.250000000000e-02	1.290000000000e+00	1.984615389053e-02	0.000000000000e+00	0.000000000000e+00	0.000000000000e+00	2.300000000000e+00	0.000000000000e+00	4.300000000000e+00	
  30	DIS_NCE	3.250000000000e-02	2.050000000000e+00	3.153846160898e-02	0.000000000000e+00	0.000000000000e+00	0.000000000000e+00	2.300000000000e+00	0.000000000000e+00	4.300000000000e+00	
  31	DIS_NCE	3.250000000000e-02	3.250000000000e+00	5.000000011179e-02	3.598877000000e-01	1.377074295280e-05	8.277417100000e-03	2.300000000000e+00	1.547517110000e-02	4.300000000000e+00	
  32	DIS_NCE	3.250000000000e-02	5.150000000000e+00	7.923076940792e-02	4.068359000000e-01	1.904073379180e-05	9.357225700000e-03	2.300000000000e+00	1.749394370000e-02	4.300000000000e+00	
  33	DIS_NCE	3.250000000000e-02	8.150000000000e+00	1.253846156650e-01	4.499860000000e-01	2.618288539600e-05	1.034967800000e-02	2.300000000000e+00	1.934939800000e-02	4.300000000000e+00	
  34	DIS_NCE	3.250000000000e-02	1.290000000000e+01	1.984615389053e-01	4.755180000000e-01	3.518690544600e-05	1.093691400000e-02	2.300000000000e+00	2.044727400000e-02	4.300000000000e+00	
  35	DIS_NCE	3.250000000000e-02	2.050000000000e+01	3.153846160898e-01	4.783736000000e-01	4.613865534640e-05	1.100259280000e-02	2.300000000000e+00	2.057006480000e-02	4.300000000000e+00	
  36	DIS_NCE	3.250000000000e-02	3.250000000000e+01	5.000000011179e-01	4.644217000000e-01	6.006690941290e-05	1.068169910000e-02	2.300000000000e+00	1.997013310000e-02	4.300000000000e+00	
  37	DIS_NCE	5.150000000000e-02	2.050000000000e+00	1.990291266586e-02	0.000000000000e+00	0.000000000000e+00	0.000000000000e+00	2.300000000000e+00	0.000000000000e+00	4.300000000000e+00	
  38	DIS_NCE	5.150000000000e-02	3.250000000000e+00	3.155339812880e-02	3.417357000000e-01	1.329215178720e-05	7.859921100000e-03	2.300000000000e+00	1.469463510000e-02	4.300000000000e+00	
  39	DIS_NCE	5.150000000000e-02	5.150000000000e+00	5.000000011179e-02	3.773048000000e-01	1.801630420000e-05	8.678010400000e-03	2.300000000000e+00	1.622410640000e-02	4.300000000000e+00	
  40	DIS_NCE	5.150000000000e-02	8.150000000000e+00	7.912621376915e-02	4.166418000000e-01	2.463811284300e-05	9.582761400000e-03	2.300000000000e+00	1.791559740000e-02	4.300000000000e+00	
  41	DIS_NCE	5.150000000000e-02	1.290000000000e+01	1.252427187266e-01	4.448565000000e-01	3.305906594100e-05	1.023169950000e-02	2.300000000000e+00	1.912882950000e-02	4.300000000000e+00	
  42	DIS_NCE	5.150000000000e-02	2.050000000000e+01	1.990291266586e-01	4.527982000000e-01	4.338576512940e-05	1.041435860000e-02	2.300000000000e+00	1.947032260000e-02	4.300000000000e+00	
  43	DIS_NCE	5.150000000000e-02	3.250000000000e+01	3.155339812880e-01	4.419408000000e-01	5.590153373280e-05	1.016463840000e-02	2.300000000000e+00	1.900345440000e-02	4.300000000000e+00	
  44	DIS_NCE	5.150000000000e-02	5.150000000000e+01	5.000000011179e-01	4.248545000000e-01	7.268368300550e-05	9.771653500000e-03	2.300000000000e+00	1.826874350000e-02	4.300000000000e+00	
  45	DIS_NCE	8.150000000000e-02	3.250000000000e+00	1.993865035133e-02	3.344630000000e-01	1.332667823500e-05	7.692649000000e-03	2.300000000000e+00	1.438190900000e-02	4.300000000000e+00	
  46	DIS_NCE	8.150000000000e-02	5.150000000000e+00	3.159509209518e-02	3.545815000000e-01	1.726776446850e-05	8.155374500000e-03	2.300000000000e+00	1.524700450000e-02	4.300000000000e+00	
  47	DIS_NCE	8.150000000000e-02	8.150000000000e+00	5.000000011179e-02	3.844881000000e-01	2.322308124000e-05	8.843226300000e-03	2.300000000000e+00	1.653298830000e-02	4.300000000000e+00	
  48	DIS_NCE	8.150000000000e-02	1.290000000000e+01	7.914110447143e-02	4.115954000000e-01	3.123803288300e-05	9.466694200000e-03	2.300000000000e+00	1.769860220000e-02	4.300000000000e+00	
  49	DIS_NCE	8.150000000000e-02	2.050000000000e+01	1.257668714468e-01	4.235845000000e-01	4.085430144050e-05	9.742443500000e-03	2.300000000000e+00	1.821413350000e-02	4.300000000000e+00	
  50	DIS_NCE	8.150000000000e-02	3.250000000000e+01	1.993865035133e-01	4.162885000000e-01	5.226169086700e-05	9.574635500000e-03	2.300000000000e+00	1.790040550000e-02	4.300000000000e+00	
  51	DIS_NCE	8.150000000000e-02	5.150000000000e+01	3.159509209518e-01	3.976408000000e-01	6.639328909440e-05	9.145738400000e-03	2.300000000000e+00	1.709855440000e-02	4.300000000000e+00	
  52	DIS_NCE	8.150000000000e-02	8.150000000000e+01	5.000000011179e-01	3.818909000000e-01	8.695044767560e-05	8.783490700000e-03	2.300000000000e+00	1.642130870000e-02	4.300000000000e+00	
  53	DIS_NCE	1.290000000000e-01	5.150000000000e+00	1.996124035471e-02	3.401754000000e-01	1.699652368560e-05	7.824034200000e-03	2.300000000000e+00	1.462754220000e-02	4.300000000000e+00	
  54	DIS_NCE	1.290000000000e-01	8.150000000000e+00	3.158914735745e-02	3.572966000000e-01	2.214560056460e-05	8.217821800000e-03	2.300000000000e+00	1.536375380000e-02	4.300000000000e+00	
  55	DIS_NCE	1.290000000000e-01	1.290000000000e+01	5.000000011179e-02	3.791281000000e-01	2.961293763480e-05	8.719946300000e-03	2.300000000000e+00	1.630250830000e-02	4.300000000000e+00	
  56	DIS_NCE	1.290000000000e-01	2.050000000000e+01	7.945736451874e-02	3.926715000000e-01	3.886623239850e-05	9.031444500000e-03	2.300000000000e+00	1.688487450000e-02	4.300000000000e+00	
  57	DIS_NCE	1.290000000000e-01	3.250000000000e+01	1.259689925297e-01	3.896734000000e-01	4.978311489040e-05	8.962488200000e-03	2.300000000000e+00	1.675595620000e-02	4.300000000000e+00	
  58	DIS_NCE	1.290000000000e-01	5.150000000000e+01	1.996124035471e-01	3.717042000000e-01	6.218016539280e-05	8.549196600000e-03	2.300000000000e+00	1.598328060000e-02	4.300000000000e+00	
  59	DIS_NCE	1.290000000000e-01	8.150000000000e+01	3.158914735745e-01	3.501955000000e-01	7.895857938500e-05	8.054496500000e-03	2.300000000000e+00	1.505840650000e-02	4.300000000000e+00	
  60	DIS_NCE	1.290000000000e-01	1.290000000000e+02	5.000000011179e-01	3.385136000000e-01	1.026583113632e-04	7.785812800000e-03	2.300000000000e+00	1.455608480000e-02	4.300000000000e+00	
  61	DIS_NCE	2.050000000000e-01	8.150000000000e+00	1.987804882493e-02	3.198050000000e-01	2.093411549500e-05	7.355515000000e-03	2.300000000000e+00	1.375161500000e-02	4.300000000000e+00	
  62	DIS_NCE	2.050000000000e-01	1.290000000000e+01	3.146341470449e-02	3.320193000000e-01	2.729829482670e-05	7.636443900000e-03	2.300000000000e+00	1.427682990000e-02	4.300000000000e+00	
  63	DIS_NCE	2.050000000000e-01	2.050000000000e+01	5.000000011179e-02	3.434398000000e-01	3.616558469920e-05	7.899115400000e-03	2.300000000000e+00	1.476791140000e-02	4.300000000000e+00	
  64	DIS_NCE	2.050000000000e-01	3.250000000000e+01	7.926829286016e-02	3.437234000000e-01	4.652124357300e-05	7.905638200000e-03	2.300000000000e+00	1.478010620000e-02	4.300000000000e+00	
  65	DIS_NCE	2.050000000000e-01	5.150000000000e+01	1.256097563784e-01	3.296072000000e-01	5.784804124320e-05	7.580965600000e-03	2.300000000000e+00	1.417310960000e-02	4.300000000000e+00	
  66	DIS_NCE	2.050000000000e-01	8.150000000000e+01	1.987804882493e-01	3.069019000000e-01	7.123530691090e-05	7.058743700000e-03	2.300000000000e+00	1.319678170000e-02	4.300000000000e+00	
  67	DIS_NCE	2.050000000000e-01	1.290000000000e+02	3.146341470449e-01	2.874385000000e-01	8.880556176750e-05	6.611085500000e-03	2.300000000000e+00	1.235985550000e-02	4.300000000000e+00	
  68	DIS_NCE	2.050000000000e-01	2.050000000000e+02	5.000000011179e-01	2.810025000000e-01	1.190734043625e-04	6.463057500000e-03	2.300000000000e+00	1.208310750000e-02	4.300000000000e+00	
  69	DIS_NCE	3.250000000000e-01	1.290000000000e+01	1.984615389053e-02	2.454777000000e-01	2.344336582770e-05	5.645987100000e-03	2.300000000000e+00	1.055554110000e-02	4.300000000000e+00	
  70	DIS_NCE	3.250000000000e-01	2.050000000000e+01	3.153846160898e-02	2.491942000000e-01	3.025990090020e-05	5.731466600000e-03	2.300000000000e+00	1.071535060000e-02	4.300000000000e+00	
  71	DIS_NCE	3.250000000000e-01	3.250000000000e+01	5.000000011179e-02	2.492753000000e-01	3.909858152970e-05	5.733331900000e-03	2.300000000000e+00	1.071883790000e-02	4.300000000000e+00	
  72	DIS_NCE	3.250000000000e-01	5.150000000000e+01	7.923076940792e-02	2.399793000000e-01	4.887202442430e-05	5.519523900000e-03	2.300000000000e+00	1.031910990000e-02	4.300000000000e+00	
  73	DIS_NCE	3.250000000000e-01	8.150000000000e+01	1.253846156650e-01	2.223474000000e-01	5.913284633520e-05	5.113990200000e-03	2.300000000000e+00	9.560938200000e-03	4.300000000000e+00	
  74	DIS_NCE	3.250000000000e-01	1.290000000000e+02	1.984615389053e-01	2.028057000000e-01	7.182870879750e-05	4.664531100000e-03	2.300000000000e+00	8.720645100000e-03	4.300000000000e+00	
  75	DIS_NCE	3.250000000000e-01	2.050000000000e+02	3.153846160898e-01	1.896120000000e-01	9.173959473600e-05	4.361076000000e-03	2.300000000000e+00	8.153316000000e-03	4.300000000000e+00	
  76	DIS_NCE	3.250000000000e-01	3.250000000000e+02	5.000000011179e-01	1.875710000000e-01	1.233755755340e-04	4.314133000000e-03	2.300000000000e+00	8.065553000000e-03	4.300000000000e+00	
  77	DIS_NCE	5.150000000000e-01	2.050000000000e+01	1.990291266586e-02	1.060756000000e-01	1.915364678960e-05	2.439738800000e-03	2.300000000000e+00	4.561250800000e-03	4.300000000000e+00	
  78	DIS_NCE	5.150000000000e-01	3.250000000000e+01	3.155339812880e-02	1.034031000000e-01	2.403367232370e-05	2.378271300000e-03	2.300000000000e+00	4.446333300000e-03	4.300000000000e+00	
  79	DIS_NCE	5.150000000000e-01	5.150000000000e+01	5.000000011179e-02	9.845080000000e-02	2.988759541320e-05	2.264368400000e-03	2.300000000000e+00	4.233384400000e-03	4.300000000000e+00	
  80	DIS_NCE	5.150000000000e-01	8.150000000000e+01	7.912621376915e-02	9.023720000000e-02	3.652549191840e-05	2.075455600000e-03	2.300000000000e+00	3.880199600000e-03	4.300000000000e+00	
  81	DIS_NCE	5.150000000000e-01	1.290000000000e+02	1.252427187266e-01	8.023810000000e-02	4.161260199340e-05	1.845476300000e-03	2.300000000000e+00	3.450238300000e-03	4.300000000000e+00	
  82	DIS_NCE	5.150000000000e-01	2.050000000000e+02	1.990291266586e-01	7.151580000000e-02	5.043208397040e-05	1.644863400000e-03	2.300000000000e+00	3.075179400000e-03	4.300000000000e+00	
  83	DIS_NCE	5.150000000000e-01	3.250000000000e+02	3.155339812880e-01	6.660820000000e-02	6.403259412240e-05	1.531988600000e-03	2.300000000000e+00	2.864152600000e-03	4.300000000000e+00	
  84	DIS_NCE	5.150000000000e-01	5.150000000000e+02	5.000000011179e-01	6.622040000000e-02	9.151096406600e-05	1.523069200000e-03	2.300000000000e+00	2.847477200000e-03	4.300000000000e+00	
  85	DIS_NCE	8.150000000000e-01	3.250000000000e+01	1.993865035133e-02	6.746700000000e-03	4.949702961600e-06	1.551741000000e-04	2.300000000000e+00	2.901081000000e-04	4.300000000000e+00	
  86	DIS_NCE	8.150000000000e-01	5.150000000000e+01	3.159509209518e-02	5.934200000000e-03	5.573376903200e-06	1.364866000000e-04	2.300000000000e+00	2.551706000000e-04	4.300000000000e+00	
  87	DIS_NCE	8.150000000000e-01	8.150000000000e+01	5.000000011179e-02	5.147400000000e-03	6.331950572400e-06	1.183902000000e-04	2.300000000000e+00	2.213382000000e-04	4.300000000000e+00	
  88	DIS_NCE	8.150000000000e-01	1.290000000000e+02	7.914110447143e-02	4.350200000000e-03	7.112133279600e-06	1.000546000000e-04	2.300000000000e+00	1.870586000000e-04	4.300000000000e+00	
  89	DIS_NCE	8.150000000000e-01	2.050000000000e+02	1.257668714468e-01	3.635700000000e-03	8.323895157300e-06	8.362110000000e-05	2.300000000000e+00	1.563351000000e-04	4.300000000000e+00	
  90	DIS_NCE	8.150000000000e-01	3.250000000000e+02	1.993865035133e-01	3.124200000000e-03	9.435005895000e-06	7.185660000000e-05	2.300000000000e+00	1.343406000000e-04	4.300000000000e+00	
  91	DIS_NCE	8.150000000000e-01	5.150000000000e+02	3.159509209518e-01	2.859700000000e-03	1.302215869600e-05	6.577310000000e-05	2.300000000000e+00	1.229671000000e-04	4.300000000000e+00	
  92	DIS_NCE	8.150000000000e-01	8.150000000000e+02	5.000000011179e-01	2.827500000000e-03	1.761443999250e-05	6.503250000000e-05	2.300000000000e+00	1.215825000000e-04	4.300000000000e+00	
