EIC_CC_EMP_140_PES	2	89
   1	DIS_CCE	6.783350000000e-03	1.100000000000e+02	8.189988392512e-01	8.428545004068e-01	1.256453966469e-02	1.685709000814e-02	2.000000000000e+00	4.888556102360e-02	5.800000000000e+00	
   2	DIS_CCE	9.581730000000e-03	1.100000000000e+02	5.798071722157e-01	9.342969322844e-01	1.266734634795e-02	1.868593864569e-02	2.000000000000e+00	5.418922207250e-02	5.800000000000e+00	
   3	DIS_CCE	1.353460000000e-02	1.100000000000e+02	4.104706290717e-01	1.011040213354e+00	1.400717378416e-02	2.022080426707e-02	2.000000000000e+00	5.864033237451e-02	5.800000000000e+00	
   4	DIS_CCE	1.911810000000e-02	1.100000000000e+02	2.905914173602e-01	1.022815250452e+00	1.382942701028e-02	2.045630500903e-02	2.000000000000e+00	5.932328452619e-02	5.800000000000e+00	
   5	DIS_CCE	2.700500000000e-02	1.100000000000e+02	2.057232281516e-01	1.007150851300e+00	1.373101031778e-02	2.014301702600e-02	2.000000000000e+00	5.841474937539e-02	5.800000000000e+00	
   6	DIS_CCE	3.814560000000e-02	1.100000000000e+02	1.456408019859e-01	9.675001351274e-01	1.308147037458e-02	1.935000270255e-02	2.000000000000e+00	5.611500783739e-02	5.800000000000e+00	
   7	DIS_CCE	5.388200000000e-02	1.100000000000e+02	1.031059681570e-01	8.893940393843e-01	1.273161824123e-02	1.778788078769e-02	2.000000000000e+00	5.158485428429e-02	5.800000000000e+00	
   8	DIS_CCE	7.611040000000e-02	1.100000000000e+02	7.299338561135e-02	8.628890515348e-01	1.223988485582e-02	1.725778103070e-02	2.000000000000e+00	5.004756498902e-02	5.800000000000e+00	
   9	DIS_CCE	1.075090000000e-01	1.100000000000e+02	5.167526231510e-02	7.992692317560e-01	1.211847203591e-02	1.598538463512e-02	2.000000000000e+00	4.635761544185e-02	5.800000000000e+00	
  10	DIS_CCE	1.518600000000e-01	1.100000000000e+02	3.658340429497e-02	7.390263459858e-01	1.172905707008e-02	1.478052691972e-02	2.000000000000e+00	4.286352806717e-02	5.800000000000e+00	
  11	DIS_CCE	2.145080000000e-01	1.100000000000e+02	2.589906099649e-02	6.253808319759e-01	1.054083631462e-02	1.250761663952e-02	2.000000000000e+00	3.627208825460e-02	5.800000000000e+00	
  12	DIS_CCE	3.030010000000e-01	1.100000000000e+02	1.833510706643e-02	5.092513039210e-01	9.949021858919e-03	1.018502607842e-02	2.000000000000e+00	2.953657562742e-02	5.800000000000e+00	
  13	DIS_CCE	4.280000000000e-01	1.100000000000e+02	1.298027050522e-02	2.942091831513e-01	7.472915010652e-03	5.884183663026e-03	2.000000000000e+00	1.706413262278e-02	5.800000000000e+00	
  14	DIS_CCE	6.045670000000e-01	1.100000000000e+02	9.189313634774e-03	1.015849477119e-01	7.009992259059e-03	2.031698954239e-03	2.000000000000e+00	5.891926967293e-03	5.800000000000e+00	
  15	DIS_CCE	8.539730000000e-01	1.100000000000e+02	6.505540311268e-03	1.154019930953e-02	2.580469399421e-03	2.308039861906e-04	2.000000000000e+00	6.693315599527e-04	5.800000000000e+00	
  16	DIS_CCE	9.581730000000e-03	1.300000000000e+02	6.852266580731e-01	8.921039432370e-01	1.230051035172e-02	1.784207886474e-02	2.000000000000e+00	5.174202870775e-02	5.800000000000e+00	
  17	DIS_CCE	1.353460000000e-02	1.300000000000e+02	4.851016525393e-01	9.778765355850e-01	1.330720948576e-02	1.955753071170e-02	2.000000000000e+00	5.671683906393e-02	5.800000000000e+00	
  18	DIS_CCE	1.911810000000e-02	1.300000000000e+02	3.434262205166e-01	1.021247897465e+00	1.427238412558e-02	2.042495794931e-02	2.000000000000e+00	5.923237805299e-02	5.800000000000e+00	
  19	DIS_CCE	2.700500000000e-02	1.300000000000e+02	2.431274514519e-01	9.607035661421e-01	1.276975274694e-02	1.921407132284e-02	2.000000000000e+00	5.572080683624e-02	5.800000000000e+00	
  20	DIS_CCE	3.814560000000e-02	1.300000000000e+02	1.721209478015e-01	9.410780370027e-01	1.281833910927e-02	1.882156074005e-02	2.000000000000e+00	5.458252614615e-02	5.800000000000e+00	
  21	DIS_CCE	5.388200000000e-02	1.300000000000e+02	1.218525078219e-01	9.292632804063e-01	1.301230207772e-02	1.858526560813e-02	2.000000000000e+00	5.389727026356e-02	5.800000000000e+00	
  22	DIS_CCE	7.611040000000e-02	1.300000000000e+02	8.626491026796e-02	8.736264446133e-01	1.258352694719e-02	1.747252889227e-02	2.000000000000e+00	5.067033378757e-02	5.800000000000e+00	
  23	DIS_CCE	1.075090000000e-01	1.300000000000e+02	6.107076455421e-02	7.816528488840e-01	1.146272595593e-02	1.563305697768e-02	2.000000000000e+00	4.533586523527e-02	5.800000000000e+00	
  24	DIS_CCE	1.518600000000e-01	1.300000000000e+02	4.323493234860e-02	6.864514475375e-01	1.079986463936e-02	1.372902895075e-02	2.000000000000e+00	3.981418395717e-02	5.800000000000e+00	
  25	DIS_CCE	2.145080000000e-01	1.300000000000e+02	3.060798117767e-02	6.213641602503e-01	1.070359278570e-02	1.242728320501e-02	2.000000000000e+00	3.603912129452e-02	5.800000000000e+00	
  26	DIS_CCE	3.030010000000e-01	1.300000000000e+02	2.166876289669e-02	4.741645388963e-01	9.281311102546e-03	9.483290777926e-03	2.000000000000e+00	2.750154325599e-02	5.800000000000e+00	
  27	DIS_CCE	4.280000000000e-01	1.300000000000e+02	1.534031968799e-02	2.790706006358e-01	7.740037760213e-03	5.581412012715e-03	2.000000000000e+00	1.618609483687e-02	5.800000000000e+00	
  28	DIS_CCE	6.045670000000e-01	1.300000000000e+02	1.086009793201e-02	9.080597508897e-02	4.785900604585e-03	1.816119501779e-03	2.000000000000e+00	5.266746555160e-03	5.800000000000e+00	
  29	DIS_CCE	8.539730000000e-01	1.300000000000e+02	7.688365822407e-03	4.930876840551e-03	1.102578600081e-03	9.861753681102e-05	2.000000000000e+00	2.859908567520e-04	5.800000000000e+00	
  30	DIS_CCE	1.353460000000e-02	2.000000000000e+02	7.463102346759e-01	7.720617443867e-01	1.166579879170e-02	1.544123488773e-02	2.000000000000e+00	4.477958117443e-02	5.800000000000e+00	
  31	DIS_CCE	1.911810000000e-02	2.000000000000e+02	5.283480315640e-01	8.722763824640e-01	1.265629802108e-02	1.744552764928e-02	2.000000000000e+00	5.059203018291e-02	5.800000000000e+00	
  32	DIS_CCE	2.700500000000e-02	2.000000000000e+02	3.740422330029e-01	9.026115680502e-01	1.257761760432e-02	1.805223136100e-02	2.000000000000e+00	5.235147094691e-02	5.800000000000e+00	
  33	DIS_CCE	3.814560000000e-02	2.000000000000e+02	2.648014581562e-01	9.276500539271e-01	1.276638798072e-02	1.855300107854e-02	2.000000000000e+00	5.380370312777e-02	5.800000000000e+00	
  34	DIS_CCE	5.388200000000e-02	2.000000000000e+02	1.874653966491e-01	8.939286063745e-01	1.266742810789e-02	1.787857212749e-02	2.000000000000e+00	5.184785916972e-02	5.800000000000e+00	
  35	DIS_CCE	7.611040000000e-02	2.000000000000e+02	1.327152465661e-01	8.417583509399e-01	1.308239512879e-02	1.683516701880e-02	2.000000000000e+00	4.882198435451e-02	5.800000000000e+00	
  36	DIS_CCE	1.075090000000e-01	2.000000000000e+02	9.395502239109e-02	7.813427845842e-01	1.229279321182e-02	1.562685569168e-02	2.000000000000e+00	4.531788150588e-02	5.800000000000e+00	
  37	DIS_CCE	1.518600000000e-01	2.000000000000e+02	6.651528053631e-02	7.379381378745e-01	1.219773816830e-02	1.475876275749e-02	2.000000000000e+00	4.280041199672e-02	5.800000000000e+00	
  38	DIS_CCE	2.145080000000e-01	2.000000000000e+02	4.708920181179e-02	6.044495300594e-01	1.083877601765e-02	1.208899060119e-02	2.000000000000e+00	3.505807274345e-02	5.800000000000e+00	
  39	DIS_CCE	3.030010000000e-01	2.000000000000e+02	3.333655830259e-02	4.635466345856e-01	9.308205998073e-03	9.270932691712e-03	2.000000000000e+00	2.688570480597e-02	5.800000000000e+00	
  40	DIS_CCE	4.280000000000e-01	2.000000000000e+02	2.360049182767e-02	2.822590263168e-01	7.768922517230e-03	5.645180526336e-03	2.000000000000e+00	1.637102352638e-02	5.800000000000e+00	
  41	DIS_CCE	6.045670000000e-01	2.000000000000e+02	1.670784297232e-02	8.046787378304e-02	3.880501457514e-03	1.609357475661e-03	2.000000000000e+00	4.667136679416e-03	5.800000000000e+00	
  42	DIS_CCE	8.539730000000e-01	2.000000000000e+02	1.182825511140e-02	9.699961225476e-03	1.770963536835e-03	1.939992245095e-04	2.000000000000e+00	5.625977510776e-04	5.800000000000e+00	
  43	DIS_CCE	2.700500000000e-02	4.000000000000e+02	7.480844660059e-01	7.438767140696e-01	1.244993121555e-02	1.487753428139e-02	2.000000000000e+00	4.314484941603e-02	5.800000000000e+00	
  44	DIS_CCE	3.814560000000e-02	4.000000000000e+02	5.296029163125e-01	7.758873645217e-01	1.198645908557e-02	1.551774729043e-02	2.000000000000e+00	4.500146714226e-02	5.800000000000e+00	
  45	DIS_CCE	5.388200000000e-02	4.000000000000e+02	3.749307932981e-01	7.656012820568e-01	1.174373584130e-02	1.531202564114e-02	2.000000000000e+00	4.440487435929e-02	5.800000000000e+00	
  46	DIS_CCE	7.611040000000e-02	4.000000000000e+02	2.654304931322e-01	8.054313131751e-01	1.296389995615e-02	1.610862626350e-02	2.000000000000e+00	4.671501616415e-02	5.800000000000e+00	
  47	DIS_CCE	1.075090000000e-01	4.000000000000e+02	1.879100447822e-01	7.439685494779e-01	1.252183090346e-02	1.487937098956e-02	2.000000000000e+00	4.315017586972e-02	5.800000000000e+00	
  48	DIS_CCE	1.518600000000e-01	4.000000000000e+02	1.330305610726e-01	7.011391145368e-01	1.216847094459e-02	1.402278229074e-02	2.000000000000e+00	4.066606864314e-02	5.800000000000e+00	
  49	DIS_CCE	2.145080000000e-01	4.000000000000e+02	9.417840362359e-02	5.772899245984e-01	1.100853147263e-02	1.154579849197e-02	2.000000000000e+00	3.348281562671e-02	5.800000000000e+00	
  50	DIS_CCE	3.030010000000e-01	4.000000000000e+02	6.667311660519e-02	4.328646240332e-01	9.491194787385e-03	8.657292480665e-03	2.000000000000e+00	2.510614819393e-02	5.800000000000e+00	
  51	DIS_CCE	4.280000000000e-01	4.000000000000e+02	4.720098365535e-02	2.514444793493e-01	7.480014436251e-03	5.028889586986e-03	2.000000000000e+00	1.458377980226e-02	5.800000000000e+00	
  52	DIS_CCE	6.045670000000e-01	4.000000000000e+02	3.341568594463e-02	7.281670208822e-02	3.949048274730e-03	1.456334041764e-03	2.000000000000e+00	4.223368721117e-03	5.800000000000e+00	
  53	DIS_CCE	8.539730000000e-01	4.000000000000e+02	2.365651022279e-02	7.047953803658e-03	2.228758686321e-03	1.409590760732e-04	2.000000000000e+00	4.087813206122e-04	5.800000000000e+00	
  54	DIS_CCE	5.388200000000e-02	7.000000000000e+02	6.561288882717e-01	6.951661483751e-01	1.269195061149e-02	1.390332296750e-02	2.000000000000e+00	4.031963660575e-02	5.800000000000e+00	
  55	DIS_CCE	7.611040000000e-02	7.000000000000e+02	4.645033629813e-01	6.931580963311e-01	1.300687001442e-02	1.386316192662e-02	2.000000000000e+00	4.020316958720e-02	5.800000000000e+00	
  56	DIS_CCE	1.075090000000e-01	7.000000000000e+02	3.288425783688e-01	7.127825963436e-01	1.321327666017e-02	1.425565192687e-02	2.000000000000e+00	4.134139058793e-02	5.800000000000e+00	
  57	DIS_CCE	1.518600000000e-01	7.000000000000e+02	2.328034818771e-01	6.617599346607e-01	1.278296583803e-02	1.323519869321e-02	2.000000000000e+00	3.838207621032e-02	5.800000000000e+00	
  58	DIS_CCE	2.145080000000e-01	7.000000000000e+02	1.648122063413e-01	5.464892144890e-01	1.106335637284e-02	1.092978428978e-02	2.000000000000e+00	3.169637444036e-02	5.800000000000e+00	
  59	DIS_CCE	3.030010000000e-01	7.000000000000e+02	1.166779540591e-01	4.228055839946e-01	1.070479440838e-02	8.456111679893e-03	2.000000000000e+00	2.452272387169e-02	5.800000000000e+00	
  60	DIS_CCE	4.280000000000e-01	7.000000000000e+02	8.260172139686e-02	2.441681696608e-01	7.607992918410e-03	4.883363393215e-03	2.000000000000e+00	1.416175384032e-02	5.800000000000e+00	
  61	DIS_CCE	6.045670000000e-01	7.000000000000e+02	5.847745040311e-02	7.162765754038e-02	4.359099890172e-03	1.432553150808e-03	2.000000000000e+00	4.154404137342e-03	5.800000000000e+00	
  62	DIS_CCE	8.539730000000e-01	7.000000000000e+02	4.139889288989e-02	3.603226968140e-03	1.139440414587e-03	7.206453936280e-05	2.000000000000e+00	2.089871641521e-04	5.800000000000e+00	
  63	DIS_CCE	7.611040000000e-02	1.000000000000e+03	6.635762328305e-01	6.330951478712e-01	1.236852976403e-02	1.266190295742e-02	2.000000000000e+00	3.671951857653e-02	5.800000000000e+00	
  64	DIS_CCE	1.075090000000e-01	1.000000000000e+03	4.697751119555e-01	6.955905803342e-01	1.314543825559e-02	1.391181160668e-02	2.000000000000e+00	4.034425365938e-02	5.800000000000e+00	
  65	DIS_CCE	1.518600000000e-01	1.000000000000e+03	3.325764026816e-01	6.508760048948e-01	1.299159674128e-02	1.301752009790e-02	2.000000000000e+00	3.775080828390e-02	5.800000000000e+00	
  66	DIS_CCE	2.145080000000e-01	1.000000000000e+03	2.354460090590e-01	5.451164701396e-01	1.090235666159e-02	1.090232940279e-02	2.000000000000e+00	3.161675526810e-02	5.800000000000e+00	
  67	DIS_CCE	3.030010000000e-01	1.000000000000e+03	1.666827915130e-01	4.112110752992e-01	1.021661139160e-02	8.224221505985e-03	2.000000000000e+00	2.385024236736e-02	5.800000000000e+00	
  68	DIS_CCE	4.280000000000e-01	1.000000000000e+03	1.180024591384e-01	2.378346862487e-01	8.408712150680e-03	4.756693724974e-03	2.000000000000e+00	1.379441180242e-02	5.800000000000e+00	
  69	DIS_CCE	6.045670000000e-01	1.000000000000e+03	8.353921486158e-02	6.509213398595e-02	4.992331985363e-03	1.301842679719e-03	2.000000000000e+00	3.775343771185e-03	5.800000000000e+00	
  70	DIS_CCE	8.539730000000e-01	1.000000000000e+03	5.914127555698e-02	5.372456464064e-03	1.698919905654e-03	1.074491292813e-04	2.000000000000e+00	3.116024749157e-04	5.800000000000e+00	
  71	DIS_CCE	1.075090000000e-01	1.400000000000e+03	6.576851567377e-01	6.368405259349e-01	4.343219015834e-03	1.273681051870e-02	2.000000000000e+00	3.693675050423e-02	5.800000000000e+00	
  72	DIS_CCE	1.518600000000e-01	1.400000000000e+03	4.656069637542e-01	6.044796436886e-01	4.183273932180e-03	1.208959287377e-02	2.000000000000e+00	3.505981933394e-02	5.800000000000e+00	
  73	DIS_CCE	2.145080000000e-01	1.400000000000e+03	3.296244126826e-01	5.367270034636e-01	3.931266267280e-03	1.073454006927e-02	2.000000000000e+00	3.113016620089e-02	5.800000000000e+00	
  74	DIS_CCE	3.030010000000e-01	1.400000000000e+03	2.333559081182e-01	3.958618088710e-01	3.440322008156e-03	7.917236177420e-03	2.000000000000e+00	2.295998491452e-02	5.800000000000e+00	
  75	DIS_CCE	4.280000000000e-01	1.400000000000e+03	1.652034427937e-01	2.100334330943e-01	2.406088901768e-03	4.200668661886e-03	2.000000000000e+00	1.218193911947e-02	5.800000000000e+00	
  76	DIS_CCE	6.045670000000e-01	1.400000000000e+03	1.169549008062e-01	6.517393586157e-02	1.453703082413e-03	1.303478717231e-03	2.000000000000e+00	3.780088279971e-03	5.800000000000e+00	
  77	DIS_CCE	8.539730000000e-01	1.400000000000e+03	8.279778577977e-02	4.264017301229e-03	4.494665967667e-04	8.528034602458e-05	2.000000000000e+00	2.473130034713e-04	5.800000000000e+00	
  78	DIS_CCE	2.145080000000e-01	3.000000000000e+03	7.063380271769e-01	4.763608786161e-01	4.471340054543e-03	9.527217572322e-03	2.000000000000e+00	2.762893095973e-02	5.800000000000e+00	
  79	DIS_CCE	3.030010000000e-01	3.000000000000e+03	5.000483745389e-01	3.770407282198e-01	4.003377507515e-03	7.540814564397e-03	2.000000000000e+00	2.186836223675e-02	5.800000000000e+00	
  80	DIS_CCE	4.280000000000e-01	3.000000000000e+03	3.540073774151e-01	2.052802408173e-01	2.929589816004e-03	4.105604816346e-03	2.000000000000e+00	1.190625396740e-02	5.800000000000e+00	
  81	DIS_CCE	6.045670000000e-01	3.000000000000e+03	2.506176445847e-01	5.847269166687e-02	1.597353924990e-03	1.169453833337e-03	2.000000000000e+00	3.391416116678e-03	5.800000000000e+00	
  82	DIS_CCE	8.539730000000e-01	3.000000000000e+03	1.774238266709e-01	3.624556137065e-03	3.820615153806e-04	7.249112274130e-05	2.000000000000e+00	2.102242559498e-04	5.800000000000e+00	
  83	DIS_CCE	3.030010000000e-01	5.000000000000e+03	8.334139575648e-01	3.587273762946e-01	3.995732382821e-03	7.174547525891e-03	2.000000000000e+00	2.080618782508e-02	5.800000000000e+00	
  84	DIS_CCE	4.280000000000e-01	5.000000000000e+03	5.900122956918e-01	1.944130904320e-01	2.415102759452e-03	3.888261808641e-03	2.000000000000e+00	1.127595924506e-02	5.800000000000e+00	
  85	DIS_CCE	6.045670000000e-01	5.000000000000e+03	4.176960743079e-01	5.377006406550e-02	1.421910440826e-03	1.075401281310e-03	2.000000000000e+00	3.118663715799e-03	5.800000000000e+00	
  86	DIS_CCE	8.539730000000e-01	5.000000000000e+03	2.957063777849e-01	2.954571376678e-03	4.671587529921e-04	5.909142753356e-05	2.000000000000e+00	1.713651398473e-04	5.800000000000e+00	
  87	DIS_CCE	4.280000000000e-01	9.000000000000e+03	1.062022132245e+00	1.889812061829e-01	4.879471037271e-03	3.779624123658e-03	2.000000000000e+00	1.096090995861e-02	5.800000000000e+00	
  88	DIS_CCE	6.045670000000e-01	9.000000000000e+03	7.518529337542e-01	5.140501024695e-02	8.306277335007e-04	1.028100204939e-03	2.000000000000e+00	2.981490594323e-03	5.800000000000e+00	
  89	DIS_CCE	8.539730000000e-01	9.000000000000e+03	5.322714800128e-01	2.825849364973e-03	1.950023004548e-04	5.651698729946e-05	2.000000000000e+00	1.638992631684e-04	5.800000000000e+00	
