7.560082000000000304e-04 8.498639999999999528e-01 5.017725000000000435e+00 3.934856955698834327e+02 2.567950942460851707e+02 9.266341844759998780e-01
1.079141999999999949e-03 7.937914999999999832e-01 5.432854999999999990e+00 3.753580884909646187e+01 8.050901027631954321e+01 1.136210375164000030e+00
1.523976000000000020e-03 7.328886000000000012e-01 5.565224999999999866e+00 8.077804164873278125e+01 2.994075085584542251e+01 9.798271200000000514e-01
1.591523999999999977e-03 7.701335999999999737e-01 1.037062000000000062e+01 1.991886008436229361e+02 1.988460313909062904e+02 2.310829500000000092e+00
2.064185999999999972e-03 7.030254999999999699e-01 5.744693999999999967e+00 1.748030600875456697e+00 1.440655459893829615e+01 4.080583820019999947e-02
2.140580999999999907e-03 8.057490999999999959e-01 1.271030999999999977e+01 4.371740826277886072e+01 5.676157607426335971e+01 7.073019896669999751e-01
2.907261999999999867e-03 6.284450000000000314e-01 5.835423999999999722e+00 1.129588408904518637e+01 6.528347908112097642e+00 1.217418628664999891e-02
2.905178000000000014e-03 7.912103000000000330e-01 1.317399999999999949e+01 3.688558576080465112e+00 1.821939381502279431e+01 3.029504022480000169e-01
3.923575000000000326e-03 6.328150999999999637e-01 6.091585000000000250e+00 3.152871305978332650e+00 3.076482517941326655e+00 1.452937645068000105e-01
3.988303999999999808e-03 7.337508000000000363e-01 1.428961999999999932e+01 7.869339915213178216e+00 6.836419534992274727e+00 9.935913571740000172e-02
5.327029999999999960e-03 5.491399000000000141e-01 6.193213000000000079e+00 1.392153060202399040e-01 1.845987268637380163e+00 4.560878259630000292e-02
5.389698000000000058e-03 7.122964999999999991e-01 1.607007000000000119e+01 3.949877547830888957e-01 3.280760581129609221e+00 4.558413748999999571e-02
7.467604000000000082e-03 4.847755000000000258e-01 6.342908999999999686e+00 4.175921685571073461e-01 1.033913803632094730e+00 1.729268628318000184e-02
7.531094999999999803e-03 6.804620000000000113e-01 1.782735999999999876e+01 2.977154889387317871e-01 1.447137193022020485e+00 3.412714144720999793e-02
1.014761999999999956e-02 4.329773000000000094e-01 6.471280000000000143e+00 1.042008008232177652e+00 5.676122522068690612e-01 4.851651581908000138e-02
1.024654000000000016e-02 6.413936000000000082e-01 1.971496000000000137e+01 2.943778250500583282e-01 6.739145911371053899e-01 3.977799889900000656e-03
1.386797000000000030e-02 3.838082999999999911e-01 6.505374999999999908e+00 3.830594691282290798e-01 3.527591653630024471e-01 2.419120816415000139e-02
1.397499999999999958e-02 6.182417999999999525e-01 2.232853000000000065e+01 2.050318899990558330e-01 3.593159908587207907e-01 1.064955783527999885e-03
1.475729999999999924e-02 9.139768999999999810e-01 1.074671000000000021e+02 3.313471442560260272e+00 8.164418242309887219e+00 1.972413682915999944e-01
1.915659999999999932e-02 3.407501000000000002e-01 6.576490999999999865e+00 3.339590287433941151e-01 2.334840043476538174e-01 1.972252136150000335e-02
1.933678000000000133e-02 5.806746999999999881e-01 2.494021000000000043e+01 6.049970971802799413e-01 2.069677359481976175e-01 3.781234422000000206e-02
1.991980000000000139e-02 8.447928000000000104e-01 1.193686000000000007e+02 3.080392901178750642e-01 2.088318896691658377e+00 5.078043108899999575e-02
2.624125000000000069e-02 2.886703999999999937e-01 6.676680000000000170e+00 2.350098806929966644e-01 1.381373925183713991e-01 9.887255706029999397e-03
2.645277000000000045e-02 5.480530999999999597e-01 2.807300000000000040e+01 1.113189972156587715e-01 1.029867864403054695e-01 6.503560111500000232e-04
2.695393999999999915e-02 7.964544000000000068e-01 1.286022000000000105e+02 4.642568411497859371e-01 6.196754429570555667e-01 2.542823582609999786e-03
3.585971999999999771e-02 2.521983999999999893e-01 6.733247000000000426e+00 2.076165636542232629e-01 8.734377566409341764e-02 1.219043930804999953e-02
3.607123000000000274e-02 5.112459000000000309e-01 3.083163000000000054e+01 1.997924853019697466e-01 5.838605927552140140e-02 4.666390889670000292e-03
3.678734000000000171e-02 7.598738999999999910e-01 1.393177000000000021e+02 9.372730536327940343e-02 2.329573304634941222e-01 6.038200726800000036e-03
4.941804999999999809e-02 2.152669999999999861e-01 6.750665999999999833e+00 1.185657714537695501e-01 6.225173157067572655e-02 6.312985903760000121e-03
4.966203000000000284e-02 4.741182999999999925e-01 3.379234000000000293e+01 6.556937124533845918e-02 3.615096262446610559e-02 1.329759089579999991e-02
5.043732000000000076e-02 7.235255999999999910e-01 1.500641999999999996e+02 2.037415769805909771e-01 1.084716987319573750e-01 7.292117619990000181e-03
6.794247999999999954e-02 1.758871999999999935e-01 6.802940000000000431e+00 8.831174931325169730e-02 3.812780968287780153e-02 3.193559435736000127e-03
6.837840000000000584e-02 4.320086000000000204e-01 3.647052000000000049e+01 8.133244579464485313e-02 1.992904475853854787e-02 1.142810932161000045e-03
6.946644999999999903e-02 6.898819000000000479e-01 1.657075000000000102e+02 1.447106795785942923e-01 4.373225702554582595e-02 1.821764347416000179e-04
9.294336000000000264e-02 1.413726999999999900e-01 6.836341000000000001e+00 8.628593282459401381e-02 2.474464284940153247e-02 5.247337438667999850e-03
9.332777000000000434e-02 3.895389000000000213e-01 3.871276999999999902e+01 6.472924081791636697e-02 1.147440323362810578e-02 2.425404999905000306e-03
9.441972999999999339e-02 6.578247000000000400e-01 1.800574000000000012e+02 4.579620076260990102e-02 2.060185223218667649e-02 2.264113429819999794e-03
1.260272000000000059e-01 1.245441000000000048e-01 7.273371000000000031e+00 6.828019902235492322e-02 1.986867642142392185e-02 1.890075396542000149e-03
1.275886999999999993e-01 3.499603000000000019e-01 4.080801999999999907e+01 2.716158920485520906e-02 7.735493108928863729e-03 2.930313244949999882e-03
1.288017999999999941e-01 6.254878999999999856e-01 2.019376000000000033e+02 1.947736624261198549e-02 1.129821355750062692e-02 2.435879079916000202e-03
1.387893000000000043e-01 9.063835000000000086e-01 1.127170000000000073e+03 4.369464367768499669e-02 2.965904536633128252e-01 1.625242026033999875e-03
1.729719000000000118e-01 1.060621000000000064e-01 8.194653999999999883e+00 3.297275281798898311e-02 1.610611228160029745e-02 9.679338183599999954e-06
1.765391000000000044e-01 3.057112000000000163e-01 4.267690000000000339e+01 1.444026487029420949e-02 4.394021368301748165e-03 8.022970544400000268e-05
1.782846999999999904e-01 5.954962999999999784e-01 2.278906000000000063e+02 1.721163962611563236e-02 5.145866647553263423e-03 5.166768617219999742e-05
1.855854000000000115e-01 8.526327000000000211e-01 1.165913999999999987e+03 3.368139732642109335e-02 5.168031872928063181e-02 5.674408342400000531e-05
2.239352000000000009e-01 9.540961000000000580e-02 9.185231999999999175e+00 4.640354300186148861e-02 1.947337047618593817e-02 1.514181069647999901e-03
2.410904000000000102e-01 2.652010000000000201e-01 4.434913000000000238e+01 1.755940104126854293e-02 2.439961750404771781e-03 1.462317821899999969e-03
2.428537000000000057e-01 5.639539999999999553e-01 2.547817000000000007e+02 1.623623229771296167e-02 2.392832208607509857e-03 1.038350460700000017e-03
2.484756999999999938e-01 8.108594000000000079e-01 1.251413000000000011e+03 7.417078827057915769e-03 1.395491930241577611e-02 1.178118824539999996e-03
3.243361000000000161e-01 2.322919999999999985e-01 4.693782000000000210e+01 6.301119852720323163e-03 1.561623939733757871e-03 2.080390709357999906e-04
3.264429999999999832e-01 5.274748000000000214e-01 2.780679999999999836e+02 6.676635292324490344e-03 1.272972740903430657e-03 3.185393049401999974e-04
3.310382000000000047e-01 7.654691000000000134e-01 1.319386999999999944e+03 1.225391957676335089e-02 5.082354197615436900e-03 3.151292409408000105e-04
4.544615000000000182e-01 1.961852000000000040e-01 5.131251000000000317e+01 2.909275774776371327e-03 6.910565417329049597e-04 6.712936088849999266e-05
4.587744999999999740e-01 4.812574000000000018e-01 3.083324999999999818e+02 1.581826743666894710e-03 4.333678893213750456e-04 6.648491963539999983e-05
4.661010999999999904e-01 7.245489000000000512e-01 1.419015000000000100e+03 6.799289213417186294e-04 1.055343717215885243e-03 4.648972391359999368e-06
6.193062000000000289e-01 1.636884000000000117e-01 5.622581000000000273e+01 9.320089063558341467e-04 1.645181577443860477e-04 1.254450052245000208e-04
6.248905999999999628e-01 4.301154999999999839e-01 3.338604000000000269e+02 5.836663093169353923e-04 7.323358997042149661e-05 6.252403126240000351e-05
6.338548999999999989e-01 6.885883000000000420e-01 1.533118999999999915e+03 4.103205164476849526e-04 1.161703221092747396e-04 2.430204488789999907e-05
8.168938000000000033e-01 1.385607000000000089e-01 6.150442000000000320e+01 5.098794806805603255e-05 1.424297224714778402e-05 6.413620057760000426e-06
8.229165000000000507e-01 3.819729000000000041e-01 3.563879000000000019e+02 1.354722346685683976e-05 3.824066180173110747e-06 1.874196775125000081e-06
8.303089000000000164e-01 6.540483999999999742e-01 1.641413999999999987e+03 1.177092320514792121e-05 3.869107777923434139e-06 3.734311976279999982e-07
