   36.00000000    0.00200000 2571.42846680    9.38648224    0.02733776    0.01686996    0.03212396
   36.00000000    0.00600000  857.14288330    9.34648132    0.02702605    0.01216227    0.02963660
   36.00000000    0.01000000  514.28570557    9.11548710    0.02689291    0.01098446    0.02904973
   36.00000000    0.01400000  367.34692383    8.90845490    0.02598135    0.01079759    0.02813572
   36.00000000    0.01800000  285.71432495    8.60730267    0.02595542    0.01050630    0.02800118
   36.00000000    0.02200000  233.76623535    8.19572163    0.02534285    0.00963877    0.02711394
   36.00000000    0.02650000  194.07008362    7.83993435    0.02262106    0.00920572    0.02442248
   36.00000000    0.03150000  163.26530457    7.40740156    0.02149049    0.00875466    0.02320528
   36.00000000    0.03650000  140.90020752    6.90254498    0.02114243    0.00803117    0.02261641
   36.00000000    0.04200000  122.44898224    6.39603758    0.01823513    0.00753135    0.01972920
   36.00000000    0.04800000  107.14286041    5.87488890    0.01726924    0.00698250    0.01862745
   36.00000000    0.05400000   95.23809052    5.43752241    0.01650153    0.00635557    0.01768315
   36.00000000    0.06050000   85.00590515    4.95668221    0.01469767    0.00623847    0.01596684
   36.00000000    0.06800000   75.63024902    4.50684166    0.01327675    0.00559515    0.01440756
   36.00000000    0.07650000   67.22689056    3.98771787    0.01174226    0.00498871    0.01275805
   36.00000000    0.08600000   59.80066299    3.56119990    0.01043294    0.00454208    0.01137878
   36.00000000    0.09650000   53.29385376    3.13752365    0.00926324    0.00392486    0.01006042
   36.00000000    0.10800000   47.61904526    2.75660062    0.00827633    0.00348373    0.00897964
   36.00000000    0.12100000   42.50295258    2.37096334    0.00720792    0.00267346    0.00768775
   36.00000000    0.13650000   37.67660904    2.01748443    0.00590184    0.00230922    0.00633752
   36.00000000    0.15500000   33.17972183    1.68658817    0.00500554    0.00195905    0.00537525
   36.00000000    0.17700000   29.05569077    1.38430464    0.00418100    0.00159595    0.00447525
   36.00000000    0.20400000   25.21008492    1.10068977    0.00332839    0.00135261    0.00359273
   36.00000000    0.23850000   21.56334305    0.84939712    0.00254211    0.00108065    0.00276226
   36.00000000    0.28500000   18.04511261    0.61381972    0.00184076    0.00116099    0.00217630
   36.00000000    0.35150000   14.63117218    0.40953621    0.00128031    0.00080628    0.00151304
   36.00000000    0.45750001   11.24121761    0.23923093    0.00075122    0.00048855    0.00089611
   36.00000000    0.60949999    8.43782997    0.12479293    0.00047873    0.00027915    0.00055417
   36.00000000    0.80650002    6.37676001    0.06311824    0.00030036    0.00016134    0.00034095
   36.00000000    1.03550005    4.96654463    0.03310802    0.00020850    0.00009655    0.00022977
   36.00000000    1.32449996    3.88286710    0.01749845    0.00012475    0.00006418    0.00014029
   36.00000000    1.72150004    2.98742795    0.00878757    0.00007681    0.00003320    0.00008368
   36.00000000    2.23449993    2.30156970    0.00445748    0.00004860    0.00001951    0.00005237
   36.00000000    2.89949989    1.77370489    0.00232418    0.00003054    0.00001042    0.00003227
   36.00000000    4.13850021    1.24268615    0.00102224    0.00001343    0.00000485    0.00001428
   36.00000000    7.50000000    0.68571430    0.00030295    0.00000440    0.00000150    0.00000465
