*  Total number of systematic sources *
   99
   20 99 99     1     0.000   1  2  3  4  5  6  7  8  9 10 11 12 13 14 15 16 17 18 19 20 21 22 23 24 25 26 27 28 29 30 31 32 33 34 35 36 37 38 39 40 41 42 43 44 45 46 47 48 49 50 51 52 53 54 55 56 57 58 59 60 61 62 63 64 65 66 67 68 69 70 71 72 73 74 75 76 77 78 79 80 81 82 83 84 85 86 87 88 89 90 91 92 93 94 95 96 97 98 99
 0.1000000E+01 0.2857143E+01 0.2000000E+02 0.6548035E+00 0.5207903E-02 0.2196861E-02 0.3584075E-01
 -2.0185  0.9439 -0.0004 -0.0485  0.3841 -0.4940 -0.1418 -0.1186 -0.0723  0.1015  0.0099  0.0000 -0.0000 -0.0000 -0.0000  0.0000 -0.0000  0.0000 -0.0000  0.0000  0.0000 -0.0000 -0.0000 -0.0000  0.0000 -0.0000  0.0000 -0.0000 -0.0000 -0.0000 -0.0000 -0.0000 -0.0000 -0.0000 -0.0000 -0.0000 -0.0000 -0.0000 -0.0000 -0.0000 -0.0000 -0.0000 -0.0000 -0.0000 -0.0000 -0.0000 -0.0000 -0.0000 -0.0000 -0.0000 -0.0000 -0.0000 -0.0000 -0.0000 -0.0000 -0.0000 -0.0000 -0.0000 -0.0000 -0.0000  0.0000  0.0000  0.0000  0.0000 -0.0000  0.0000 -0.0055  0.0235  0.0004  0.0291  0.0019  0.1007  0.2264  0.0998 -0.1586  0.0661 -0.2786 -0.2772  3.0902 -0.5858  0.3246  0.1812 -0.8345  0.7823 -0.9222  0.9351 -0.3834  0.9550  1.0712 -1.4853 -0.9242 -2.0374  0.5584  0.5532  0.5777  0.0209  0.0742  0.3083 -0.1189
 0.3000000E+01 0.9523810E+00 0.2000000E+02 0.1230509E+01 0.6963037E-02 0.3254499E-02 0.2208016E-01
 -0.4936  0.3312 -0.1961  0.0920  0.0646 -0.0399  0.0288 -0.0249  0.0442 -0.0192 -0.0356 -0.0000 -0.0000  0.0000 -0.0000  0.0000 -0.0000  0.0000 -0.0000 -0.0000  0.0000 -0.0000 -0.0000  0.0000 -0.0000  0.0000  0.0000 -0.0000 -0.0000 -0.0000 -0.0000 -0.0000 -0.0000 -0.0000 -0.0000 -0.0000 -0.0000 -0.0000 -0.0000 -0.0000 -0.0000 -0.0000 -0.0000 -0.0000 -0.0000 -0.0000 -0.0000 -0.0000 -0.0000 -0.0000 -0.0000 -0.0000 -0.0000 -0.0000 -0.0000 -0.0000 -0.0000 -0.0000 -0.0000 -0.0000  0.0000  0.0000  0.0000  0.0000  0.0000  0.0000 -0.0033  0.0007  0.0138 -0.0200 -0.0388 -0.0157  0.0345 -0.1001  0.0313  0.0664 -0.0204  0.0642  1.0767 -0.2777  0.1453  0.1715 -0.3601  0.0947 -0.2205 -0.2527  0.2182  0.2785  0.3990 -0.3228  0.0761 -0.3291  0.2823 -0.0554  0.2869 -0.2795  0.0969  0.2951 -0.1214
 0.5000000E+01 0.5714286E+00 0.2000000E+02 0.1115986E+01 0.6586911E-02 0.2959218E-02 0.1829548E-01
 -0.3639  0.2906 -0.1999  0.1739  0.1023  0.0828  0.0426 -0.0218  0.0540 -0.0360 -0.0299 -0.0000  0.0000  0.0000 -0.0000  0.0000 -0.0000  0.0000  0.0000 -0.0000  0.0000 -0.0000 -0.0000  0.0000 -0.0000  0.0000 -0.0000 -0.0000 -0.0000 -0.0000 -0.0000 -0.0000 -0.0000 -0.0000 -0.0000 -0.0000 -0.0000 -0.0000 -0.0000 -0.0000 -0.0000 -0.0000 -0.0000 -0.0000 -0.0000 -0.0000 -0.0000 -0.0000 -0.0000 -0.0000 -0.0000 -0.0000 -0.0000 -0.0000 -0.0000 -0.0000 -0.0000 -0.0000  0.0000 -0.0000  0.0000  0.0000  0.0000  0.0000  0.0000  0.0000 -0.0027 -0.0052  0.0195 -0.0080 -0.0546  0.0473 -0.0263 -0.1012  0.0628 -0.0130 -0.0433  0.1707  0.9471 -0.3158  0.1855  0.0574 -0.1040 -0.0102 -0.1926 -0.2777  0.1502  0.2597  0.1482 -0.2033  0.3379 -0.2006  0.1437 -0.2906  0.2148 -0.4043  0.0852  0.3206 -0.1156
 0.7000000E+01 0.4081633E+00 0.2000000E+02 0.8865556E+00 0.5722311E-02 0.2416466E-02 0.1489034E-01
 -0.2285  0.3578 -0.3495  0.0662  0.1270  0.0124  0.0090 -0.0031  0.0183 -0.0140 -0.0024 -0.0000 -0.0000  0.0000 -0.0000  0.0000 -0.0000  0.0000 -0.0000 -0.0000  0.0000 -0.0000 -0.0000  0.0000 -0.0000  0.0000 -0.0000 -0.0000 -0.0000 -0.0000 -0.0000 -0.0000 -0.0000 -0.0000 -0.0000 -0.0000 -0.0000 -0.0000 -0.0000 -0.0000 -0.0000 -0.0000 -0.0000 -0.0000 -0.0000 -0.0000 -0.0000 -0.0000 -0.0000 -0.0000 -0.0000 -0.0000 -0.0000 -0.0000 -0.0000 -0.0000 -0.0000 -0.0000 -0.0000 -0.0000 -0.0000  0.0000  0.0000  0.0000  0.0000  0.0000 -0.0014  0.0045  0.0158 -0.0208 -0.0467  0.0652  0.0146 -0.1225  0.0717  0.0089 -0.0665  0.2241  0.8188 -0.3145  0.0938  0.0440 -0.1161 -0.1283 -0.1446 -0.2153  0.0105  0.2816  0.1213 -0.1530  0.5503 -0.2367  0.1512 -0.2869  0.3624 -0.4207 -0.0018  0.3783 -0.1178
 0.9000000E+01 0.3174603E+00 0.2000000E+02 0.6562563E+00 0.4938393E-02 0.2132739E-02 0.1219682E-01
 -0.2155  0.4302 -0.3784  0.0209  0.1176 -0.0378  0.0567  0.0209  0.0226  0.0289 -0.0563 -0.0000 -0.0000 -0.0000 -0.0000  0.0000 -0.0000  0.0000 -0.0000  0.0000  0.0000  0.0000 -0.0000  0.0000  0.0000  0.0000  0.0000 -0.0000 -0.0000 -0.0000 -0.0000 -0.0000 -0.0000 -0.0000 -0.0000 -0.0000 -0.0000 -0.0000 -0.0000 -0.0000 -0.0000 -0.0000 -0.0000 -0.0000 -0.0000 -0.0000 -0.0000 -0.0000 -0.0000 -0.0000 -0.0000 -0.0000 -0.0000 -0.0000 -0.0000 -0.0000 -0.0000 -0.0000  0.0000 -0.0000 -0.0000  0.0000  0.0000  0.0000  0.0000  0.0000 -0.0055 -0.0071  0.0095 -0.0300 -0.0159  0.0328  0.0469 -0.2265  0.0526 -0.0116 -0.1171  0.2191  0.7652 -0.3439  0.1019  0.0662 -0.1242 -0.2293  0.0026 -0.1727 -0.1406  0.2734  0.2197 -0.0657  0.5252 -0.2822  0.4852 -0.2848  0.4132 -0.5050 -0.1153  0.4167 -0.1228
 0.1150000E+02 0.2484472E+00 0.2000000E+02 0.4806379E+00 0.3080776E-02 0.1302463E-02 0.8503476E-02
 -0.2096  0.3894 -0.3682  0.0820  0.1384  0.0250  0.0118  0.0164  0.0297 -0.0077 -0.0132 -0.0000  0.0000  0.0000 -0.0000 -0.0000  0.0000  0.0000  0.0000 -0.0000  0.0000  0.0000  0.0000  0.0000 -0.0000  0.0000 -0.0000 -0.0000 -0.0000 -0.0000 -0.0000 -0.0000 -0.0000 -0.0000 -0.0000 -0.0000 -0.0000 -0.0000 -0.0000 -0.0000 -0.0000 -0.0000 -0.0000 -0.0000 -0.0000 -0.0000 -0.0000 -0.0000 -0.0000 -0.0000 -0.0000 -0.0000 -0.0000 -0.0000 -0.0000 -0.0000 -0.0000 -0.0000  0.0000  0.0000 -0.0000  0.0000  0.0000  0.0000  0.0000 -0.0000 -0.0002 -0.0020  0.0154 -0.0185 -0.0381  0.0811 -0.0052 -0.1631  0.0662 -0.0277 -0.0994  0.2671  0.7913 -0.3521  0.1074  0.0374 -0.0183 -0.1987 -0.0806 -0.1706 -0.0742  0.2687  0.0658 -0.0771  0.6634 -0.2095  0.1738 -0.3874  0.3892 -0.5046 -0.0805  0.3857 -0.1138
 0.1450000E+02 0.1970443E+00 0.2000000E+02 0.3241455E+00 0.2410635E-02 0.1063876E-02 0.5922763E-02
 -0.2338  0.3748 -0.3169  0.0906  0.1431  0.0048  0.0441  0.0065  0.0299  0.0059 -0.0225 -0.0000  0.0000  0.0000 -0.0000 -0.0000 -0.0000  0.0000  0.0000 -0.0000  0.0000  0.0000 -0.0000  0.0000 -0.0000  0.0000 -0.0000 -0.0000 -0.0000 -0.0000 -0.0000 -0.0000 -0.0000 -0.0000 -0.0000 -0.0000 -0.0000 -0.0000 -0.0000 -0.0000 -0.0000 -0.0000 -0.0000 -0.0000 -0.0000 -0.0000 -0.0000 -0.0000 -0.0000 -0.0000 -0.0000 -0.0000 -0.0000 -0.0000 -0.0000 -0.0000 -0.0000 -0.0000  0.0000 -0.0000 -0.0000  0.0000  0.0000  0.0000  0.0000  0.0000 -0.0008 -0.0004  0.0199 -0.0178 -0.0342  0.0671  0.0084 -0.1996  0.0510 -0.0449 -0.1130  0.2594  0.7961 -0.3530  0.1611  0.0089  0.0267 -0.2260 -0.0618 -0.1586 -0.0971  0.2602  0.1532 -0.0699  0.6559 -0.0522  0.3403 -0.4345  0.3814 -0.4707 -0.0531  0.3609 -0.1040
 0.1800000E+02 0.1587302E+00 0.2000000E+02 0.2202282E+00 0.1567781E-02 0.6289029E-03 0.3713094E-02
 -0.1221  0.2893 -0.3152  0.0697  0.1237  0.0309  0.0517  0.0136  0.0327  0.0018 -0.0366 -0.0000  0.0000  0.0000 -0.0000  0.0000 -0.0000  0.0000  0.0000 -0.0000  0.0000  0.0000 -0.0000  0.0000 -0.0000  0.0000 -0.0000 -0.0000 -0.0000 -0.0000 -0.0000 -0.0000 -0.0000 -0.0000 -0.0000 -0.0000 -0.0000 -0.0000 -0.0000 -0.0000 -0.0000 -0.0000 -0.0000 -0.0000 -0.0000 -0.0000 -0.0000 -0.0000 -0.0000 -0.0000 -0.0000 -0.0000 -0.0000 -0.0000 -0.0000 -0.0000 -0.0000 -0.0000  0.0000 -0.0000 -0.0000  0.0000  0.0000 -0.0000  0.0000  0.0000 -0.0030 -0.0082  0.0182 -0.0122 -0.0317  0.0596 -0.0042 -0.1883  0.0752 -0.0006 -0.0767  0.2645  0.7109 -0.2846  0.1445  0.0070 -0.0560 -0.2330 -0.0295 -0.2424 -0.1438  0.2760  0.0252 -0.0218  0.6061 -0.2127  0.4009 -0.4180  0.3281 -0.3555  0.0713  0.3002 -0.0909
 0.2250000E+02 0.1269841E+00 0.2000000E+02 0.1408203E+00 0.9774580E-03 0.4925689E-03 0.2674834E-02
 -0.1084  0.2685 -0.2845  0.0468  0.0930  0.0208  0.0380  0.0045  0.0447 -0.0005 -0.0351 -0.0000 -0.0000  0.0000 -0.0000  0.0000 -0.0000  0.0000 -0.0000 -0.0000  0.0000  0.0000 -0.0000  0.0000 -0.0000  0.0000  0.0000 -0.0000 -0.0000 -0.0000 -0.0000 -0.0000 -0.0000 -0.0000 -0.0000 -0.0000 -0.0000 -0.0000 -0.0000 -0.0000 -0.0000 -0.0000 -0.0000 -0.0000 -0.0000 -0.0000 -0.0000 -0.0000 -0.0000 -0.0000 -0.0000 -0.0000 -0.0000 -0.0000 -0.0000 -0.0000 -0.0000 -0.0000  0.0000 -0.0000 -0.0000  0.0000  0.0000  0.0000  0.0000  0.0000 -0.0035 -0.0028  0.0101 -0.0200 -0.0375  0.0675  0.0064 -0.1935  0.0478  0.0446 -0.0639  0.2632  0.7195 -0.2266  0.1839 -0.0238 -0.0483 -0.2330 -0.1287 -0.2238 -0.1133  0.2666  0.1023 -0.0239  0.7163 -0.0824  0.3324 -0.5476  0.3165 -0.5035 -0.5248  0.5531 -0.1204
 0.2750000E+02 0.1038961E+00 0.2000000E+02 0.9032821E-01 0.7988845E-03 0.4089370E-03 0.1867190E-02
 -0.1179  0.2495 -0.2343  0.0321  0.0874  0.0397  0.0357  0.0197  0.0550  0.0021  0.0305 -0.0000  0.0000  0.0000 -0.0000  0.0000  0.0000  0.0000  0.0000 -0.0000  0.0000  0.0000  0.0000  0.0000 -0.0000  0.0000 -0.0000 -0.0000 -0.0000 -0.0000 -0.0000 -0.0000 -0.0000 -0.0000 -0.0000 -0.0000 -0.0000 -0.0000 -0.0000 -0.0000 -0.0000 -0.0000 -0.0000 -0.0000 -0.0000 -0.0000 -0.0000 -0.0000 -0.0000 -0.0000 -0.0000 -0.0000 -0.0000 -0.0000 -0.0000 -0.0000 -0.0000 -0.0000  0.0000  0.0000 -0.0000  0.0000  0.0000  0.0000  0.0000 -0.0000  0.0026  0.0140  0.0341 -0.0085 -0.0504  0.0570  0.0113 -0.1857  0.0568  0.0554 -0.0409  0.3011  0.7227 -0.2021  0.2251  0.0051 -0.0636 -0.2511 -0.2480 -0.2433 -0.1444  0.3569  0.0822  0.0166  0.7136 -0.1109  0.2646 -0.5566  0.4325 -0.5508 -0.5452  0.5831 -0.1124
 0.3350000E+02 0.8528785E-01 0.2000000E+02 0.5644031E-01 0.5579716E-03 0.3193251E-03 0.1766952E-02
 -0.1453  0.3451 -0.2481 -0.0213  0.0468 -0.0457  0.0471  0.0609  0.0812  0.0665 -0.0044 -0.0000  0.0000  0.0000  0.0000 -0.0000  0.0000  0.0000  0.0000  0.0000  0.0000  0.0000  0.0000  0.0000 -0.0000  0.0000 -0.0000 -0.0000 -0.0000 -0.0000 -0.0000 -0.0000 -0.0000 -0.0000 -0.0000 -0.0000 -0.0000 -0.0000 -0.0000 -0.0000 -0.0000 -0.0000 -0.0000 -0.0000 -0.0000 -0.0000 -0.0000 -0.0000 -0.0000 -0.0000 -0.0000 -0.0000 -0.0000 -0.0000 -0.0000 -0.0000 -0.0000 -0.0000  0.0000  0.0000 -0.0000  0.0000  0.0000 -0.0000  0.0000 -0.0000  0.0014  0.0069  0.0187 -0.0158 -0.0212  0.0463  0.0254 -0.2863 -0.0364  0.0337 -0.1185  0.4021  0.7568 -0.2023  0.2577  0.0406 -0.1207 -0.4392 -0.3101 -0.1414 -0.2644  0.2954  0.0160 -0.1141  0.8593 -0.1562  0.3996 -0.7327  0.6971 -1.1214 -1.5833  1.0518 -0.1565
 0.4100000E+02 0.6968641E-01 0.2000000E+02 0.3785618E-01 0.4480343E-03 0.2546590E-03 0.1200725E-02
 -0.1507  0.3254 -0.2138 -0.0231  0.0405 -0.0903  0.0299  0.0380  0.0907  0.1036 -0.0033 -0.0000  0.0000  0.0000  0.0000 -0.0000  0.0000  0.0000  0.0000  0.0000  0.0000  0.0000  0.0000 -0.0000 -0.0000  0.0000 -0.0000 -0.0000 -0.0000 -0.0000 -0.0000 -0.0000 -0.0000 -0.0000 -0.0000 -0.0000 -0.0000 -0.0000 -0.0000 -0.0000 -0.0000 -0.0000 -0.0000 -0.0000 -0.0000 -0.0000 -0.0000 -0.0000 -0.0000 -0.0000 -0.0000 -0.0000 -0.0000 -0.0000 -0.0000 -0.0000 -0.0000 -0.0000  0.0000  0.0000 -0.0000  0.0000  0.0000 -0.0000  0.0000 -0.0000  0.0030  0.0123  0.0288 -0.0120  0.0004  0.0708  0.0380 -0.2256 -0.0833 -0.0422 -0.1525  0.6122  0.8248 -0.2014  0.2802  0.1568 -0.0448 -0.5567 -0.3454 -0.1538 -0.4299  0.1992 -0.0057 -0.1468  0.8062  0.0012  0.3424 -0.7454  0.9477 -1.1640 -1.2405  0.9368 -0.1377
 0.5000000E+02 0.5714286E-01 0.2000000E+02 0.2568567E-01 0.3344626E-03 0.1570166E-03 0.8943990E-03
 -0.1746  0.3276 -0.1282 -0.0920 -0.0158 -0.1559  0.0702  0.0796  0.1111  0.1080 -0.0038 -0.0000  0.0000  0.0000  0.0000 -0.0000  0.0000  0.0000  0.0000 -0.0000  0.0000  0.0000  0.0000 -0.0000 -0.0000  0.0000 -0.0000 -0.0000 -0.0000 -0.0000 -0.0000 -0.0000 -0.0000 -0.0000 -0.0000 -0.0000 -0.0000 -0.0000 -0.0000 -0.0000 -0.0000 -0.0000 -0.0000 -0.0000 -0.0000 -0.0000 -0.0000 -0.0000 -0.0000 -0.0000 -0.0000 -0.0000 -0.0000 -0.0000 -0.0000 -0.0000 -0.0000 -0.0000  0.0000  0.0000 -0.0000  0.0000  0.0000 -0.0000  0.0000 -0.0000  0.0015  0.0085  0.0253 -0.0065  0.0147  0.0137  0.0751 -0.2933 -0.2067  0.0085 -0.1123  0.7876  0.7952 -0.0937  0.3421  0.1406 -0.1820 -0.5901 -0.2900 -0.0448 -0.3155  0.3105 -0.1244 -0.0852  0.8005 -0.0645  0.4324 -0.7254  0.9677 -1.2016 -1.6214  1.1023 -0.1339
 0.6000000E+02 0.4761905E-01 0.2000000E+02 0.1720013E-01 0.2944948E-03 0.1259955E-03 0.6163382E-03
 -0.1345  0.2584 -0.0980 -0.0672  0.0234 -0.1694  0.0461  0.0639  0.1016  0.0642  0.0206 -0.0000  0.0000  0.0000  0.0000 -0.0000  0.0000  0.0000  0.0000 -0.0000  0.0000  0.0000  0.0000 -0.0000 -0.0000  0.0000 -0.0000 -0.0000 -0.0000 -0.0000 -0.0000 -0.0000 -0.0000 -0.0000 -0.0000 -0.0000 -0.0000 -0.0000 -0.0000 -0.0000 -0.0000 -0.0000 -0.0000 -0.0000 -0.0000 -0.0000 -0.0000 -0.0000 -0.0000 -0.0000 -0.0000 -0.0000 -0.0000 -0.0000 -0.0000 -0.0000 -0.0000 -0.0000  0.0000  0.0000 -0.0000  0.0000  0.0000  0.0000  0.0000 -0.0000  0.0051  0.0127  0.0437  0.0020  0.0122  0.0623  0.0973 -0.1976 -0.2845 -0.0228 -0.0647  1.1437  0.7965 -0.0299  0.3228  0.0596 -0.0078 -0.5707 -0.2177  0.0182 -0.2289  0.3645  0.0130 -0.0645  0.6625 -0.0128  0.0282 -0.6654  0.8164 -1.1081 -1.6147  1.0344 -0.1190
 0.7000000E+02 0.4081633E-01 0.2000000E+02 0.1161612E-01 0.2499906E-03 0.1029709E-03 0.4072097E-03
 -0.1158  0.1742  0.0288 -0.1326 -0.0428 -0.1801  0.1513  0.1367  0.1228  0.0456 -0.0608 -0.0000  0.0000  0.0000  0.0000 -0.0000  0.0000  0.0000  0.0000  0.0000  0.0000  0.0000  0.0000  0.0000 -0.0000  0.0000 -0.0000 -0.0000 -0.0000 -0.0000 -0.0000 -0.0000 -0.0000 -0.0000 -0.0000 -0.0000 -0.0000 -0.0000 -0.0000 -0.0000 -0.0000 -0.0000 -0.0000 -0.0000 -0.0000 -0.0000 -0.0000 -0.0000 -0.0000 -0.0000 -0.0000 -0.0000 -0.0000 -0.0000 -0.0000 -0.0000 -0.0000 -0.0000  0.0000  0.0000 -0.0000 -0.0000  0.0000 -0.0000  0.0000 -0.0000 -0.0018 -0.0117  0.0106 -0.0161  0.0162 -0.0791  0.1911 -0.1497 -0.4091  0.0036  0.0469  1.3992  0.7108  0.1163  0.3247  0.1670 -0.1669 -0.6509 -0.1360 -0.0078 -0.0703  0.4499 -0.2211  0.1175  0.4085 -0.2568  0.2841 -0.4216  0.7511 -0.6858 -1.0337  0.7242 -0.0903
 0.8000000E+02 0.3571429E-01 0.2000000E+02 0.8224455E-02 0.2155133E-03 0.9395515E-04 0.3535778E-03
 -0.1623  0.2282  0.0908 -0.1880  0.0126 -0.2385  0.2669  0.2051  0.0998  0.0548 -0.1214 -0.0000  0.0000  0.0000  0.0000 -0.0000  0.0000 -0.0000  0.0000  0.0000  0.0000  0.0000  0.0000  0.0000 -0.0000  0.0000 -0.0000 -0.0000 -0.0000 -0.0000 -0.0000 -0.0000 -0.0000 -0.0000 -0.0000 -0.0000 -0.0000 -0.0000 -0.0000 -0.0000 -0.0000 -0.0000 -0.0000 -0.0000 -0.0000 -0.0000 -0.0000 -0.0000 -0.0000 -0.0000 -0.0000 -0.0000 -0.0000 -0.0000 -0.0000 -0.0000 -0.0000 -0.0000  0.0000  0.0000 -0.0000 -0.0000  0.0000 -0.0000  0.0000 -0.0000  0.0005 -0.0284 -0.0044 -0.0500 -0.0099 -0.1711  0.3232 -0.2638 -0.5525  0.0004  0.0394  1.4737  0.6883  0.1812  0.3979  0.1581 -0.1906 -0.7210 -0.0185  0.2198 -0.0665  0.5187 -0.0128 -0.1935  0.4974 -0.0305  0.3529 -0.6277  0.2612 -1.1245 -1.6513  0.9277 -0.1123
 0.9500000E+02 0.3007519E-01 0.2000000E+02 0.4903596E-02 0.1088184E-03 0.3713936E-04 0.1901393E-03
 -0.1746  0.1360  0.1104 -0.0993  0.1595 -0.2135  0.2383  0.2870  0.0323 -0.0786 -0.1580  0.0000  0.0000 -0.0000  0.0000 -0.0000  0.0000 -0.0000  0.0000  0.0000 -0.0000  0.0000  0.0000  0.0000  0.0000 -0.0000 -0.0000 -0.0000 -0.0000 -0.0000 -0.0000 -0.0000 -0.0000 -0.0000 -0.0000 -0.0000 -0.0000 -0.0000 -0.0000 -0.0000 -0.0000 -0.0000 -0.0000 -0.0000 -0.0000 -0.0000 -0.0000 -0.0000 -0.0000 -0.0000 -0.0000 -0.0000 -0.0000 -0.0000 -0.0000 -0.0000 -0.0000  0.0000  0.0000  0.0000 -0.0000 -0.0000 -0.0000  0.0000 -0.0000 -0.0000 -0.0027 -0.0594 -0.0539 -0.0826 -0.0748 -0.1943  0.4062 -0.1476 -0.6247  0.0140  0.1058  1.5802  0.6527  0.2544  0.2927  0.1406 -0.1019 -0.5248  0.0312  0.1746  0.2606  0.5114 -0.0387  0.1358  0.3350  0.0182  0.3197 -0.2989  0.4444 -0.6037 -1.7540  0.9299 -0.1076
 0.1275000E+03 0.2240896E-01 0.2000000E+02 0.1791895E-02 0.4205362E-04 0.1549659E-04 0.6829097E-04
 -0.2476  0.2973  0.0085 -0.2099  0.0953 -0.2379  0.1995  0.2802  0.0174 -0.0110 -0.0811 -0.0000  0.0000  0.0000  0.0000 -0.0000  0.0000 -0.0000  0.0000  0.0000 -0.0000  0.0000  0.0000  0.0000  0.0000 -0.0000 -0.0000 -0.0000 -0.0000 -0.0000 -0.0000 -0.0000 -0.0000 -0.0000 -0.0000 -0.0000 -0.0000 -0.0000 -0.0000 -0.0000 -0.0000 -0.0000 -0.0000 -0.0000 -0.0000 -0.0000 -0.0000 -0.0000 -0.0000 -0.0000 -0.0000 -0.0000 -0.0000 -0.0000 -0.0000 -0.0000 -0.0000  0.0000  0.0000  0.0000 -0.0000 -0.0000 -0.0000  0.0000  0.0000 -0.0000  0.0098 -0.0139 -0.0367 -0.0781 -0.1004 -0.2347  0.4700 -0.1548 -0.5580  0.0668  0.1130  1.2525  0.5852  0.2269  0.2729  0.1219 -0.1255 -0.4603 -0.0345  0.0188  0.0236  0.5642  0.1027 -0.0218  0.3840  0.1238  0.1979 -0.1793  0.1736 -0.6396 -1.7485  0.9417 -0.0948
 0.1750000E+03 0.1632653E-01 0.2000000E+02 0.5055802E-03 0.1921813E-04 0.6279407E-05 0.2411434E-04
 -0.1655  0.1975 -0.1271  0.1257 -0.0170 -0.0093  0.1233  0.1607  0.0706  0.0056 -0.1730 -0.0000  0.0000  0.0000  0.0000 -0.0000  0.0000 -0.0000  0.0000  0.0000 -0.0000  0.0000  0.0000  0.0000  0.0000 -0.0000 -0.0000 -0.0000 -0.0000 -0.0000 -0.0000 -0.0000 -0.0000 -0.0000 -0.0000 -0.0000 -0.0000 -0.0000 -0.0000 -0.0000 -0.0000 -0.0000 -0.0000 -0.0000 -0.0000 -0.0000 -0.0000 -0.0000 -0.0000 -0.0000 -0.0000 -0.0000 -0.0000 -0.0000 -0.0000 -0.0000 -0.0000  0.0000  0.0000  0.0000  0.0000 -0.0000 -0.0000 -0.0000  0.0000 -0.0000 -0.0027 -0.0533 -0.0436 -0.0018 -0.0937 -0.1143  0.1514 -0.1762 -0.2585 -0.0158  0.0355  0.6165  0.3491 -0.0446  0.0542 -0.0019 -0.2111  0.0637  0.0930 -0.0308 -0.0386  0.4010 -0.2663 -0.0906  0.4515 -0.1102  0.2954 -0.1514  0.0611 -0.7668 -1.9442  0.9577 -0.1122
 0.5500000E+03 0.5194805E-02 0.2000000E+02 0.1874742E-04 0.9475717E-06 0.3399585E-06 0.1162343E-05
 -0.4190  0.3590  0.0598  0.1860 -0.1135  0.2659  0.0763  0.1396  0.1682 -0.1429  0.0907 -0.0000  0.0000  0.0000  0.0000 -0.0000  0.0000 -0.0000  0.0000 -0.0000 -0.0000  0.0000  0.0000 -0.0000 -0.0000  0.0000 -0.0000 -0.0000 -0.0000 -0.0000 -0.0000 -0.0000 -0.0000 -0.0000 -0.0000 -0.0000 -0.0000 -0.0000 -0.0000 -0.0000 -0.0000 -0.0000 -0.0000 -0.0000 -0.0000 -0.0000 -0.0000 -0.0000 -0.0000 -0.0000 -0.0000 -0.0000 -0.0000 -0.0000 -0.0000 -0.0000 -0.0000  0.0000  0.0000  0.0000  0.0000  0.0000 -0.0000  0.0000  0.0000 -0.0000  0.0382  0.0281  0.0573  0.0097 -0.2511 -0.0963  0.0899 -0.2552 -0.1613  0.1031  0.1777  0.2988  0.3454  0.0455  0.2959 -0.2190 -0.1083  0.0440 -0.5853 -0.1823  0.2989  0.3245 -0.2544  0.1519  1.1961  0.2846  0.2539  0.5699  0.3213 -0.5310 -2.1283  1.0166 -0.0982
