5.400903000000000301e-03 5.454504000000000019e-01 6.250715999999999717e+00 1.850454502202458995e+00 1.934502023295717188e-01 2.839175840018458019e-01
7.407910000000000189e-03 4.913546999999999776e-01 6.384381999999999557e+00 1.521855586783205094e+00 1.093307736780923523e-01 1.934918961582494656e-01
1.012327000000000018e-02 4.283857999999999833e-01 6.466649000000000314e+00 1.047278986438731518e+00 6.560455548993315844e-02 1.894364990671188742e-01
1.021860999999999950e-02 6.350369999999999626e-01 1.880974000000000146e+01 1.352632966438080953e+00 7.430987221931280307e-02 3.192017222399131104e-01
1.388862000000000083e-02 3.652544999999999820e-01 6.540854000000000390e+00 5.077097794573650624e-01 4.057859771512343366e-02 2.040346554067125340e-01
1.399056000000000084e-02 5.940533000000000063e-01 2.135879999999999868e+01 4.933677447978471742e-01 3.854042458931777188e-02 2.543443189212655220e-01
1.904186000000000073e-02 3.102535000000000154e-01 6.632113000000000369e+00 6.647488128036679322e-01 2.589009501187648429e-02 1.777605487177903731e-01
1.917185000000000070e-02 5.471103999999999967e-01 2.404551999999999978e+01 6.264596121450862753e-01 2.072825207400671998e-02 2.046290145078591693e-01
2.614891999999999911e-02 2.494747999999999966e-01 6.671026999999999596e+00 1.753786474179144239e-01 1.705135426854557240e-02 1.605372138158841777e-01
2.630818000000000045e-02 5.027399999999999647e-01 2.691785000000000139e+01 4.728439133207102962e-01 1.162977243157053454e-02 1.596477459473288618e-01
3.596034000000000036e-02 2.041716000000000086e-01 6.705125999999999920e+00 5.879740047548960291e-01 1.130351012470835054e-02 1.331414454505571721e-01
3.612123999999999890e-02 4.480401999999999996e-01 2.991541000000000139e+01 4.177069746605919232e-01 6.727681295053917175e-03 1.166630346016148123e-01
4.931843999999999811e-02 1.597909999999999886e-01 6.717451999999999757e+00 2.379089185632800585e-01 7.655822549440291502e-03 1.079934656915385177e-01
4.950799000000000172e-02 3.895578000000000096e-01 3.232551000000000130e+01 1.603053477028284490e-01 4.032245652565970284e-03 8.382360741066190168e-02
5.017436000000000118e-02 6.734088000000000296e-01 1.470953000000000088e+02 1.780332755090858476e-01 1.036259606331684652e-02 5.737405650832391041e-02
6.758055999999999786e-02 1.253595999999999877e-01 6.730438000000000365e+00 3.081167965610226434e-01 5.239531188786837254e-03 8.544539865587492955e-02
6.778894000000000586e-02 3.300814000000000248e-01 3.458198000000000150e+01 1.452002994171159300e-01 2.506306884769199123e-03 6.081194466272111382e-02
6.862820000000000031e-02 6.068704000000000320e-01 1.585780000000000030e+02 1.115184519187784190e-01 4.679133824745779734e-03 3.591093991184827333e-02
9.274172999999999445e-02 9.536329000000000333e-02 6.758562000000000403e+00 7.627261934069440308e-02 3.627833380046334693e-03 6.751232486481034689e-02
9.293340999999999408e-02 2.729191999999999729e-01 3.640281999999999840e+01 1.488950196559409300e-01 1.596452663180484210e-03 4.453459555191852104e-02
9.372545999999999655e-02 5.432464000000000182e-01 1.735768999999999949e+02 9.905780369209687963e-02 2.281336299071183744e-03 2.309643440038423520e-02
1.273307999999999940e-01 7.279304999999999803e-02 6.762983000000000189e+00 1.129258267460258452e-01 2.511392506847950207e-03 5.174771066968538585e-02
1.276017000000000123e-01 2.201460000000000083e-01 3.782189000000000334e+01 6.426994858605475369e-02 1.034885708499712386e-03 3.296269734841664883e-02
1.284484999999999932e-01 4.756466999999999778e-01 1.883674000000000035e+02 4.155056103751071650e-02 1.203214808036682897e-03 1.496057899473432311e-02
1.751975000000000060e-01 5.443805000000000172e-02 6.774113999999999969e+00 9.658747231153338997e-02 1.731120109381573298e-03 3.956078339278549377e-02
1.753566000000000014e-01 1.746925000000000006e-01 3.904137999999999664e+01 1.236844914128020292e-02 6.817228363183808161e-04 2.374220863368398451e-02
1.764740999999999949e-01 4.045630000000000059e-01 2.040778999999999996e+02 1.862837893481304047e-02 6.744286320594619806e-04 9.941117568178227740e-03
2.402511999999999981e-01 4.118382000000000293e-02 6.780888000000000027e+00 2.173354237632030977e-03 1.167003349210077746e-03 2.805787436906870616e-02
2.403747999999999996e-01 1.362061999999999995e-01 4.006689999999999685e+01 9.280848204240542410e-03 4.402941149127679232e-04 1.574400564733624552e-02
2.418628999999999918e-01 3.422046000000000254e-01 2.216430000000000007e+02 1.379198606552993998e-02 3.798996516226051611e-04 5.970739342178463596e-03
3.286255000000000148e-01 3.045662000000000022e-02 6.758413000000000004e+00 1.254807605720980462e-02 7.528206006443028146e-04 1.780825585063891894e-02
3.285079000000000193e-01 1.053150999999999948e-01 4.065878000000000014e+01 1.064381478529949701e-02 2.700414437751655393e-04 8.895541859063318610e-03
3.300310000000000188e-01 2.852609999999999868e-01 2.383118000000000052e+02 5.938684951659592773e-03 2.110070747437334812e-04 2.961892535227088601e-03
4.458559000000000272e-01 2.274997000000000130e-02 6.745841999999999672e+00 6.855793587490256746e-04 4.484077738987560647e-04 8.955650688842011972e-03
4.444499000000000088e-01 8.091581999999999941e-02 4.097386000000000195e+01 8.440315300214815131e-03 1.526445651312621375e-04 3.337274274842679748e-03
4.453154999999999752e-01 2.372466000000000019e-01 2.559670000000000130e+02 2.961534241570778180e-03 1.087399457408129509e-04 5.736731649701130040e-04
5.896130000000000537e-01 1.812663999999999942e-02 7.085058000000000078e+00 2.523172169990747782e-03 2.682720964324299758e-04 2.820254408009614713e-03
6.001047999999999938e-01 6.122699999999999670e-02 4.019377000000000066e+01 2.724202799086116941e-05 6.944316484780022460e-05 1.000034979749553745e-03
5.993559999999999999e-01 1.936508000000000118e-01 2.691909999999999741e+02 2.963952571589888001e-03 4.608631946680213221e-05 1.220432406567969422e-03
