2.096610000000000053e-03 6.629871000000000514e-01 5.786299999999999777e+00 1.222856722249879624e+01 8.114651870041953430e-01 3.623450994912000289e-01
2.866487000000000028e-03 6.088006999999999724e-01 6.072167999999999566e+00 8.360470631532399111e+00 4.113677717494225727e-01 2.170063926224999884e-01
3.934715000000000087e-03 5.433826999999999963e-01 6.259178999999999604e+00 6.139376518846693109e+00 2.218844827654777030e-01 1.583443012601999933e-01
3.953469000000000254e-03 7.218778999999999613e-01 1.445356999999999914e+01 6.351309300800875413e+00 3.912344319080909294e-01 5.773881293700000583e-02
5.395882000000000282e-03 4.755787000000000209e-01 6.373689999999999856e+00 4.577059418605476715e+00 1.267933299566035565e-01 7.564234498800001538e-02
5.449673999999999838e-03 6.753538000000000041e-01 1.581570999999999927e+01 4.895642386973191762e+00 1.758030956325329353e-01 2.099027677701999911e-02
7.394142999999999723e-03 4.224384999999999946e-01 6.481756999999999991e+00 3.170238754009039095e+00 7.477788809256609437e-02 2.072747602700000108e-02
7.460342000000000015e-03 6.346819999999999684e-01 1.780593000000000004e+01 3.386831918363876870e+00 8.544279620632358463e-02 1.039922785138999890e-02
1.011743000000000017e-02 3.653742999999999852e-01 6.570012000000000185e+00 2.348628443199129556e+00 4.590224027396481304e-02 3.003330040500000117e-02
1.020236000000000059e-02 5.951676999999999662e-01 2.009044000000000096e+01 2.496158800631666175e+00 4.383940131103439275e-02 4.215282610769999563e-03
1.388006999999999956e-02 3.057246000000000130e-01 6.646079000000000292e+00 1.754283256353126985e+00 2.897563662683613761e-02 2.236269134399999567e-02
1.398746000000000017e-02 5.604940999999999951e-01 2.326286999999999949e+01 1.714775847733701619e+00 2.327891964189169813e-02 1.962384847604999819e-03
1.901761000000000076e-02 2.556172999999999917e-01 6.730522999999999811e+00 1.227488281649434798e+00 1.878096470949336752e-02 6.579701228480999177e-03
1.916616999999999973e-02 5.174303999999999570e-01 2.639352999999999838e+01 1.229435902624291810e+00 1.303701469010577242e-02 9.841592315681998038e-04
1.973476999999999870e-02 8.300484000000000195e-01 1.186607000000000056e+02 1.065029393206393449e+00 8.907610278752263466e-02 8.982525606840000010e-03
2.588460999999999887e-02 2.173113000000000128e-01 7.260684000000000360e+00 9.112126581120792990e-01 1.378639828713221563e-02 2.254301351389999784e-03
2.630566999999999975e-02 4.759136999999999951e-01 2.960381999999999891e+01 8.480890362687171224e-01 7.292423068930992992e-03 1.079102537479999929e-03
2.686115999999999851e-02 7.799101999999999979e-01 1.277078000000000060e+02 6.661152465218104224e-01 3.050505551949015889e-02 4.002745361680999647e-03
3.529721999999999721e-02 1.927849000000000090e-01 8.247089000000000780e+00 6.236374986979055235e-01 1.186772721360986049e-02 1.483091613334000091e-03
3.613121999999999862e-02 4.274533999999999834e-01 3.259975000000000023e+01 5.813269868339087099e-01 4.227915356478673461e-03 7.176725878720000311e-04
3.674859999999999932e-02 7.292914999999999814e-01 1.370637999999999863e+02 4.796001217835744179e-01 1.195084669319754732e-02 1.630026698123000078e-03
4.547095999999999777e-02 1.754044999999999910e-01 9.261530999999999736e+00 4.847237926488755511e-01 1.707515370941855432e-02 2.668163112770999875e-03
4.949818999999999747e-02 3.774151000000000034e-01 3.522525999999999868e+01 4.052661617920973458e-01 2.513607194226915968e-03 2.960754198749000125e-04
5.014484000000000302e-02 6.771808000000000272e-01 1.496932999999999936e+02 3.238116372310906321e-01 5.170220681853699048e-03 5.061492082679999683e-04
6.760507000000000322e-02 3.381908000000000136e-01 3.995763000000000176e+01 2.796855641022995553e-01 1.584953658977618840e-03 1.574934474871999960e-04
6.858694999999999375e-02 6.251326000000000382e-01 1.649695000000000107e+02 2.211144160363505695e-01 2.373001391704413713e-03 4.865164890299999685e-04
9.265795000000000281e-02 3.016227000000000213e-01 4.600280000000000058e+01 1.918040916880370816e-01 1.027829691316183187e-03 1.256737413321000105e-04
9.373375000000000457e-02 5.715902999999999956e-01 1.824838000000000022e+02 1.450267883125349877e-01 1.161519748334152637e-03 8.980721735368000591e-05
1.271036999999999861e-01 2.662293000000000021e-01 5.243740999999999985e+01 1.286059986139003464e-01 6.838500576012925035e-04 5.408832132169000734e-05
1.285427000000000097e-01 5.178165999999999602e-01 2.015121000000000038e+02 9.548023610964341545e-02 5.919119746021994860e-04 4.873007920979999702e-05
1.744876999999999956e-01 2.336382999999999932e-01 5.995622999999999791e+01 8.370178238895578660e-02 4.636864563234824647e-04 2.815593101568000019e-05
1.765523999999999982e-01 4.552442999999999906e-01 2.200508000000000095e+02 6.188061237374736095e-02 3.128797268848722366e-04 1.547505147810000138e-05
1.830434999999999979e-01 8.305055000000000076e-01 1.151500000000000000e+03 3.165390722986631544e-02 1.811646337549997808e-03 1.806847910919800028e-04
2.385749000000000064e-01 2.029611000000000054e-01 6.859100999999999715e+01 5.095566417562889111e-02 3.241682607434842080e-04 3.828176781929999728e-05
2.420547999999999866e-01 3.933264000000000205e-01 2.385996000000000095e+02 3.706942554041026822e-02 1.691353404981805672e-04 1.198596849407999925e-05
2.473202999999999929e-01 7.484269999999999534e-01 1.220205999999999904e+03 1.773299450688610793e-02 5.801902995868893267e-04 3.368181842063999975e-05
3.235229000000000021e-01 1.765255000000000019e-01 7.854411000000000342e+01 2.769092757306726438e-02 2.402514321784285432e-04 2.966944125269999755e-05
3.305638000000000187e-01 3.353595999999999799e-01 2.553388999999999953e+02 1.948467901894378532e-02 8.851991730016742178e-05 1.151377137400799971e-05
3.369055000000000244e-01 6.536965000000000137e-01 1.280874000000000024e+03 9.345840755079786247e-03 2.024953120311239667e-04 1.807349718299999862e-05
4.252737999999999796e-01 1.550679000000000085e-01 8.950842000000000098e+01 1.318739532746349835e-02 2.259022387236563143e-04 1.982505584376000301e-05
4.462789999999999813e-01 2.914799000000000140e-01 2.762210000000000036e+02 8.107418207344910255e-03 4.339573565987480135e-05 1.965086424851999870e-06
4.527705000000000202e-01 5.779054999999999609e-01 1.344656999999999925e+03 3.728164763522453119e-03 7.339389122091791303e-05 9.007003598814001245e-06
5.975586999999999982e-01 2.572316000000000047e-01 3.094531999999999812e+02 1.955116179136527025e-03 1.831052242339270564e-05 1.873716318144600022e-06
6.074026000000000147e-01 5.204408999999999841e-01 1.435095000000000027e+03 8.315179758695890634e-04 2.218308812602169566e-05 1.430681569085999967e-06
