2.096610000000000053e-03 6.629871000000000514e-01 5.786299999999999777e+00 5.180495667738851395e+00 5.736540814282965473e-01 1.915736718671999794e-01
2.866487000000000028e-03 6.088006999999999724e-01 6.072167999999999566e+00 3.898443971843569944e+00 2.902831726858112193e-01 2.060879904125000051e-01
3.934715000000000087e-03 5.433826999999999963e-01 6.259178999999999604e+00 3.019599800834654513e+00 1.569408983596630169e-01 7.292585638180000551e-02
3.953469000000000254e-03 7.218778999999999613e-01 1.445356999999999914e+01 3.070971800927877471e+00 2.766778823124925735e-01 1.041492326383999939e-01
5.395882000000000282e-03 4.755787000000000209e-01 6.373689999999999856e+00 2.253882910684154695e+00 8.982957333257250709e-02 3.594497945219999463e-02
5.449673999999999838e-03 6.753538000000000041e-01 1.581570999999999927e+01 2.321156554310091380e+00 1.249120246915417093e-01 9.550894351409999761e-02
7.394142999999999723e-03 4.224384999999999946e-01 6.481756999999999991e+00 1.523946135325968676e+00 5.278004764093558593e-02 1.051188077425000145e-01
7.460342000000000015e-03 6.346819999999999684e-01 1.780593000000000004e+01 1.624064614672683371e+00 6.073803808794659559e-02 9.969231710544000646e-02
1.011743000000000017e-02 3.653742999999999852e-01 6.570012000000000185e+00 1.232187130320548274e+00 3.242483087969146721e-02 3.535306993350000038e-02
1.020236000000000059e-02 5.951676999999999662e-01 2.009044000000000096e+01 1.154781585762947538e+00 3.095154541004945664e-02 6.711094576119999711e-02
1.388006999999999956e-02 3.057246000000000130e-01 6.646079000000000292e+00 8.648877554457822248e-01 2.048956653394472596e-02 2.165381431850000107e-02
1.398746000000000017e-02 5.604940999999999951e-01 2.326286999999999949e+01 8.136596315676201119e-01 1.646308114456362243e-02 4.701876655856000037e-02
1.901761000000000076e-02 2.556172999999999917e-01 6.730522999999999811e+00 5.783951496941521775e-01 1.327209443536066236e-02 1.556606733360000119e-02
1.916616999999999973e-02 5.174303999999999570e-01 2.639352999999999838e+01 5.485863451704525717e-01 9.207931527581687467e-03 2.993312166242999631e-02
2.588460999999999887e-02 2.173113000000000128e-01 7.260684000000000360e+00 4.484180592040724611e-01 9.746534949598281358e-03 8.612666811429999306e-03
2.630566999999999975e-02 4.759136999999999951e-01 2.960381999999999891e+01 4.409978245204919656e-01 5.160819322892746044e-03 1.692134412119999931e-02
2.686115999999999851e-02 7.799101999999999979e-01 1.277078000000000060e+02 3.098259159959070308e-01 2.165408397762765350e-02 3.380675949090000253e-03
3.529721999999999721e-02 1.927849000000000090e-01 8.247089000000000780e+00 3.225655224944101729e-01 8.401939404391841823e-03 1.145347502664000039e-02
3.613121999999999862e-02 4.274533999999999834e-01 3.259975000000000023e+01 3.146270385546205972e-01 2.979478413335196613e-03 1.001283301727999911e-02
3.674859999999999932e-02 7.292914999999999814e-01 1.370637999999999863e+02 2.646673534872365230e-01 8.480234153409791503e-03 7.945790242048998350e-03
4.547095999999999777e-02 1.754044999999999910e-01 9.261530999999999736e+00 2.481397675582410201e-01 1.210042416769420426e-02 1.194242160858000057e-02
4.949818999999999747e-02 3.774151000000000034e-01 3.522525999999999868e+01 2.027976441283865228e-01 1.777348116725632190e-03 4.748909439535000353e-03
5.014484000000000302e-02 6.771808000000000272e-01 1.496932999999999936e+02 1.556207344411027760e-01 3.646139073639040676e-03 2.798453989390999909e-03
6.760507000000000322e-02 3.381908000000000136e-01 3.995763000000000176e+01 1.428140518901855338e-01 1.121375706334029870e-03 1.558522384512000267e-03
6.858694999999999375e-02 6.251326000000000382e-01 1.649695000000000107e+02 1.104408818109526014e-01 1.682016356344798440e-03 1.432025246711999969e-03
9.265795000000000281e-02 3.016227000000000213e-01 4.600280000000000058e+01 9.154592059247619595e-02 7.287976728413475200e-04 2.690532739664000441e-03
9.373375000000000457e-02 5.715902999999999956e-01 1.824838000000000022e+02 7.481239228964267629e-02 8.223050983214476176e-04 1.965460014231999730e-03
1.271036999999999861e-01 2.662293000000000021e-01 5.243740999999999985e+01 6.026481070692568665e-02 4.831806911029772468e-04 4.491210595830000610e-03
1.285427000000000097e-01 5.178165999999999602e-01 2.015121000000000038e+02 4.240433682172656954e-02 4.189456937620798425e-04 2.980528413684000334e-03
1.744876999999999956e-01 2.336382999999999932e-01 5.995622999999999791e+01 3.793413048442283858e-02 3.273638210314470964e-04 4.729024815250000395e-03
1.765523999999999982e-01 4.552442999999999906e-01 2.200508000000000095e+02 3.414567559333087088e-02 2.215630564713128481e-04 3.176726436928000233e-03
1.830434999999999979e-01 8.305055000000000076e-01 1.151500000000000000e+03 1.768868237557760445e-02 1.287491187002529546e-03 2.149732526200000358e-03
2.385749000000000064e-01 2.029611000000000054e-01 6.859100999999999715e+01 2.767841591365461512e-02 2.292233709983200072e-04 3.870103017790000547e-03
2.420547999999999866e-01 3.933264000000000205e-01 2.385996000000000095e+02 2.193165145784315914e-02 1.196446437365542644e-04 2.630497922640000295e-03
2.473202999999999929e-01 7.484269999999999534e-01 1.220205999999999904e+03 9.731490507658521749e-03 4.078671643295994783e-04 1.484600388359999957e-03
3.235229000000000021e-01 1.765255000000000019e-01 7.854411000000000342e+01 1.477440868117484846e-02 1.693090401597493338e-04 2.468176912861999844e-03
3.305638000000000187e-01 3.353595999999999799e-01 2.553388999999999953e+02 1.148967125891049018e-02 6.290059842678225998e-05 1.523850831492000023e-03
3.369055000000000244e-01 6.536965000000000137e-01 1.280874000000000024e+03 5.196122218872630157e-03 1.436213634402924277e-04 6.096002114531000023e-04
4.252737999999999796e-01 1.550679000000000085e-01 8.950842000000000098e+01 5.789155356446965515e-03 1.590676429008340098e-04 9.016177758800000700e-04
4.462789999999999813e-01 2.914799000000000140e-01 2.762210000000000036e+02 4.416914978809980200e-03 3.074704442303380299e-05 2.902827430139999867e-04
4.527705000000000202e-01 5.779054999999999609e-01 1.344656999999999925e+03 1.914303864220943301e-03 5.203008136245917069e-05 5.911990642976000022e-05
5.975586999999999982e-01 2.572316000000000047e-01 3.094531999999999812e+02 7.892990019567102181e-04 1.293530122806089602e-05 4.657439817899999552e-04
6.074026000000000147e-01 5.204408999999999841e-01 1.435095000000000027e+03 4.047347093856788519e-04 1.573941636680841830e-05 2.874051303429600210e-04
