   20.0000000000    1.0000000000    2.8571429253    0.0265532434    0.0001130670    0.0001672521    0.0002018847
   20.0000000000    3.0000000000    0.9523809552    0.0553149693    0.0001612562    0.0002164942    0.0002699506
   20.0000000000    5.0000000000    0.5714285970    0.0552427471    0.0001691278    0.0001757285    0.0002438949
   20.0000000000    7.0000000000    0.4081632793    0.0481187776    0.0001531187    0.0002200362    0.0002680695
   20.0000000000    9.0000000000    0.3174603283    0.0406282768    0.0001418636    0.0001813764    0.0002302665
   20.0000000000   11.5000000000    0.2484472096    0.0326701663    0.0000979036    0.0000736519    0.0001225141
   20.0000000000   14.5000000000    0.1970443279    0.0253180135    0.0000888323    0.0000475380    0.0001007524
   20.0000000000   18.0000000000    0.1587301642    0.0191491824    0.0000620922    0.0000330072    0.0000703201
   20.0000000000   22.5000000000    0.1269841343    0.0137248365    0.0000460982    0.0000249897    0.0000524360
   20.0000000000   27.5000000000    0.1038961038    0.0099063320    0.0000387856    0.0000227084    0.0000449444
   20.0000000000   33.5000000000    0.0852878466    0.0069116908    0.0000259476    0.0000146955    0.0000298201
   20.0000000000   41.0000000000    0.0696864128    0.0046022469    0.0000193687    0.0000118253    0.0000226933
   20.0000000000   50.0000000000    0.0571428575    0.0029750746    0.0000138343    0.0000087766    0.0000163835
   20.0000000000   60.0000000000    0.0476190485    0.0019374418    0.0000115324    0.0000074200    0.0000137132
   20.0000000000   70.0000000000    0.0408163257    0.0012832617    0.0000096252    0.0000060222    0.0000113539
   20.0000000000   80.0000000000    0.0357142873    0.0008778598    0.0000078522    0.0000039095    0.0000087717
   20.0000000000   95.0000000000    0.0300751887    0.0004954991    0.0000037260    0.0000020215    0.0000042391
   20.0000000000  127.5000000000    0.0224089641    0.0001934303    0.0000014398    0.0000008420    0.0000016680
   20.0000000000  175.0000000000    0.0163265299    0.0000535848    0.0000007325    0.0000002800    0.0000007842
   20.0000000000  550.0000000000    0.0051948051    0.0000020975    0.0000000372    0.0000000193    0.0000000419
