*  Total number of systematic sources *
   99
   36     AVE 99 99    1     0.000 O 1 2 3 4 5 6 7 8 9101112131415161718192021222324252627282930313233343536373839404142434445464748495051525354555657585960616263646566676869707172737475767778798081828384858687888990919293949596979899
 0.2000000E-02 0.2571428E+04 0.3600000E+02 0.9440696E+01 0.1259429E-01 0.3112639E-02 0.1812750E-01
  0.0000  0.0000 -0.0000  0.0000 -0.0000 -0.0000  0.0000 -0.0000  0.0000 -0.0000  0.0000  0.0000  0.0000  0.0000  0.0000  0.0000  0.0000 -0.0000  0.0000 -0.0000 -0.0000 -0.0000 -0.0000 -0.0000 -0.0000 -0.0000 -0.0000 -0.0000 -0.0000 -0.0000 -0.0000 -0.0000 -0.0000 -0.0000 -0.0000 -0.0000 -0.0000 -0.0000 -0.0000 -0.0000 -0.0000 -0.0000 -0.0000 -0.0000 -0.0000 -0.0000 -0.0000 -0.0000 -0.0000 -0.0000 -0.0000 -0.0000 -0.0000 -0.0000 -0.0000  0.0000  0.0000  0.0000  0.0000  0.0000  0.0000  0.0000  0.0000 -0.0000  0.0000  0.0000  0.0000 -0.0000  0.0060 -0.0013  0.0178  0.0156 -0.0178 -0.0165  0.0101  0.0140 -0.0210 -0.0702 -0.0075 -0.0084  0.0598 -0.0279  0.0258  0.0261  0.0030 -0.0105 -0.0118 -0.0109 -0.0017 -0.0080 -0.0053 -0.0105 -0.0139 -0.0002 -0.0051  0.0283 -0.0379 -0.0476  0.0030
 0.6000000E-02 0.8571429E+03 0.3600000E+02 0.9365232E+01 0.1263397E-01 0.3262244E-02 0.1543448E-01
  0.0000  0.0000  0.0000  0.0000 -0.0000 -0.0000  0.0000 -0.0000 -0.0000 -0.0000  0.0000  0.0000  0.0000  0.0000  0.0000 -0.0000  0.0000 -0.0000  0.0000 -0.0000 -0.0000 -0.0000 -0.0000 -0.0000 -0.0000 -0.0000 -0.0000 -0.0000 -0.0000 -0.0000 -0.0000 -0.0000 -0.0000 -0.0000 -0.0000 -0.0000 -0.0000 -0.0000 -0.0000 -0.0000 -0.0000 -0.0000 -0.0000 -0.0000 -0.0000 -0.0000 -0.0000 -0.0000 -0.0000 -0.0000 -0.0000 -0.0000 -0.0000 -0.0000 -0.0000  0.0000  0.0000  0.0000  0.0000  0.0000  0.0000  0.0000 -0.0000 -0.0000 -0.0000  0.0000  0.0000 -0.0000  0.0062  0.0002  0.0032  0.0065 -0.0053 -0.0044 -0.0009  0.0060 -0.0074 -0.0268 -0.0091 -0.0104  0.0227 -0.0149  0.0198  0.0063  0.0034 -0.0070  0.0031 -0.0049  0.0002 -0.0119  0.0027 -0.0154 -0.0179 -0.0034  0.0112  0.0379 -0.0388 -0.0393  0.0040
 0.1000000E-01 0.5142857E+03 0.3600000E+02 0.9170909E+01 0.1233729E-01 0.3331712E-02 0.1491231E-01
  0.0000  0.0000  0.0000  0.0000 -0.0000 -0.0000  0.0000 -0.0000 -0.0000 -0.0000  0.0000  0.0000  0.0000 -0.0000  0.0000 -0.0000  0.0000 -0.0000  0.0000 -0.0000 -0.0000 -0.0000 -0.0000 -0.0000 -0.0000 -0.0000 -0.0000 -0.0000 -0.0000 -0.0000 -0.0000 -0.0000 -0.0000 -0.0000 -0.0000 -0.0000 -0.0000 -0.0000 -0.0000 -0.0000 -0.0000 -0.0000 -0.0000 -0.0000 -0.0000 -0.0000 -0.0000 -0.0000 -0.0000 -0.0000 -0.0000 -0.0000 -0.0000 -0.0000 -0.0000  0.0000  0.0000  0.0000  0.0000  0.0000  0.0000  0.0000 -0.0000 -0.0000 -0.0000 -0.0000  0.0000 -0.0000  0.0065  0.0006 -0.0002  0.0047 -0.0024 -0.0020 -0.0036  0.0047 -0.0040 -0.0168 -0.0098 -0.0110  0.0124 -0.0114  0.0200  0.0017  0.0024 -0.0075  0.0063  0.0014 -0.0027 -0.0174  0.0021 -0.0152 -0.0187  0.0009  0.0074  0.0393 -0.0424 -0.0359  0.0042
 0.1400000E-01 0.3673469E+03 0.3600000E+02 0.8944862E+01 0.1218588E-01 0.3554852E-02 0.1465822E-01
  0.0000  0.0000  0.0000  0.0000 -0.0000 -0.0000  0.0000 -0.0000 -0.0000 -0.0000  0.0000  0.0000  0.0000 -0.0000 -0.0000 -0.0000  0.0000 -0.0000  0.0000 -0.0000 -0.0000 -0.0000 -0.0000 -0.0000 -0.0000 -0.0000 -0.0000 -0.0000 -0.0000 -0.0000 -0.0000 -0.0000 -0.0000 -0.0000 -0.0000 -0.0000 -0.0000 -0.0000 -0.0000 -0.0000 -0.0000 -0.0000 -0.0000 -0.0000 -0.0000 -0.0000 -0.0000 -0.0000 -0.0000 -0.0000 -0.0000 -0.0000 -0.0000 -0.0000 -0.0000  0.0000  0.0000  0.0000  0.0000  0.0000  0.0000  0.0000 -0.0000  0.0000 -0.0000 -0.0000  0.0000 -0.0000  0.0065  0.0010 -0.0011  0.0035 -0.0013 -0.0007 -0.0042  0.0046 -0.0031 -0.0119 -0.0101 -0.0109  0.0085 -0.0097  0.0178  0.0000  0.0038 -0.0066  0.0062  0.0018 -0.0013 -0.0198  0.0009 -0.0136 -0.0189 -0.0054  0.0112  0.0401 -0.0415 -0.0350  0.0042
 0.1800000E-01 0.2857143E+03 0.3600000E+02 0.8639643E+01 0.1217996E-01 0.3022793E-02 0.1443222E-01
  0.0000  0.0000  0.0000  0.0000 -0.0000 -0.0000  0.0000 -0.0000 -0.0000 -0.0000 -0.0000  0.0000  0.0000 -0.0000 -0.0000 -0.0000  0.0000 -0.0000  0.0000 -0.0000 -0.0000 -0.0000 -0.0000 -0.0000 -0.0000 -0.0000 -0.0000 -0.0000 -0.0000 -0.0000 -0.0000 -0.0000 -0.0000 -0.0000 -0.0000 -0.0000 -0.0000 -0.0000 -0.0000 -0.0000 -0.0000 -0.0000 -0.0000 -0.0000 -0.0000 -0.0000 -0.0000 -0.0000 -0.0000 -0.0000 -0.0000 -0.0000 -0.0000 -0.0000 -0.0000  0.0000 -0.0000 -0.0000  0.0000  0.0000  0.0000  0.0000 -0.0000  0.0000 -0.0000 -0.0000  0.0000 -0.0000  0.0063  0.0012 -0.0023  0.0031 -0.0001  0.0002 -0.0049  0.0039 -0.0020 -0.0091 -0.0096 -0.0112  0.0054 -0.0093  0.0178 -0.0012  0.0022 -0.0062  0.0074  0.0017 -0.0005 -0.0181  0.0017 -0.0224 -0.0132  0.0024  0.0131  0.0412 -0.0414 -0.0354  0.0040
 0.2200000E-01 0.2337662E+03 0.3600000E+02 0.8264409E+01 0.1184445E-01 0.3519138E-02 0.1409036E-01
  0.0000  0.0000  0.0000  0.0000 -0.0000 -0.0000  0.0000 -0.0000 -0.0000 -0.0000 -0.0000 -0.0000  0.0000 -0.0000 -0.0000 -0.0000  0.0000 -0.0000  0.0000 -0.0000 -0.0000 -0.0000 -0.0000 -0.0000 -0.0000 -0.0000 -0.0000 -0.0000 -0.0000 -0.0000 -0.0000 -0.0000 -0.0000 -0.0000 -0.0000 -0.0000 -0.0000 -0.0000 -0.0000 -0.0000 -0.0000 -0.0000 -0.0000 -0.0000 -0.0000 -0.0000 -0.0000 -0.0000 -0.0000 -0.0000 -0.0000 -0.0000 -0.0000 -0.0000 -0.0000  0.0000 -0.0000 -0.0000  0.0000  0.0000  0.0000  0.0000 -0.0000  0.0000 -0.0000 -0.0000  0.0000 -0.0000  0.0061  0.0008 -0.0031  0.0020  0.0003  0.0007 -0.0052  0.0032 -0.0011 -0.0050 -0.0102 -0.0105  0.0039 -0.0076  0.0157 -0.0037  0.0032 -0.0057  0.0049  0.0040  0.0009 -0.0212  0.0040 -0.0095 -0.0301 -0.0100  0.0074  0.0383 -0.0426 -0.0325  0.0038
 0.2650000E-01 0.1940701E+03 0.3600000E+02 0.7863019E+01 0.1032630E-01 0.2957827E-02 0.1260611E-01
  0.0000  0.0000  0.0000  0.0000 -0.0000 -0.0000  0.0000 -0.0000 -0.0000 -0.0000 -0.0000 -0.0000  0.0000 -0.0000 -0.0000 -0.0000  0.0000 -0.0000  0.0000 -0.0000 -0.0000 -0.0000 -0.0000 -0.0000 -0.0000 -0.0000 -0.0000 -0.0000 -0.0000 -0.0000 -0.0000 -0.0000 -0.0000 -0.0000 -0.0000 -0.0000 -0.0000 -0.0000 -0.0000 -0.0000 -0.0000 -0.0000 -0.0000 -0.0000 -0.0000 -0.0000 -0.0000 -0.0000 -0.0000 -0.0000 -0.0000 -0.0000 -0.0000 -0.0000 -0.0000  0.0000 -0.0000 -0.0000  0.0000  0.0000  0.0000  0.0000 -0.0000  0.0000 -0.0000 -0.0000  0.0000 -0.0000  0.0059  0.0008 -0.0030  0.0017  0.0006  0.0013 -0.0053  0.0025 -0.0014 -0.0032 -0.0097 -0.0106  0.0025 -0.0074  0.0158 -0.0031  0.0030 -0.0075  0.0070  0.0045  0.0029 -0.0192  0.0008 -0.0198 -0.0191 -0.0058  0.0061  0.0435 -0.0455 -0.0334  0.0027
 0.3150000E-01 0.1632653E+03 0.3600000E+02 0.7407506E+01 0.9846579E-02 0.2481346E-02 0.1191674E-01
  0.0000  0.0000  0.0000  0.0000 -0.0000 -0.0000  0.0000 -0.0000 -0.0000 -0.0000 -0.0000 -0.0000  0.0000 -0.0000 -0.0000 -0.0000  0.0000 -0.0000  0.0000 -0.0000 -0.0000 -0.0000 -0.0000 -0.0000 -0.0000 -0.0000 -0.0000 -0.0000 -0.0000 -0.0000 -0.0000 -0.0000 -0.0000 -0.0000 -0.0000 -0.0000 -0.0000 -0.0000 -0.0000 -0.0000 -0.0000 -0.0000 -0.0000 -0.0000 -0.0000 -0.0000 -0.0000 -0.0000 -0.0000 -0.0000 -0.0000 -0.0000 -0.0000 -0.0000 -0.0000  0.0000 -0.0000 -0.0000  0.0000  0.0000 -0.0000  0.0000 -0.0000  0.0000 -0.0000 -0.0000  0.0000 -0.0000  0.0054  0.0004 -0.0035  0.0013  0.0013  0.0019 -0.0054  0.0017 -0.0005 -0.0012 -0.0095 -0.0104  0.0007 -0.0069  0.0140 -0.0047  0.0032 -0.0077  0.0056  0.0038  0.0019 -0.0174  0.0047 -0.0162 -0.0270 -0.0077  0.0112  0.0426 -0.0454 -0.0322  0.0030
 0.3650000E-01 0.1409002E+03 0.3600000E+02 0.6907672E+01 0.9528502E-02 0.2271480E-02 0.1139345E-01
  0.0000  0.0000  0.0000  0.0000 -0.0000 -0.0000  0.0000 -0.0000 -0.0000 -0.0000 -0.0000 -0.0000  0.0000 -0.0000 -0.0000 -0.0000  0.0000 -0.0000  0.0000 -0.0000 -0.0000 -0.0000 -0.0000 -0.0000 -0.0000 -0.0000 -0.0000 -0.0000 -0.0000 -0.0000 -0.0000 -0.0000 -0.0000 -0.0000 -0.0000 -0.0000 -0.0000 -0.0000 -0.0000 -0.0000 -0.0000 -0.0000 -0.0000 -0.0000 -0.0000 -0.0000 -0.0000 -0.0000 -0.0000 -0.0000 -0.0000 -0.0000 -0.0000 -0.0000 -0.0000  0.0000 -0.0000 -0.0000  0.0000  0.0000 -0.0000  0.0000 -0.0000  0.0000 -0.0000 -0.0000  0.0000 -0.0000  0.0050  0.0007 -0.0036  0.0010  0.0016  0.0023 -0.0055  0.0022 -0.0006 -0.0006 -0.0093 -0.0105 -0.0008 -0.0061  0.0138 -0.0058  0.0017 -0.0042  0.0072  0.0059  0.0011 -0.0149  0.0034 -0.0181 -0.0278 -0.0127  0.0118  0.0432 -0.0448 -0.0307  0.0026
 0.4200000E-01 0.1224490E+03 0.3600000E+02 0.6429012E+01 0.8415408E-02 0.2179965E-02 0.1024226E-01
  0.0000  0.0000  0.0000  0.0000 -0.0000 -0.0000  0.0000 -0.0000 -0.0000 -0.0000 -0.0000 -0.0000 -0.0000 -0.0000 -0.0000 -0.0000  0.0000 -0.0000  0.0000 -0.0000 -0.0000 -0.0000 -0.0000 -0.0000 -0.0000 -0.0000 -0.0000 -0.0000 -0.0000 -0.0000 -0.0000 -0.0000 -0.0000 -0.0000 -0.0000 -0.0000 -0.0000 -0.0000 -0.0000 -0.0000 -0.0000 -0.0000 -0.0000 -0.0000 -0.0000 -0.0000 -0.0000 -0.0000 -0.0000 -0.0000 -0.0000 -0.0000 -0.0000 -0.0000 -0.0000  0.0000 -0.0000 -0.0000  0.0000  0.0000 -0.0000  0.0000 -0.0000  0.0000 -0.0000 -0.0000  0.0000 -0.0000  0.0049  0.0005 -0.0036  0.0001  0.0014  0.0027 -0.0054  0.0010 -0.0007  0.0017 -0.0095 -0.0095 -0.0005 -0.0052  0.0111 -0.0068  0.0038 -0.0034  0.0042  0.0061  0.0015 -0.0202  0.0016 -0.0199 -0.0218 -0.0129  0.0099  0.0432 -0.0476 -0.0295  0.0020
 0.4800000E-01 0.1071429E+03 0.3600000E+02 0.5888451E+01 0.8107102E-02 0.2129840E-02 0.9748513E-02
  0.0000  0.0000  0.0000  0.0000 -0.0000 -0.0000  0.0000 -0.0000 -0.0000 -0.0000 -0.0000 -0.0000 -0.0000 -0.0000 -0.0000 -0.0000  0.0000 -0.0000  0.0000 -0.0000 -0.0000 -0.0000 -0.0000 -0.0000 -0.0000 -0.0000 -0.0000 -0.0000 -0.0000 -0.0000 -0.0000 -0.0000 -0.0000 -0.0000 -0.0000 -0.0000 -0.0000 -0.0000 -0.0000 -0.0000 -0.0000 -0.0000 -0.0000 -0.0000 -0.0000 -0.0000 -0.0000 -0.0000 -0.0000 -0.0000 -0.0000 -0.0000 -0.0000 -0.0000 -0.0000  0.0000 -0.0000 -0.0000  0.0000  0.0000 -0.0000 -0.0000 -0.0000  0.0000 -0.0000 -0.0000  0.0000 -0.0000  0.0043  0.0002 -0.0034 -0.0001  0.0015  0.0030 -0.0053  0.0014 -0.0003  0.0032 -0.0088 -0.0090 -0.0025 -0.0033  0.0102 -0.0067  0.0034 -0.0017  0.0078  0.0054  0.0008 -0.0169  0.0015 -0.0196 -0.0296 -0.0111  0.0140  0.0429 -0.0461 -0.0281  0.0021
 0.5400000E-01 0.9523809E+02 0.3600000E+02 0.5421847E+01 0.7471287E-02 0.1905846E-02 0.8947064E-02
 -0.0000  0.0000  0.0000  0.0000 -0.0000 -0.0000  0.0000 -0.0000 -0.0000 -0.0000 -0.0000 -0.0000 -0.0000 -0.0000 -0.0000 -0.0000  0.0000 -0.0000  0.0000 -0.0000 -0.0000 -0.0000 -0.0000 -0.0000 -0.0000 -0.0000 -0.0000 -0.0000 -0.0000 -0.0000 -0.0000 -0.0000 -0.0000 -0.0000 -0.0000 -0.0000 -0.0000 -0.0000 -0.0000 -0.0000 -0.0000 -0.0000 -0.0000 -0.0000 -0.0000 -0.0000 -0.0000 -0.0000 -0.0000 -0.0000 -0.0000 -0.0000 -0.0000 -0.0000 -0.0000  0.0000 -0.0000 -0.0000  0.0000  0.0000 -0.0000 -0.0000 -0.0000  0.0000 -0.0000 -0.0000  0.0000 -0.0000  0.0035  0.0000 -0.0030 -0.0004  0.0015  0.0030 -0.0047  0.0008 -0.0006  0.0046 -0.0082 -0.0083 -0.0040 -0.0025  0.0097 -0.0067  0.0024 -0.0036  0.0068  0.0079  0.0018 -0.0175 -0.0032 -0.0201 -0.0278 -0.0077  0.0048  0.0433 -0.0489 -0.0257  0.0008
 0.6050000E-01 0.8500591E+02 0.3600000E+02 0.4963799E+01 0.6834367E-02 0.1662777E-02 0.8407986E-02
 -0.0000  0.0000  0.0000  0.0000 -0.0000 -0.0000  0.0000 -0.0000 -0.0000 -0.0000 -0.0000 -0.0000 -0.0000 -0.0000 -0.0000 -0.0000  0.0000 -0.0000  0.0000 -0.0000 -0.0000 -0.0000 -0.0000 -0.0000 -0.0000 -0.0000 -0.0000 -0.0000 -0.0000 -0.0000 -0.0000 -0.0000 -0.0000 -0.0000 -0.0000 -0.0000 -0.0000 -0.0000 -0.0000 -0.0000 -0.0000 -0.0000 -0.0000 -0.0000 -0.0000 -0.0000 -0.0000 -0.0000 -0.0000 -0.0000 -0.0000 -0.0000 -0.0000 -0.0000 -0.0000  0.0000 -0.0000 -0.0000  0.0000 -0.0000 -0.0000 -0.0000 -0.0000  0.0000 -0.0000 -0.0000  0.0000 -0.0000  0.0032  0.0000 -0.0026 -0.0006  0.0015  0.0035 -0.0046  0.0008 -0.0010  0.0038 -0.0077 -0.0085 -0.0034 -0.0018  0.0083 -0.0066  0.0032  0.0008  0.0085  0.0043 -0.0036 -0.0161 -0.0040 -0.0244 -0.0315 -0.0065  0.0252  0.0474 -0.0505 -0.0289  0.0006
 0.6800000E-01 0.7563025E+02 0.3600000E+02 0.4496229E+01 0.6063425E-02 0.1545607E-02 0.7495399E-02
 -0.0000  0.0000  0.0000  0.0000 -0.0000 -0.0000  0.0000 -0.0000 -0.0000 -0.0000 -0.0000 -0.0000 -0.0000 -0.0000 -0.0000 -0.0000  0.0000 -0.0000  0.0000 -0.0000 -0.0000 -0.0000 -0.0000 -0.0000 -0.0000 -0.0000 -0.0000 -0.0000 -0.0000 -0.0000 -0.0000 -0.0000 -0.0000 -0.0000 -0.0000 -0.0000 -0.0000 -0.0000 -0.0000 -0.0000 -0.0000 -0.0000 -0.0000 -0.0000 -0.0000 -0.0000 -0.0000 -0.0000 -0.0000 -0.0000 -0.0000 -0.0000 -0.0000 -0.0000 -0.0000  0.0000 -0.0000 -0.0000  0.0000 -0.0000 -0.0000 -0.0000 -0.0000  0.0000 -0.0000 -0.0000 -0.0000 -0.0000  0.0024 -0.0003 -0.0025 -0.0009  0.0016  0.0037 -0.0040  0.0001 -0.0010  0.0062 -0.0077 -0.0077 -0.0052 -0.0003  0.0074 -0.0066  0.0033 -0.0011  0.0052  0.0053 -0.0002 -0.0130 -0.0030 -0.0291 -0.0307 -0.0055  0.0090  0.0468 -0.0549 -0.0273 -0.0005
 0.7650000E-01 0.6722689E+02 0.3600000E+02 0.4011234E+01 0.5352907E-02 0.1258859E-02 0.6638123E-02
 -0.0000  0.0000  0.0000  0.0000 -0.0000 -0.0000  0.0000 -0.0000 -0.0000 -0.0000 -0.0000 -0.0000 -0.0000 -0.0000 -0.0000 -0.0000  0.0000 -0.0000  0.0000 -0.0000 -0.0000 -0.0000 -0.0000 -0.0000 -0.0000 -0.0000 -0.0000 -0.0000 -0.0000 -0.0000 -0.0000 -0.0000 -0.0000 -0.0000 -0.0000 -0.0000 -0.0000 -0.0000 -0.0000 -0.0000 -0.0000 -0.0000 -0.0000 -0.0000 -0.0000 -0.0000 -0.0000 -0.0000 -0.0000 -0.0000 -0.0000 -0.0000 -0.0000 -0.0000 -0.0000 -0.0000 -0.0000 -0.0000  0.0000 -0.0000 -0.0000 -0.0000 -0.0000 -0.0000 -0.0000 -0.0000 -0.0000  0.0000  0.0021 -0.0003 -0.0019 -0.0015  0.0019  0.0043 -0.0038  0.0005 -0.0006  0.0066 -0.0066 -0.0079 -0.0036  0.0015  0.0041 -0.0062  0.0039  0.0009  0.0054  0.0083  0.0012 -0.0143 -0.0079 -0.0280 -0.0331 -0.0088  0.0196  0.0470 -0.0526 -0.0250 -0.0015
 0.8600000E-01 0.5980066E+02 0.3600000E+02 0.3563881E+01 0.4814651E-02 0.1112974E-02 0.5931628E-02
 -0.0000  0.0000  0.0000  0.0000 -0.0000 -0.0000  0.0000 -0.0000 -0.0000 -0.0000 -0.0000 -0.0000 -0.0000 -0.0000 -0.0000 -0.0000  0.0000 -0.0000  0.0000 -0.0000 -0.0000 -0.0000 -0.0000 -0.0000 -0.0000 -0.0000 -0.0000 -0.0000 -0.0000 -0.0000 -0.0000 -0.0000 -0.0000 -0.0000 -0.0000 -0.0000 -0.0000 -0.0000 -0.0000 -0.0000 -0.0000 -0.0000 -0.0000 -0.0000 -0.0000 -0.0000 -0.0000 -0.0000 -0.0000 -0.0000 -0.0000 -0.0000 -0.0000 -0.0000 -0.0000 -0.0000 -0.0000 -0.0000  0.0000 -0.0000 -0.0000 -0.0000 -0.0000 -0.0000 -0.0000 -0.0000 -0.0000  0.0000  0.0013 -0.0003 -0.0012 -0.0013  0.0015  0.0039 -0.0024  0.0005 -0.0017  0.0068 -0.0063 -0.0063 -0.0049  0.0004  0.0041 -0.0062  0.0036  0.0021  0.0077  0.0049  0.0018 -0.0124 -0.0117 -0.0263 -0.0301 -0.0061  0.0116  0.0489 -0.0558 -0.0238 -0.0017
 0.9650000E-01 0.5329385E+02 0.3600000E+02 0.3137508E+01 0.4291398E-02 0.1201115E-02 0.5333754E-02
 -0.0000  0.0000  0.0000  0.0000 -0.0000  0.0000  0.0000 -0.0000 -0.0000 -0.0000 -0.0000 -0.0000 -0.0000 -0.0000 -0.0000 -0.0000  0.0000 -0.0000  0.0000 -0.0000 -0.0000 -0.0000 -0.0000 -0.0000 -0.0000 -0.0000 -0.0000 -0.0000 -0.0000 -0.0000 -0.0000 -0.0000 -0.0000 -0.0000 -0.0000 -0.0000 -0.0000 -0.0000 -0.0000 -0.0000 -0.0000 -0.0000 -0.0000 -0.0000 -0.0000 -0.0000 -0.0000 -0.0000 -0.0000 -0.0000 -0.0000 -0.0000 -0.0000 -0.0000 -0.0000 -0.0000  0.0000 -0.0000  0.0000 -0.0000 -0.0000 -0.0000 -0.0000 -0.0000 -0.0000 -0.0000 -0.0000  0.0000  0.0003 -0.0008 -0.0003 -0.0019  0.0012  0.0039 -0.0018 -0.0005 -0.0023  0.0082 -0.0046 -0.0050 -0.0046  0.0025  0.0020 -0.0052  0.0035  0.0035  0.0048  0.0064 -0.0018 -0.0111 -0.0120 -0.0300 -0.0353 -0.0037  0.0172  0.0467 -0.0553 -0.0215 -0.0029
 0.1080000E+00 0.4761905E+02 0.3600000E+02 0.2753073E+01 0.3825350E-02 0.1013053E-02 0.4723371E-02
 -0.0000 -0.0000  0.0000 -0.0000 -0.0000  0.0000  0.0000 -0.0000 -0.0000 -0.0000 -0.0000 -0.0000 -0.0000 -0.0000 -0.0000 -0.0000  0.0000 -0.0000  0.0000 -0.0000 -0.0000 -0.0000 -0.0000 -0.0000 -0.0000 -0.0000 -0.0000 -0.0000 -0.0000 -0.0000 -0.0000 -0.0000 -0.0000 -0.0000 -0.0000 -0.0000 -0.0000 -0.0000 -0.0000 -0.0000 -0.0000 -0.0000 -0.0000 -0.0000 -0.0000 -0.0000 -0.0000 -0.0000 -0.0000 -0.0000 -0.0000 -0.0000 -0.0000 -0.0000  0.0000 -0.0000 -0.0000 -0.0000 -0.0000 -0.0000 -0.0000 -0.0000 -0.0000 -0.0000 -0.0000 -0.0000 -0.0000  0.0000 -0.0001 -0.0005 -0.0005 -0.0023  0.0006  0.0037 -0.0009  0.0004 -0.0031  0.0083 -0.0034 -0.0041 -0.0047  0.0027  0.0014 -0.0061  0.0028  0.0060  0.0069  0.0067  0.0018 -0.0083 -0.0158 -0.0270 -0.0304 -0.0117  0.0142  0.0505 -0.0562 -0.0201 -0.0034
 0.1210000E+00 0.4250295E+02 0.3600000E+02 0.2378566E+01 0.3299223E-02 0.8542761E-03 0.4056622E-02
 -0.0000 -0.0000  0.0000 -0.0000 -0.0000  0.0000  0.0000  0.0000  0.0000 -0.0000 -0.0000 -0.0000 -0.0000 -0.0000 -0.0000 -0.0000 -0.0000  0.0000 -0.0000 -0.0000 -0.0000 -0.0000 -0.0000 -0.0000 -0.0000 -0.0000 -0.0000 -0.0000 -0.0000 -0.0000 -0.0000 -0.0000 -0.0000 -0.0000 -0.0000 -0.0000 -0.0000 -0.0000 -0.0000 -0.0000 -0.0000 -0.0000 -0.0000 -0.0000 -0.0000 -0.0000 -0.0000 -0.0000 -0.0000 -0.0000 -0.0000 -0.0000 -0.0000 -0.0000  0.0000 -0.0000 -0.0000 -0.0000 -0.0000 -0.0000 -0.0000 -0.0000 -0.0000 -0.0000  0.0000  0.0000 -0.0000  0.0000 -0.0014 -0.0007  0.0002 -0.0023  0.0016  0.0042 -0.0003  0.0009 -0.0028  0.0087 -0.0030 -0.0047 -0.0049  0.0032 -0.0028 -0.0057  0.0033  0.0046  0.0037  0.0089  0.0022 -0.0059 -0.0122 -0.0256 -0.0364 -0.0126  0.0093  0.0473 -0.0572 -0.0165 -0.0047
 0.1365000E+00 0.3767661E+02 0.3600000E+02 0.2025942E+01 0.2790624E-02 0.6994270E-03 0.3454617E-02
 -0.0000 -0.0000 -0.0000 -0.0000 -0.0000  0.0000  0.0000  0.0000  0.0000 -0.0000 -0.0000 -0.0000 -0.0000 -0.0000 -0.0000 -0.0000  0.0000  0.0000  0.0000 -0.0000 -0.0000 -0.0000 -0.0000 -0.0000 -0.0000 -0.0000 -0.0000 -0.0000 -0.0000 -0.0000 -0.0000 -0.0000 -0.0000 -0.0000 -0.0000 -0.0000 -0.0000 -0.0000 -0.0000 -0.0000 -0.0000 -0.0000 -0.0000 -0.0000 -0.0000 -0.0000 -0.0000 -0.0000 -0.0000 -0.0000 -0.0000 -0.0000 -0.0000 -0.0000  0.0000 -0.0000  0.0000 -0.0000 -0.0000 -0.0000 -0.0000 -0.0000 -0.0000 -0.0000  0.0000  0.0000 -0.0000  0.0000 -0.0024 -0.0014  0.0008 -0.0029  0.0009  0.0039  0.0014 -0.0012 -0.0032  0.0104 -0.0019 -0.0018 -0.0052  0.0047 -0.0038 -0.0061  0.0027  0.0055 -0.0005  0.0001  0.0009 -0.0095 -0.0197 -0.0240 -0.0374 -0.0028  0.0088  0.0474 -0.0601 -0.0136 -0.0051
 0.1550000E+00 0.3317972E+02 0.3600000E+02 0.1690702E+01 0.2330522E-02 0.5476790E-03 0.2905261E-02
 -0.0000 -0.0000 -0.0000 -0.0000  0.0000  0.0000 -0.0000  0.0000  0.0000 -0.0000  0.0000 -0.0000 -0.0000  0.0000  0.0000  0.0000  0.0000  0.0000 -0.0000 -0.0000 -0.0000 -0.0000 -0.0000 -0.0000 -0.0000 -0.0000 -0.0000 -0.0000 -0.0000 -0.0000 -0.0000 -0.0000 -0.0000 -0.0000 -0.0000 -0.0000 -0.0000 -0.0000 -0.0000 -0.0000 -0.0000 -0.0000 -0.0000 -0.0000 -0.0000 -0.0000 -0.0000 -0.0000 -0.0000 -0.0000 -0.0000 -0.0000 -0.0000 -0.0000  0.0000 -0.0000  0.0000 -0.0000 -0.0000 -0.0000 -0.0000 -0.0000  0.0000 -0.0000  0.0000  0.0000 -0.0000  0.0000 -0.0039 -0.0008  0.0020 -0.0034  0.0005  0.0039  0.0018 -0.0004 -0.0047  0.0087 -0.0000 -0.0013 -0.0042  0.0055 -0.0058 -0.0040  0.0043  0.0086  0.0029 -0.0012 -0.0031 -0.0008 -0.0204 -0.0253 -0.0402 -0.0112  0.0140  0.0501 -0.0590 -0.0097 -0.0057
 0.1770000E+00 0.2905569E+02 0.3600000E+02 0.1388810E+01 0.1894788E-02 0.5246665E-03 0.2405328E-02
 -0.0000 -0.0000 -0.0000 -0.0000  0.0000  0.0000 -0.0000  0.0000  0.0000 -0.0000  0.0000 -0.0000 -0.0000  0.0000  0.0000  0.0000  0.0000  0.0000 -0.0000 -0.0000 -0.0000 -0.0000 -0.0000 -0.0000 -0.0000 -0.0000 -0.0000 -0.0000 -0.0000 -0.0000 -0.0000 -0.0000 -0.0000 -0.0000 -0.0000 -0.0000 -0.0000 -0.0000 -0.0000 -0.0000 -0.0000 -0.0000 -0.0000 -0.0000 -0.0000 -0.0000 -0.0000 -0.0000 -0.0000 -0.0000 -0.0000 -0.0000 -0.0000 -0.0000  0.0000 -0.0000  0.0000 -0.0000 -0.0000 -0.0000 -0.0000 -0.0000  0.0000 -0.0000  0.0000  0.0000 -0.0000  0.0000 -0.0047 -0.0013  0.0023 -0.0039  0.0007  0.0037  0.0031 -0.0002 -0.0044  0.0112  0.0020 -0.0010 -0.0049  0.0075 -0.0073 -0.0039  0.0030  0.0054 -0.0034 -0.0018 -0.0011 -0.0002 -0.0231 -0.0224 -0.0404 -0.0089  0.0070  0.0508 -0.0637 -0.0068 -0.0067
 0.2040000E+00 0.2521008E+02 0.3600000E+02 0.1109525E+01 0.1554151E-02 0.3520160E-03 0.1980399E-02
 -0.0000 -0.0000 -0.0000 -0.0000  0.0000  0.0000 -0.0000  0.0000  0.0000 -0.0000  0.0000 -0.0000 -0.0000  0.0000  0.0000  0.0000  0.0000  0.0000 -0.0000 -0.0000 -0.0000 -0.0000 -0.0000 -0.0000 -0.0000 -0.0000 -0.0000 -0.0000 -0.0000 -0.0000 -0.0000 -0.0000 -0.0000 -0.0000 -0.0000 -0.0000 -0.0000 -0.0000 -0.0000 -0.0000 -0.0000 -0.0000 -0.0000 -0.0000 -0.0000 -0.0000 -0.0000 -0.0000 -0.0000 -0.0000 -0.0000 -0.0000 -0.0000 -0.0000  0.0000 -0.0000  0.0000 -0.0000 -0.0000 -0.0000 -0.0000 -0.0000  0.0000 -0.0000  0.0000  0.0000 -0.0000  0.0000 -0.0063 -0.0013  0.0032 -0.0044 -0.0001  0.0045  0.0044 -0.0009 -0.0049  0.0111  0.0046  0.0020 -0.0055  0.0082 -0.0103 -0.0028  0.0038  0.0078 -0.0036 -0.0084 -0.0033  0.0003 -0.0334 -0.0218 -0.0418 -0.0148  0.0052  0.0534 -0.0637 -0.0021 -0.0079
 0.2385000E+00 0.2156334E+02 0.3600000E+02 0.8495194E+00 0.1187691E-02 0.2724068E-03 0.1536590E-02
 -0.0000 -0.0000 -0.0000 -0.0000  0.0000  0.0000 -0.0000  0.0000  0.0000 -0.0000  0.0000 -0.0000 -0.0000  0.0000  0.0000  0.0000 -0.0000  0.0000 -0.0000 -0.0000 -0.0000 -0.0000 -0.0000 -0.0000 -0.0000 -0.0000 -0.0000 -0.0000 -0.0000 -0.0000 -0.0000 -0.0000 -0.0000 -0.0000 -0.0000 -0.0000 -0.0000 -0.0000 -0.0000 -0.0000 -0.0000 -0.0000 -0.0000 -0.0000 -0.0000 -0.0000 -0.0000 -0.0000 -0.0000 -0.0000 -0.0000 -0.0000 -0.0000 -0.0000  0.0000 -0.0000  0.0000 -0.0000 -0.0000 -0.0000 -0.0000 -0.0000  0.0000 -0.0000  0.0000  0.0000 -0.0000  0.0000 -0.0078 -0.0018  0.0035 -0.0051  0.0004  0.0041  0.0054 -0.0002 -0.0047  0.0107  0.0080  0.0039 -0.0050  0.0082 -0.0161 -0.0009  0.0052  0.0092 -0.0056 -0.0096 -0.0076  0.0021 -0.0345 -0.0222 -0.0449 -0.0124  0.0168  0.0539 -0.0630  0.0019 -0.0102
 0.2850000E+00 0.1804511E+02 0.3600000E+02 0.6159951E+00 0.8575912E-03 0.2331494E-03 0.1377387E-02
 -0.0000 -0.0000 -0.0000 -0.0000  0.0000  0.0000 -0.0000  0.0000  0.0000 -0.0000  0.0000 -0.0000 -0.0000 -0.0000  0.0000  0.0000 -0.0000  0.0000 -0.0000 -0.0000 -0.0000 -0.0000 -0.0000 -0.0000 -0.0000 -0.0000 -0.0000 -0.0000 -0.0000 -0.0000 -0.0000 -0.0000 -0.0000 -0.0000 -0.0000 -0.0000 -0.0000 -0.0000 -0.0000 -0.0000 -0.0000 -0.0000 -0.0000 -0.0000 -0.0000 -0.0000 -0.0000 -0.0000 -0.0000 -0.0000 -0.0000 -0.0000 -0.0000 -0.0000  0.0000 -0.0000  0.0000 -0.0000 -0.0000 -0.0000 -0.0000 -0.0000  0.0000 -0.0000  0.0000  0.0000 -0.0000  0.0000 -0.0105 -0.0023  0.0034 -0.0063  0.0009  0.0050  0.0071  0.0029 -0.0050  0.0099  0.0133  0.0034 -0.0050  0.0103 -0.0177 -0.0020  0.0061  0.0098 -0.0077 -0.0177 -0.0117 -0.0001 -0.0518 -0.0340 -0.0669 -0.0214  0.0159  0.0877 -0.1010 -0.0183 -0.0165
 0.3515000E+00 0.1463117E+02 0.3600000E+02 0.4112664E+00 0.5775371E-03 0.1573768E-03 0.9482939E-03
 -0.0000 -0.0000 -0.0000 -0.0000  0.0000  0.0000 -0.0000  0.0000  0.0000  0.0000  0.0000 -0.0000 -0.0000 -0.0000  0.0000  0.0000 -0.0000  0.0000 -0.0000 -0.0000 -0.0000 -0.0000 -0.0000 -0.0000 -0.0000 -0.0000 -0.0000 -0.0000 -0.0000 -0.0000 -0.0000 -0.0000 -0.0000 -0.0000 -0.0000 -0.0000 -0.0000 -0.0000 -0.0000 -0.0000 -0.0000 -0.0000 -0.0000 -0.0000 -0.0000 -0.0000 -0.0000 -0.0000 -0.0000 -0.0000 -0.0000 -0.0000 -0.0000 -0.0000  0.0000 -0.0000 -0.0000 -0.0000 -0.0000 -0.0000 -0.0000 -0.0000  0.0000 -0.0000  0.0000  0.0000 -0.0000  0.0000 -0.0124 -0.0025  0.0023 -0.0066  0.0014  0.0036  0.0081  0.0029 -0.0024  0.0091  0.0201  0.0083 -0.0049  0.0111 -0.0205 -0.0001  0.0055  0.0135 -0.0057 -0.0218 -0.0168  0.0032 -0.0592 -0.0342 -0.0718 -0.0198  0.0157  0.0918 -0.1009 -0.0115 -0.0184
 0.4575000E+00 0.1124122E+02 0.3600000E+02 0.2387276E+00 0.3439684E-03 0.9425310E-04 0.5722814E-03
 -0.0000 -0.0000 -0.0000 -0.0000  0.0000  0.0000 -0.0000  0.0000  0.0000  0.0000 -0.0000 -0.0000 -0.0000 -0.0000 -0.0000  0.0000 -0.0000  0.0000 -0.0000 -0.0000 -0.0000 -0.0000 -0.0000 -0.0000 -0.0000 -0.0000 -0.0000 -0.0000 -0.0000 -0.0000 -0.0000 -0.0000 -0.0000 -0.0000 -0.0000 -0.0000 -0.0000 -0.0000 -0.0000 -0.0000 -0.0000 -0.0000 -0.0000 -0.0000 -0.0000 -0.0000 -0.0000 -0.0000 -0.0000 -0.0000 -0.0000 -0.0000 -0.0000 -0.0000  0.0000 -0.0000 -0.0000 -0.0000 -0.0000 -0.0000 -0.0000 -0.0000  0.0000  0.0000  0.0000 -0.0000 -0.0000  0.0000 -0.0148 -0.0036 -0.0008 -0.0066  0.0027  0.0026  0.0094  0.0041  0.0040  0.0069  0.0312  0.0149 -0.0055  0.0108 -0.0262  0.0018  0.0059  0.0124 -0.0131 -0.0288 -0.0184  0.0044 -0.0591 -0.0355 -0.0747 -0.0164  0.0139  0.0953 -0.1035 -0.0065 -0.0218
 0.6095000E+00 0.8437830E+01 0.3600000E+02 0.1236509E+00 0.2153117E-03 0.8464042E-04 0.3453140E-03
 -0.0000 -0.0000 -0.0000 -0.0000  0.0000  0.0000 -0.0000  0.0000  0.0000  0.0000 -0.0000 -0.0000 -0.0000 -0.0000 -0.0000  0.0000 -0.0000  0.0000 -0.0000 -0.0000 -0.0000 -0.0000 -0.0000 -0.0000 -0.0000 -0.0000 -0.0000 -0.0000 -0.0000 -0.0000 -0.0000 -0.0000 -0.0000 -0.0000 -0.0000 -0.0000 -0.0000 -0.0000 -0.0000 -0.0000 -0.0000 -0.0000 -0.0000 -0.0000 -0.0000 -0.0000 -0.0000 -0.0000 -0.0000 -0.0000 -0.0000 -0.0000 -0.0000 -0.0000  0.0000 -0.0000 -0.0000  0.0000 -0.0000 -0.0000 -0.0000 -0.0000  0.0000  0.0000  0.0000 -0.0000 -0.0000  0.0000 -0.0169 -0.0048 -0.0055 -0.0062  0.0060 -0.0013  0.0110  0.0069  0.0170  0.0036  0.0468  0.0235 -0.0081  0.0149 -0.0289  0.0078  0.0038  0.0116 -0.0168 -0.0396 -0.0311  0.0056 -0.0719 -0.0458 -0.0823 -0.0189  0.0042  0.0992 -0.1027  0.0040 -0.0182
 0.8065000E+00 0.6376760E+01 0.3600000E+02 0.6195229E-01 0.1340177E-03 0.4640692E-04 0.1983395E-03
 -0.0000 -0.0000 -0.0000 -0.0000  0.0000  0.0000 -0.0000  0.0000 -0.0000  0.0000 -0.0000 -0.0000  0.0000 -0.0000 -0.0000  0.0000 -0.0000  0.0000 -0.0000 -0.0000 -0.0000 -0.0000 -0.0000 -0.0000 -0.0000 -0.0000 -0.0000 -0.0000 -0.0000 -0.0000 -0.0000 -0.0000 -0.0000 -0.0000 -0.0000 -0.0000 -0.0000 -0.0000 -0.0000 -0.0000 -0.0000 -0.0000 -0.0000 -0.0000 -0.0000 -0.0000 -0.0000 -0.0000 -0.0000 -0.0000 -0.0000 -0.0000 -0.0000 -0.0000  0.0000 -0.0000 -0.0000  0.0000 -0.0000 -0.0000 -0.0000 -0.0000  0.0000  0.0000  0.0000 -0.0000 -0.0000 -0.0000 -0.0182 -0.0070 -0.0130 -0.0042  0.0091 -0.0084  0.0112  0.0129  0.0360 -0.0016  0.0649  0.0367 -0.0094  0.0168 -0.0287  0.0116 -0.0014  0.0085 -0.0181 -0.0401 -0.0375  0.0069 -0.0722 -0.0497 -0.0827 -0.0139  0.0010  0.1072 -0.1033  0.0100 -0.0218
 0.1035500E+01 0.4966545E+01 0.3600000E+02 0.3195413E-01 0.9359780E-04 0.2855162E-04 0.1234167E-03
 -0.0000 -0.0000 -0.0000 -0.0000  0.0000  0.0000 -0.0000  0.0000 -0.0000  0.0000 -0.0000 -0.0000  0.0000 -0.0000 -0.0000  0.0000 -0.0000  0.0000 -0.0000 -0.0000 -0.0000 -0.0000 -0.0000 -0.0000 -0.0000 -0.0000 -0.0000 -0.0000 -0.0000 -0.0000 -0.0000 -0.0000 -0.0000 -0.0000 -0.0000 -0.0000 -0.0000 -0.0000 -0.0000 -0.0000 -0.0000 -0.0000 -0.0000 -0.0000 -0.0000 -0.0000 -0.0000 -0.0000 -0.0000 -0.0000 -0.0000 -0.0000 -0.0000 -0.0000 -0.0000  0.0000 -0.0000  0.0000 -0.0000 -0.0000 -0.0000 -0.0000  0.0000  0.0000  0.0000 -0.0000 -0.0000 -0.0000 -0.0195 -0.0076 -0.0191 -0.0021  0.0130 -0.0163  0.0126  0.0208  0.0515 -0.0025  0.0797  0.0480 -0.0052  0.0177 -0.0298  0.0151  0.0010  0.0092 -0.0230 -0.0317 -0.0365  0.0028 -0.0689 -0.0538 -0.0808 -0.0231  0.0054  0.1104 -0.0999  0.0128 -0.0273
 0.1324500E+01 0.3882867E+01 0.3600000E+02 0.1646899E-01 0.5591000E-04 0.1446047E-04 0.7352274E-04
  0.0000 -0.0000 -0.0000 -0.0000  0.0000  0.0000 -0.0000  0.0000 -0.0000  0.0000 -0.0000 -0.0000  0.0000 -0.0000 -0.0000  0.0000 -0.0000  0.0000 -0.0000 -0.0000 -0.0000 -0.0000 -0.0000 -0.0000 -0.0000 -0.0000 -0.0000 -0.0000 -0.0000 -0.0000 -0.0000 -0.0000 -0.0000 -0.0000 -0.0000 -0.0000 -0.0000 -0.0000 -0.0000 -0.0000 -0.0000 -0.0000 -0.0000 -0.0000 -0.0000 -0.0000 -0.0000 -0.0000 -0.0000 -0.0000 -0.0000 -0.0000 -0.0000 -0.0000  0.0000  0.0000 -0.0000  0.0000 -0.0000 -0.0000 -0.0000 -0.0000  0.0000  0.0000  0.0000 -0.0000 -0.0000 -0.0000 -0.0245 -0.0065 -0.0206 -0.0006  0.0179 -0.0228  0.0154  0.0336  0.0605 -0.0029  0.0910  0.0537 -0.0070  0.0168 -0.0297  0.0176  0.0024  0.0079 -0.0264 -0.0166 -0.0388  0.0079 -0.0813 -0.0666 -0.0911 -0.0440  0.0012  0.1330 -0.1157  0.0021 -0.0417
 0.1721500E+01 0.2987428E+01 0.3600000E+02 0.7910013E-02 0.3328865E-04 0.7489883E-05 0.4137014E-04
 -0.0000 -0.0000 -0.0000 -0.0000  0.0000  0.0000 -0.0000  0.0000  0.0000  0.0000 -0.0000 -0.0000  0.0000 -0.0000 -0.0000  0.0000 -0.0000  0.0000 -0.0000 -0.0000 -0.0000 -0.0000 -0.0000 -0.0000 -0.0000 -0.0000 -0.0000 -0.0000 -0.0000 -0.0000 -0.0000 -0.0000 -0.0000 -0.0000 -0.0000 -0.0000 -0.0000 -0.0000 -0.0000 -0.0000 -0.0000 -0.0000 -0.0000 -0.0000 -0.0000 -0.0000 -0.0000 -0.0000 -0.0000 -0.0000 -0.0000 -0.0000 -0.0000 -0.0000  0.0000 -0.0000 -0.0000  0.0000 -0.0000 -0.0000 -0.0000 -0.0000  0.0000  0.0000  0.0000 -0.0000 -0.0000  0.0000 -0.0326 -0.0028 -0.0206 -0.0049  0.0199 -0.0257  0.0211  0.0362  0.0561  0.0041  0.0969  0.0566 -0.0004  0.0189 -0.0375  0.0113  0.0082  0.0165 -0.0429 -0.0510 -0.0406 -0.0042 -0.1014 -0.0715 -0.0951 -0.0245  0.0149  0.1334 -0.1176  0.0142 -0.0444
 0.2234500E+01 0.2301570E+01 0.3600000E+02 0.3889114E-02 0.2117297E-04 0.5022009E-05 0.2501832E-04
 -0.0000 -0.0000 -0.0000 -0.0000  0.0000  0.0000 -0.0000  0.0000  0.0000  0.0000 -0.0000 -0.0000 -0.0000 -0.0000 -0.0000  0.0000 -0.0000  0.0000 -0.0000 -0.0000 -0.0000 -0.0000 -0.0000 -0.0000 -0.0000 -0.0000 -0.0000 -0.0000 -0.0000 -0.0000 -0.0000 -0.0000 -0.0000 -0.0000 -0.0000 -0.0000 -0.0000 -0.0000 -0.0000 -0.0000 -0.0000 -0.0000 -0.0000 -0.0000 -0.0000 -0.0000 -0.0000 -0.0000 -0.0000 -0.0000 -0.0000 -0.0000 -0.0000 -0.0000  0.0000 -0.0000 -0.0000  0.0000 -0.0000 -0.0000 -0.0000 -0.0000  0.0000  0.0000  0.0000 -0.0000 -0.0000  0.0000 -0.0408  0.0027 -0.0171 -0.0070  0.0217 -0.0268  0.0232  0.0400  0.0456  0.0056  0.1032  0.0552 -0.0054  0.0272 -0.0371  0.0103  0.0075  0.0339 -0.0381 -0.0755 -0.0488  0.0072 -0.1083 -0.0770 -0.1220  0.0034  0.0297  0.1275 -0.1140  0.0270 -0.0563
 0.2899500E+01 0.1773705E+01 0.3600000E+02 0.1950560E-02 0.1296878E-04 0.3052277E-05 0.1473170E-04
 -0.0000 -0.0000 -0.0000 -0.0000  0.0000  0.0000 -0.0000  0.0000  0.0000  0.0000 -0.0000  0.0000 -0.0000 -0.0000 -0.0000  0.0000 -0.0000  0.0000 -0.0000 -0.0000 -0.0000 -0.0000 -0.0000 -0.0000 -0.0000 -0.0000 -0.0000 -0.0000 -0.0000 -0.0000 -0.0000 -0.0000 -0.0000 -0.0000 -0.0000 -0.0000 -0.0000 -0.0000 -0.0000 -0.0000 -0.0000 -0.0000 -0.0000 -0.0000 -0.0000 -0.0000 -0.0000 -0.0000 -0.0000 -0.0000 -0.0000 -0.0000 -0.0000 -0.0000  0.0000 -0.0000 -0.0000  0.0000 -0.0000 -0.0000 -0.0000 -0.0000  0.0000  0.0000  0.0000 -0.0000 -0.0000  0.0000 -0.0422  0.0034 -0.0154 -0.0099  0.0198 -0.0275  0.0241  0.0372  0.0427  0.0106  0.1021  0.0647 -0.0021  0.0298 -0.0483  0.0143  0.0130  0.0170 -0.0317 -0.0724 -0.0618  0.0227 -0.1178 -0.0568 -0.1024 -0.0219  0.0421  0.1391 -0.1189  0.0303 -0.0583
 0.4138500E+01 0.1242686E+01 0.3600000E+02 0.8586706E-03 0.5728840E-05 0.1522654E-05 0.6609229E-05
 -0.0000 -0.0000 -0.0000 -0.0000  0.0000  0.0000 -0.0000  0.0000  0.0000  0.0000 -0.0000  0.0000 -0.0000 -0.0000 -0.0000  0.0000 -0.0000  0.0000 -0.0000 -0.0000 -0.0000 -0.0000 -0.0000 -0.0000 -0.0000 -0.0000 -0.0000 -0.0000 -0.0000 -0.0000 -0.0000 -0.0000 -0.0000 -0.0000 -0.0000 -0.0000 -0.0000 -0.0000 -0.0000 -0.0000 -0.0000 -0.0000 -0.0000 -0.0000 -0.0000 -0.0000 -0.0000 -0.0000 -0.0000 -0.0000 -0.0000 -0.0000 -0.0000 -0.0000  0.0000 -0.0000 -0.0000  0.0000 -0.0000 -0.0000 -0.0000 -0.0000  0.0000  0.0000  0.0000 -0.0000 -0.0000  0.0000 -0.0436 -0.0001 -0.0128 -0.0110  0.0156 -0.0290  0.0231  0.0415  0.0397  0.0130  0.1046  0.0679 -0.0021  0.0282 -0.0685  0.0185  0.0113  0.0336 -0.0411 -0.0616 -0.0177  0.0054 -0.0893 -0.0667 -0.1298  0.0041 -0.0925  0.1182 -0.1446  0.0379 -0.0774
 0.7500000E+01 0.6857143E+00 0.3600000E+02 0.2496117E-03 0.1808438E-05 0.4443253E-06 0.2069787E-05
 -0.0000 -0.0000 -0.0000 -0.0000  0.0000  0.0000 -0.0000  0.0000  0.0000  0.0000 -0.0000  0.0000 -0.0000 -0.0000 -0.0000  0.0000 -0.0000  0.0000 -0.0000 -0.0000 -0.0000 -0.0000 -0.0000 -0.0000 -0.0000 -0.0000 -0.0000 -0.0000 -0.0000 -0.0000 -0.0000 -0.0000 -0.0000 -0.0000 -0.0000 -0.0000 -0.0000 -0.0000 -0.0000 -0.0000 -0.0000 -0.0000 -0.0000 -0.0000 -0.0000 -0.0000 -0.0000 -0.0000 -0.0000 -0.0000 -0.0000 -0.0000 -0.0000 -0.0000  0.0000 -0.0000 -0.0000  0.0000 -0.0000 -0.0000 -0.0000 -0.0000  0.0000  0.0000  0.0000 -0.0000 -0.0000  0.0000 -0.0423 -0.0005 -0.0058 -0.0144  0.0060 -0.0271  0.0231  0.0351  0.0324  0.0112  0.1088  0.0753  0.0032  0.0489 -0.0673  0.0347  0.0041  0.0477 -0.0140 -0.0925 -0.0455  0.0187 -0.1403 -0.0804 -0.1541  0.0010  0.0382  0.1253 -0.1081  0.0492 -0.0707
