CF_EWK
1.
1.
1.
1.
1.
1.0011328244974604     
0.99838578366355168     
0.99947834715550399     
0.99998820493637330     
0.99954058927242484     
0.99894775188354867     
0.99962739367103082     
1.0017987922350007     
0.99856121049378732     
0.99979362425764884     
0.99861981610112771     
1.0018318786992109     
1.0006658763497551     
1.0007161100571964     
1.0003097515227304     
0.99908440743217830     
1.0004573583333536     
0.99835050240511658     
0.99976675536129356     
0.99824724551059296     
0.99824776092621592     
