3.946281000000000268e-03 6.221012999999999682e-01 6.139914000000000094e+00 9.681851802338293789e-01 9.429957856915936742e-02 1.758765747840000324e-02
5.406211000000000176e-03 5.697012000000000187e-01 6.288172000000000317e+00 6.095811774230583957e-01 4.854272591754150989e-02 1.018474700432000085e-01
7.403410000000000026e-03 5.202755000000000019e-01 6.426734999999999864e+00 6.805604623359071681e-01 2.630654891216328839e-02 1.143430995018000079e-01
7.477387000000000269e-03 6.834786000000000472e-01 1.715043000000000006e+01 5.682243643282377521e-01 4.211848045964634857e-02 2.043349099715000006e-01
1.011629999999999995e-02 4.623962999999999823e-01 6.535050000000000026e+00 2.564746322359063302e-01 1.490637594830637389e-02 1.161778705428000019e-01
1.021144000000000045e-02 6.542023999999999617e-01 1.898857999999999890e+01 7.304858945862864328e-01 2.007563649283135646e-02 1.703299917067999936e-01
1.385868999999999990e-02 4.030367999999999729e-01 6.635373000000000410e+00 2.152673425197561830e-01 8.664142004140501854e-03 9.838442547860000442e-02
1.398309000000000010e-02 6.193351000000000273e-01 2.163459999999999894e+01 1.228639382025357440e-01 1.003348208942085942e-02 1.290660223061999845e-01
1.898982000000000100e-02 3.474624000000000046e-01 6.736456000000000444e+00 1.588140713679006555e-01 5.177826709466200154e-03 7.449426184200000356e-02
1.914460999999999941e-02 5.787510999999999628e-01 2.448772999999999911e+01 1.316870309598950350e-01 5.523033379694420111e-03 1.002428874798999975e-01
2.606653000000000095e-02 2.845893999999999924e-01 6.800079000000000207e+00 1.590830341840298034e-01 3.132390611606541541e-03 5.267963555743000043e-02
2.626718999999999929e-02 5.393696000000000046e-01 2.769109999999999872e+01 1.338860549376105491e-01 2.862408450780653136e-03 6.792652638720000913e-02
3.581600000000000061e-02 2.351408000000000109e-01 6.863836000000000048e+00 4.250221179825702800e-02 1.907073213037754986e-03 3.413285597278999800e-02
3.605089999999999684e-02 4.892853999999999814e-01 3.109305000000000163e+01 1.378257147476983357e-01 1.542059727994976506e-03 4.274939000900000036e-02
3.675239999999999757e-02 7.435690000000000355e-01 1.357917999999999950e+02 5.780486824892643039e-02 6.841090090098847845e-03 3.558293175635000166e-02
4.901302999999999910e-02 1.865584000000000131e-01 6.896652999999999700e+00 4.310605666242077472e-02 1.164513791891781582e-03 2.052218825018000195e-02
4.932695000000000135e-02 4.363109000000000015e-01 3.424987000000000137e+01 4.096446841000660893e-02 8.453350467549070307e-04 2.518823193091999577e-02
5.007417000000000118e-02 6.928874999999999895e-01 1.476285000000000025e+02 5.097504886714139538e-02 2.633733477030150705e-03 1.993881943935000081e-02
6.700741000000000336e-02 1.472926999999999986e-01 6.923566000000000109e+00 8.570192487075099785e-04 6.954261222435301508e-04 1.150147103999000185e-02
6.735452000000000106e-02 3.793890999999999791e-01 3.733990000000000009e+01 1.579046297627631490e-04 4.656168821441663305e-04 1.392353965080000110e-02
6.835583000000000631e-02 6.358103999999999978e-01 1.605801999999999907e+02 2.368590110672757001e-02 1.086867838414512987e-03 9.966136426199999343e-03
9.168632000000000171e-02 1.116057000000000021e-01 6.991729000000000305e+00 6.755831231663633925e-03 4.094792488016272777e-04 5.986135372142000442e-03
9.207564000000000026e-02 3.198709000000000136e-01 3.986674000000000007e+01 5.843990856607831838e-03 2.555109139744571236e-04 7.009396217699999723e-03
9.305114000000000440e-02 5.810496000000000549e-01 1.775002000000000066e+02 9.538665400300237393e-03 4.665393998108136606e-04 4.545547086960000441e-03
1.258481999999999934e-01 8.422432000000000529e-02 6.999075000000000379e+00 9.741331182315540044e-03 2.370514543166622572e-04 2.934505698179999938e-03
1.262600999999999862e-01 2.600503000000000120e-01 4.161102999999999952e+01 1.920181594248723117e-03 1.385575613673662018e-04 3.221761301928000032e-03
1.273262000000000005e-01 5.209295000000000453e-01 1.969319000000000131e+02 5.826541980186180671e-03 2.066331357184923376e-04 1.598021139054999970e-03
1.740481999999999863e-01 6.237778000000000073e-02 7.020202000000000275e+00 2.415340680036499963e-03 1.331665112135091249e-04 1.375015341699999940e-03
1.738223000000000129e-01 2.046460999999999975e-01 4.301650999999999669e+01 2.859713089360518823e-03 7.408191358088699106e-05 1.271062728269999964e-03
1.749973999999999974e-01 4.511395000000000266e-01 2.175827999999999918e+02 2.959941300390676096e-03 9.092736690056520577e-05 2.791960377959999467e-04
2.402608999999999995e-01 4.637629000000000057e-02 6.913988999999999940e+00 1.236350283063291549e-03 7.392322176837635788e-05 6.896150618885000519e-04
2.390860999999999958e-01 1.564232000000000122e-01 4.337868000000000279e+01 1.587801196568064356e-03 3.887770347975953960e-05 4.352198955000000351e-04
2.400146999999999975e-01 3.847963999999999829e-01 2.415915999999999997e+02 1.149733998714617088e-03 4.069264102829180454e-05 1.826931736419999967e-04
3.295815000000000272e-01 3.306077999999999795e-02 6.743330000000000268e+00 1.649778751126943378e-03 5.100620009798339540e-05 4.992788009541999092e-04
3.275345000000000062e-01 1.167569999999999997e-01 4.273429999999999751e+01 5.022767320147639766e-04 2.096199225209686802e-05 1.755190766559999998e-04
3.282757000000000036e-01 3.157011000000000123e-01 2.559465999999999894e+02 5.823593098140060053e-04 1.993839782887977811e-05 2.181529042247999834e-04
4.482684000000000113e-01 2.515712999999999977e-02 6.766814000000000107e+00 3.389689971852273337e-04 3.499350942997218021e-05 3.123915746130000019e-04
4.483951999999999938e-01 8.744654000000000316e-02 4.197731999999999886e+01 2.332486219129698262e-04 1.334107128579398578e-05 1.085052491720999915e-04
4.477686000000000166e-01 2.575973999999999764e-01 2.719925000000000068e+02 1.894368077479779543e-04 1.121478104029665170e-05 1.539069365079999874e-04
6.025707000000000146e-01 6.632485000000000464e-02 4.144413999999999731e+01 9.104875392881571256e-05 7.209526744675421312e-06 7.510404007719999971e-06
