*  Total number of systematic sources *
   99
   36     AVE 99 99    1     0.000 O 1 2 3 4 5 6 7 8 9101112131415161718192021222324252627282930313233343536373839404142434445464748495051525354555657585960616263646566676869707172737475767778798081828384858687888990919293949596979899
 0.2000000E-02 0.2571428E+04 0.3600000E+02 0.7310800E+01 0.1120551E+00 0.4580540E-01 0.3786405E+00
 -0.0000 -0.0000 -0.0000 -0.0000  0.0000 -0.0000 -0.0000  0.0000  0.0000  0.0000  0.0000  0.0000  0.0000 -0.0000  0.0000 -0.0000  0.0000  0.0000  0.0000  0.0000  0.0000 -0.0000 -0.0000 -0.0000 -0.0000 -0.0000 -0.0000 -0.0000 -0.0000 -0.0000 -0.0000 -0.0000 -0.0000 -0.0000 -0.0000 -0.0000 -0.0000 -0.0000 -0.0000 -0.0000 -0.0000 -0.0000 -0.0000 -0.0000 -0.0000 -0.0000 -0.0000 -0.0000 -0.0000 -0.0000 -0.0000 -0.0000 -0.0000 -0.0000 -0.0000 -0.0000 -0.0000  0.0000 -0.0000  0.0000  0.0000  0.0000  0.0000  0.0000  0.0000  0.0000 -0.0000  0.0000  0.0002 -0.0236  0.0136  0.0061  0.0170  0.0188 -0.0854  0.0050  0.0095 -0.2271  0.1906 -0.0267 -0.4604  1.2838  0.1380 -0.2866 -0.6280  1.3745  1.5369 -3.0585  0.9529 -1.8861 -0.3478 -1.2897 -0.2216  0.7861  0.7785 -0.0362  0.5981 -0.3696  0.0708
 0.6000000E-02 0.8571429E+03 0.3600000E+02 0.7349289E+01 0.1129787E+00 0.4684628E-01 0.2075091E+00
 -0.0000  0.0000 -0.0000 -0.0000 -0.0000  0.0000 -0.0000  0.0000  0.0000 -0.0000  0.0000  0.0000  0.0000  0.0000  0.0000  0.0000  0.0000  0.0000 -0.0000  0.0000  0.0000 -0.0000 -0.0000 -0.0000 -0.0000 -0.0000 -0.0000 -0.0000 -0.0000 -0.0000 -0.0000 -0.0000 -0.0000 -0.0000 -0.0000 -0.0000 -0.0000 -0.0000 -0.0000 -0.0000 -0.0000 -0.0000 -0.0000 -0.0000 -0.0000 -0.0000 -0.0000 -0.0000 -0.0000 -0.0000 -0.0000 -0.0000 -0.0000 -0.0000 -0.0000 -0.0000 -0.0000  0.0000 -0.0000  0.0000 -0.0000  0.0000  0.0000  0.0000  0.0000  0.0000  0.0000  0.0000  0.0008 -0.0084  0.0047  0.0008  0.0030  0.0044 -0.0352 -0.0038 -0.0097 -0.1113  0.0498  0.0292 -0.1619  0.5044  0.1157 -0.1283 -0.2221  0.3988  0.5834 -1.2611  0.4705 -0.7288  0.0272 -0.9174 -0.1283  0.2163  0.5673 -0.0267  0.7929 -0.3557 -0.0183
 0.1000000E-01 0.5142857E+03 0.3600000E+02 0.7270288E+01 0.1110161E+00 0.4631060E-01 0.1735888E+00
  0.0000 -0.0000 -0.0000 -0.0000  0.0000 -0.0000 -0.0000  0.0000  0.0000  0.0000 -0.0000  0.0000  0.0000 -0.0000  0.0000 -0.0000  0.0000  0.0000  0.0000  0.0000  0.0000 -0.0000 -0.0000 -0.0000 -0.0000 -0.0000 -0.0000 -0.0000 -0.0000 -0.0000 -0.0000 -0.0000 -0.0000 -0.0000 -0.0000 -0.0000 -0.0000 -0.0000 -0.0000 -0.0000 -0.0000 -0.0000 -0.0000 -0.0000 -0.0000 -0.0000 -0.0000 -0.0000 -0.0000 -0.0000 -0.0000 -0.0000 -0.0000 -0.0000 -0.0000 -0.0000 -0.0000  0.0000  0.0000  0.0000  0.0000  0.0000 -0.0000  0.0000 -0.0000  0.0000 -0.0000  0.0000 -0.0005 -0.0051  0.0037  0.0009  0.0013  0.0012 -0.0265 -0.0017 -0.0125 -0.0868  0.0431  0.0149 -0.0946  0.2812  0.0965 -0.0978 -0.1671  0.2752  0.3766 -0.7366  0.2729 -0.4448 -0.1388 -0.7720 -0.2698  0.1832  0.4657 -0.0272  0.8920 -0.1884 -0.1237
 0.1400000E-01 0.3673469E+03 0.3600000E+02 0.7122610E+01 0.1114278E+00 0.4588301E-01 0.1598788E+00
 -0.0000  0.0000 -0.0000 -0.0000 -0.0000  0.0000 -0.0000  0.0000  0.0000 -0.0000  0.0000  0.0000  0.0000  0.0000  0.0000  0.0000  0.0000  0.0000 -0.0000  0.0000  0.0000 -0.0000 -0.0000 -0.0000 -0.0000 -0.0000 -0.0000 -0.0000 -0.0000 -0.0000 -0.0000 -0.0000 -0.0000 -0.0000 -0.0000 -0.0000 -0.0000 -0.0000 -0.0000 -0.0000 -0.0000 -0.0000 -0.0000 -0.0000 -0.0000 -0.0000 -0.0000 -0.0000 -0.0000 -0.0000 -0.0000 -0.0000 -0.0000 -0.0000 -0.0000 -0.0000 -0.0000  0.0000 -0.0000  0.0000 -0.0000  0.0000  0.0000  0.0000  0.0000  0.0000  0.0000  0.0000  0.0003 -0.0029  0.0015  0.0007 -0.0012 -0.0002 -0.0164 -0.0014 -0.0125 -0.0694  0.0126  0.0681 -0.0537  0.1912  0.0884 -0.0538 -0.0995  0.1552  0.2689 -0.5741  0.1877 -0.1523 -0.1263 -0.7114 -0.1007  0.0927  0.4238 -0.0913  0.9099 -0.2234 -0.1227
 0.1800000E-01 0.2857143E+03 0.3600000E+02 0.6872447E+01 0.1087831E+00 0.4474046E-01 0.1539294E+00
 -0.0000  0.0000 -0.0000 -0.0000 -0.0000 -0.0000 -0.0000  0.0000  0.0000 -0.0000  0.0000  0.0000  0.0000  0.0000  0.0000  0.0000  0.0000  0.0000  0.0000  0.0000  0.0000 -0.0000 -0.0000 -0.0000 -0.0000 -0.0000 -0.0000 -0.0000 -0.0000 -0.0000 -0.0000 -0.0000 -0.0000 -0.0000 -0.0000 -0.0000 -0.0000 -0.0000 -0.0000 -0.0000 -0.0000 -0.0000 -0.0000 -0.0000 -0.0000 -0.0000 -0.0000 -0.0000 -0.0000 -0.0000 -0.0000 -0.0000 -0.0000 -0.0000 -0.0000 -0.0000 -0.0000  0.0000 -0.0000  0.0000 -0.0000  0.0000  0.0000  0.0000  0.0000  0.0000  0.0000  0.0000  0.0001 -0.0023  0.0012 -0.0003 -0.0025 -0.0005 -0.0184 -0.0025 -0.0136 -0.0784  0.0265  0.0312 -0.0407  0.1219  0.1185 -0.0800 -0.0866  0.0619  0.2379 -0.4400  0.1610 -0.2263 -0.0485 -0.7759 -0.0112  0.0169  0.3892 -0.1175  0.8682 -0.4010 -0.1369
 0.2200000E-01 0.2337662E+03 0.3600000E+02 0.6724998E+01 0.1086131E+00 0.4433582E-01 0.1496921E+00
 -0.0000  0.0000 -0.0000 -0.0000 -0.0000  0.0000 -0.0000  0.0000  0.0000 -0.0000  0.0000  0.0000  0.0000  0.0000  0.0000  0.0000  0.0000  0.0000 -0.0000  0.0000  0.0000 -0.0000 -0.0000 -0.0000 -0.0000 -0.0000 -0.0000 -0.0000 -0.0000 -0.0000 -0.0000 -0.0000 -0.0000 -0.0000 -0.0000 -0.0000 -0.0000 -0.0000 -0.0000 -0.0000 -0.0000 -0.0000 -0.0000 -0.0000 -0.0000 -0.0000 -0.0000 -0.0000 -0.0000 -0.0000 -0.0000 -0.0000 -0.0000 -0.0000 -0.0000 -0.0000 -0.0000  0.0000 -0.0000 -0.0000 -0.0000  0.0000  0.0000  0.0000  0.0000 -0.0000  0.0000  0.0000  0.0005 -0.0019  0.0002 -0.0002 -0.0040 -0.0017 -0.0151 -0.0036 -0.0106 -0.0845  0.0248  0.0539 -0.0399  0.0778  0.1084 -0.0883 -0.0799  0.0419  0.2677 -0.3485  0.1751 -0.1905 -0.2719 -0.6966 -0.1530 -0.1409  0.3036 -0.1149  0.9052 -0.2524 -0.1195
 0.2650000E-01 0.1940701E+03 0.3600000E+02 0.6534557E+01 0.9447023E-01 0.3861170E-01 0.1322460E+00
 -0.0000  0.0000 -0.0000 -0.0000 -0.0000  0.0000 -0.0000  0.0000  0.0000 -0.0000  0.0000  0.0000  0.0000  0.0000 -0.0000  0.0000  0.0000  0.0000 -0.0000  0.0000  0.0000 -0.0000 -0.0000 -0.0000 -0.0000 -0.0000 -0.0000 -0.0000 -0.0000 -0.0000 -0.0000 -0.0000 -0.0000 -0.0000 -0.0000 -0.0000 -0.0000 -0.0000 -0.0000 -0.0000 -0.0000 -0.0000 -0.0000 -0.0000 -0.0000 -0.0000 -0.0000 -0.0000 -0.0000 -0.0000 -0.0000 -0.0000 -0.0000 -0.0000 -0.0000 -0.0000 -0.0000  0.0000 -0.0000 -0.0000 -0.0000  0.0000  0.0000  0.0000  0.0000 -0.0000  0.0000  0.0000  0.0008 -0.0019  0.0000 -0.0004 -0.0029 -0.0028 -0.0104 -0.0043 -0.0109 -0.0665  0.0061  0.0643 -0.0262  0.0946  0.0711 -0.0468 -0.0624  0.0169  0.1614 -0.3217  0.0808 -0.1205 -0.0043 -0.7171 -0.0552 -0.1808  0.3884 -0.1448  0.8465 -0.1006 -0.1657
 0.3150000E-01 0.1632653E+03 0.3600000E+02 0.6344204E+01 0.9454527E-01 0.3821876E-01 0.1287805E+00
 -0.0000  0.0000 -0.0000 -0.0000 -0.0000  0.0000 -0.0000  0.0000  0.0000 -0.0000  0.0000  0.0000  0.0000  0.0000 -0.0000  0.0000  0.0000  0.0000 -0.0000  0.0000  0.0000 -0.0000 -0.0000 -0.0000 -0.0000 -0.0000 -0.0000 -0.0000 -0.0000 -0.0000 -0.0000 -0.0000 -0.0000 -0.0000 -0.0000 -0.0000 -0.0000 -0.0000 -0.0000 -0.0000 -0.0000 -0.0000 -0.0000 -0.0000 -0.0000 -0.0000 -0.0000 -0.0000 -0.0000 -0.0000 -0.0000 -0.0000 -0.0000 -0.0000 -0.0000 -0.0000 -0.0000  0.0000 -0.0000 -0.0000 -0.0000  0.0000  0.0000  0.0000  0.0000 -0.0000  0.0000  0.0000  0.0006 -0.0017 -0.0002 -0.0007 -0.0028 -0.0024 -0.0107 -0.0039 -0.0124 -0.0766  0.0259  0.0293 -0.0160  0.0472  0.0843 -0.0737 -0.0697 -0.0188  0.0712 -0.1705  0.0583 -0.1824 -0.0300 -0.6666  0.0372 -0.0979  0.4291 -0.0802  0.8723 -0.0903 -0.1486
 0.3650000E-01 0.1409002E+03 0.3600000E+02 0.6049260E+01 0.9143331E-01 0.3774975E-01 0.1241446E+00
 -0.0000  0.0000  0.0000 -0.0000 -0.0000  0.0000 -0.0000  0.0000  0.0000 -0.0000  0.0000 -0.0000  0.0000  0.0000  0.0000  0.0000  0.0000  0.0000 -0.0000  0.0000  0.0000 -0.0000 -0.0000 -0.0000 -0.0000 -0.0000 -0.0000 -0.0000 -0.0000 -0.0000 -0.0000 -0.0000 -0.0000 -0.0000 -0.0000 -0.0000 -0.0000 -0.0000 -0.0000 -0.0000 -0.0000 -0.0000 -0.0000 -0.0000 -0.0000 -0.0000 -0.0000 -0.0000 -0.0000 -0.0000 -0.0000 -0.0000 -0.0000 -0.0000 -0.0000 -0.0000 -0.0000  0.0000 -0.0000 -0.0000 -0.0000  0.0000  0.0000  0.0000  0.0000 -0.0000  0.0000  0.0000  0.0003 -0.0009  0.0001 -0.0016 -0.0053 -0.0020 -0.0139 -0.0039 -0.0211 -0.0659  0.0123  0.0185  0.0229  0.0054  0.0934 -0.0293 -0.0359 -0.0725  0.1461 -0.1798  0.0612 -0.0412  0.0541 -0.6718  0.1156 -0.2047  0.2503 -0.1526  0.8733 -0.2912 -0.1162
 0.4200000E-01 0.1224490E+03 0.3600000E+02 0.5648170E+01 0.8013039E-01 0.3260396E-01 0.1100341E+00
 -0.0000  0.0000  0.0000 -0.0000 -0.0000  0.0000 -0.0000 -0.0000 -0.0000 -0.0000  0.0000 -0.0000  0.0000  0.0000 -0.0000  0.0000  0.0000 -0.0000 -0.0000  0.0000  0.0000 -0.0000 -0.0000 -0.0000 -0.0000 -0.0000 -0.0000 -0.0000 -0.0000 -0.0000 -0.0000 -0.0000 -0.0000 -0.0000 -0.0000 -0.0000 -0.0000 -0.0000 -0.0000 -0.0000 -0.0000 -0.0000 -0.0000 -0.0000 -0.0000 -0.0000 -0.0000 -0.0000 -0.0000 -0.0000 -0.0000 -0.0000 -0.0000 -0.0000 -0.0000 -0.0000 -0.0000  0.0000 -0.0000 -0.0000 -0.0000  0.0000  0.0000  0.0000  0.0000 -0.0000  0.0000  0.0000  0.0003 -0.0007 -0.0008 -0.0010 -0.0039 -0.0020 -0.0096 -0.0061 -0.0149 -0.0744  0.0203  0.0403  0.0043  0.0021  0.0866 -0.0534 -0.0475 -0.0380  0.0751 -0.1231  0.0783 -0.0809 -0.0628 -0.6219  0.0231 -0.0987  0.3345 -0.1858  0.8919 -0.1416 -0.1757
 0.4800000E-01 0.1071429E+03 0.3600000E+02 0.5372735E+01 0.7864890E-01 0.3223176E-01 0.1076408E+00
 -0.0000  0.0000  0.0000 -0.0000 -0.0000  0.0000 -0.0000  0.0000  0.0000 -0.0000  0.0000 -0.0000  0.0000  0.0000  0.0000  0.0000  0.0000  0.0000 -0.0000  0.0000  0.0000 -0.0000 -0.0000 -0.0000 -0.0000 -0.0000 -0.0000 -0.0000 -0.0000 -0.0000 -0.0000 -0.0000 -0.0000 -0.0000 -0.0000 -0.0000 -0.0000 -0.0000 -0.0000 -0.0000 -0.0000 -0.0000 -0.0000 -0.0000 -0.0000 -0.0000 -0.0000 -0.0000 -0.0000 -0.0000 -0.0000 -0.0000 -0.0000 -0.0000 -0.0000 -0.0000 -0.0000  0.0000 -0.0000 -0.0000 -0.0000  0.0000  0.0000  0.0000  0.0000 -0.0000  0.0000  0.0000  0.0002 -0.0006  0.0001 -0.0010 -0.0042 -0.0018 -0.0115 -0.0034 -0.0192 -0.0627  0.0211  0.0231  0.0204 -0.0121  0.0826 -0.0533 -0.0460 -0.0713  0.0016 -0.0131  0.0544 -0.0423 -0.0637 -0.6884  0.0591 -0.0081  0.3242 -0.0887  0.8987 -0.0978 -0.2675
 0.5400000E-01 0.9523809E+02 0.3600000E+02 0.5308054E+01 0.7797124E-01 0.3191065E-01 0.1060802E+00
 -0.0000  0.0000  0.0000 -0.0000 -0.0000  0.0000 -0.0000 -0.0000 -0.0000 -0.0000  0.0000 -0.0000  0.0000  0.0000 -0.0000  0.0000  0.0000 -0.0000 -0.0000  0.0000  0.0000 -0.0000 -0.0000 -0.0000 -0.0000 -0.0000 -0.0000 -0.0000 -0.0000 -0.0000 -0.0000 -0.0000 -0.0000 -0.0000 -0.0000 -0.0000 -0.0000 -0.0000 -0.0000 -0.0000 -0.0000 -0.0000 -0.0000 -0.0000 -0.0000 -0.0000 -0.0000 -0.0000 -0.0000 -0.0000 -0.0000 -0.0000 -0.0000 -0.0000 -0.0000 -0.0000 -0.0000  0.0000 -0.0000 -0.0000 -0.0000  0.0000  0.0000  0.0000  0.0000 -0.0000  0.0000  0.0000  0.0006 -0.0007 -0.0011 -0.0007 -0.0063 -0.0029 -0.0097 -0.0014 -0.0087 -0.0827  0.0293  0.0249  0.0261 -0.0347  0.0850 -0.0495 -0.0322 -0.0602  0.0984 -0.0360  0.0009  0.0434 -0.2465 -0.5575  0.0532 -0.0781  0.4197 -0.1245  0.8932 -0.2198 -0.1371
 0.6050000E-01 0.8500591E+02 0.3600000E+02 0.4697958E+01 0.6724840E-01 0.2744674E-01 0.8792113E-01
 -0.0000  0.0000  0.0000  0.0000 -0.0000  0.0000  0.0000 -0.0000 -0.0000 -0.0000  0.0000 -0.0000 -0.0000  0.0000  0.0000  0.0000 -0.0000  0.0000 -0.0000  0.0000  0.0000 -0.0000 -0.0000 -0.0000 -0.0000 -0.0000 -0.0000 -0.0000 -0.0000 -0.0000 -0.0000 -0.0000 -0.0000 -0.0000 -0.0000 -0.0000 -0.0000 -0.0000 -0.0000 -0.0000 -0.0000 -0.0000 -0.0000 -0.0000 -0.0000 -0.0000 -0.0000 -0.0000 -0.0000 -0.0000 -0.0000 -0.0000 -0.0000 -0.0000 -0.0000 -0.0000  0.0000  0.0000 -0.0000 -0.0000  0.0000 -0.0000 -0.0000 -0.0000  0.0000 -0.0000  0.0000 -0.0000  0.0001  0.0006 -0.0002 -0.0011 -0.0069 -0.0043 -0.0089 -0.0018 -0.0148 -0.0474 -0.0029  0.0159  0.0591 -0.0769  0.0847 -0.0217  0.0216 -0.1836  0.0551  0.0614  0.0517  0.1016 -0.0969 -0.5242 -0.0500 -0.2360  0.3093 -0.1294  0.7191 -0.1903 -0.1735
 0.6800000E-01 0.7563025E+02 0.3600000E+02 0.4382843E+01 0.6042229E-01 0.2470095E-01 0.8010559E-01
 -0.0000  0.0000  0.0000 -0.0000 -0.0000  0.0000 -0.0000 -0.0000 -0.0000 -0.0000  0.0000 -0.0000 -0.0000  0.0000 -0.0000  0.0000 -0.0000  0.0000 -0.0000  0.0000  0.0000 -0.0000 -0.0000 -0.0000 -0.0000 -0.0000 -0.0000 -0.0000 -0.0000 -0.0000 -0.0000 -0.0000 -0.0000 -0.0000 -0.0000 -0.0000 -0.0000 -0.0000 -0.0000 -0.0000 -0.0000 -0.0000 -0.0000 -0.0000 -0.0000 -0.0000 -0.0000 -0.0000 -0.0000 -0.0000 -0.0000 -0.0000 -0.0000 -0.0000 -0.0000 -0.0000  0.0000  0.0000 -0.0000 -0.0000 -0.0000 -0.0000  0.0000 -0.0000  0.0000 -0.0000  0.0000 -0.0000  0.0002  0.0006 -0.0007 -0.0013 -0.0064 -0.0049 -0.0074 -0.0037 -0.0157 -0.0594  0.0066  0.0128  0.0537 -0.0844  0.0747 -0.0152 -0.0018 -0.1483  0.0455  0.0884 -0.0063  0.0918 -0.1835 -0.5521 -0.0391 -0.2459  0.2075 -0.0299  0.7546 -0.0659 -0.2094
 0.7650000E-01 0.6722689E+02 0.3600000E+02 0.4182114E+01 0.5565910E-01 0.2277326E-01 0.7503130E-01
 -0.0000  0.0000  0.0000 -0.0000 -0.0000  0.0000 -0.0000 -0.0000 -0.0000 -0.0000  0.0000 -0.0000 -0.0000  0.0000 -0.0000  0.0000  0.0000 -0.0000 -0.0000 -0.0000  0.0000 -0.0000 -0.0000 -0.0000 -0.0000 -0.0000 -0.0000 -0.0000 -0.0000 -0.0000 -0.0000 -0.0000 -0.0000 -0.0000 -0.0000 -0.0000 -0.0000 -0.0000 -0.0000 -0.0000 -0.0000 -0.0000 -0.0000 -0.0000 -0.0000 -0.0000 -0.0000 -0.0000 -0.0000 -0.0000 -0.0000 -0.0000 -0.0000 -0.0000 -0.0000 -0.0000  0.0000  0.0000 -0.0000 -0.0000 -0.0000  0.0000  0.0000  0.0000  0.0000 -0.0000  0.0000  0.0000  0.0005  0.0010 -0.0017 -0.0020 -0.0072 -0.0033 -0.0063 -0.0042 -0.0150 -0.0557  0.0044  0.0023  0.0780 -0.1236  0.0806 -0.0136  0.0331 -0.2060 -0.0146  0.1756 -0.0160  0.1360  0.0169 -0.4727 -0.0424 -0.2939  0.3032 -0.1768  0.7379 -0.1515 -0.1535
 0.8600000E-01 0.5980066E+02 0.3600000E+02 0.3688154E+01 0.4955957E-01 0.2017032E-01 0.6567306E-01
 -0.0000  0.0000  0.0000 -0.0000 -0.0000  0.0000 -0.0000 -0.0000 -0.0000 -0.0000  0.0000 -0.0000 -0.0000  0.0000 -0.0000  0.0000 -0.0000 -0.0000 -0.0000 -0.0000  0.0000 -0.0000 -0.0000 -0.0000 -0.0000 -0.0000 -0.0000 -0.0000 -0.0000 -0.0000 -0.0000 -0.0000 -0.0000 -0.0000 -0.0000 -0.0000 -0.0000 -0.0000 -0.0000 -0.0000 -0.0000 -0.0000 -0.0000 -0.0000 -0.0000 -0.0000 -0.0000 -0.0000 -0.0000 -0.0000 -0.0000 -0.0000 -0.0000 -0.0000 -0.0000 -0.0000  0.0000  0.0000 -0.0000 -0.0000 -0.0000  0.0000  0.0000  0.0000  0.0000 -0.0000  0.0000  0.0000  0.0007  0.0013 -0.0033 -0.0011 -0.0063 -0.0038 -0.0014 -0.0054 -0.0131 -0.0541 -0.0107  0.0046  0.0866 -0.1392  0.0583 -0.0392  0.0160 -0.1776 -0.0229  0.2267 -0.0431  0.0327  0.0886 -0.3461  0.0199 -0.2089  0.2848 -0.1549  0.8037 -0.1422 -0.0336
 0.9650000E-01 0.5329385E+02 0.3600000E+02 0.3256295E+01 0.4370930E-01 0.1811061E-01 0.5767191E-01
 -0.0000  0.0000  0.0000 -0.0000 -0.0000  0.0000 -0.0000 -0.0000 -0.0000 -0.0000  0.0000 -0.0000 -0.0000  0.0000 -0.0000  0.0000 -0.0000 -0.0000 -0.0000 -0.0000  0.0000 -0.0000 -0.0000 -0.0000 -0.0000 -0.0000 -0.0000 -0.0000 -0.0000 -0.0000 -0.0000 -0.0000 -0.0000 -0.0000 -0.0000 -0.0000 -0.0000 -0.0000 -0.0000 -0.0000 -0.0000 -0.0000 -0.0000 -0.0000 -0.0000 -0.0000 -0.0000 -0.0000 -0.0000 -0.0000 -0.0000 -0.0000 -0.0000 -0.0000 -0.0000 -0.0000  0.0000  0.0000 -0.0000 -0.0000 -0.0000 -0.0000  0.0000 -0.0000  0.0000 -0.0000  0.0000 -0.0000  0.0002  0.0003 -0.0015 -0.0010 -0.0053 -0.0038 -0.0052 -0.0037 -0.0228 -0.0502  0.0013  0.0064  0.0836 -0.1115  0.0643  0.0223 -0.0014 -0.1039 -0.0494  0.1304 -0.0354  0.1827  0.0586 -0.3952  0.0346 -0.1686  0.1275 -0.1155  0.8367 -0.0523 -0.1093
 0.1080000E+00 0.4761905E+02 0.3600000E+02 0.2892845E+01 0.3949447E-01 0.1622767E-01 0.5230582E-01
 -0.0000  0.0000  0.0000 -0.0000 -0.0000  0.0000 -0.0000 -0.0000 -0.0000 -0.0000  0.0000 -0.0000 -0.0000  0.0000 -0.0000  0.0000 -0.0000 -0.0000 -0.0000 -0.0000  0.0000 -0.0000 -0.0000 -0.0000 -0.0000 -0.0000 -0.0000 -0.0000 -0.0000 -0.0000 -0.0000 -0.0000 -0.0000 -0.0000 -0.0000 -0.0000 -0.0000 -0.0000 -0.0000 -0.0000 -0.0000 -0.0000 -0.0000 -0.0000 -0.0000 -0.0000 -0.0000 -0.0000 -0.0000 -0.0000 -0.0000 -0.0000 -0.0000 -0.0000 -0.0000 -0.0000  0.0000  0.0000 -0.0000 -0.0000 -0.0000 -0.0000  0.0000 -0.0000  0.0000 -0.0000  0.0000 -0.0000  0.0003  0.0006 -0.0021 -0.0004 -0.0058 -0.0058 -0.0034 -0.0005 -0.0160 -0.0483 -0.0024  0.0166  0.0924 -0.1302  0.0371  0.0285 -0.0072 -0.1080 -0.0342  0.1904 -0.0871  0.2194 -0.0270 -0.3632  0.1120 -0.2210  0.2140 -0.2091  0.8089 -0.0708 -0.1113
 0.1210000E+00 0.4250295E+02 0.3600000E+02 0.2585286E+01 0.3425369E-01 0.1433687E-01 0.4170968E-01
 -0.0000  0.0000  0.0000  0.0000 -0.0000  0.0000  0.0000 -0.0000 -0.0000 -0.0000  0.0000 -0.0000 -0.0000  0.0000 -0.0000  0.0000 -0.0000 -0.0000 -0.0000 -0.0000  0.0000 -0.0000 -0.0000 -0.0000 -0.0000 -0.0000 -0.0000 -0.0000 -0.0000 -0.0000 -0.0000 -0.0000 -0.0000 -0.0000 -0.0000 -0.0000 -0.0000 -0.0000 -0.0000 -0.0000 -0.0000 -0.0000 -0.0000 -0.0000 -0.0000 -0.0000 -0.0000 -0.0000 -0.0000 -0.0000 -0.0000 -0.0000 -0.0000 -0.0000 -0.0000 -0.0000  0.0000 -0.0000 -0.0000 -0.0000 -0.0000 -0.0000  0.0000 -0.0000  0.0000 -0.0000  0.0000 -0.0000  0.0000  0.0016 -0.0023 -0.0017 -0.0053 -0.0045 -0.0020 -0.0021 -0.0145 -0.0329 -0.0089 -0.0086  0.1114 -0.1486  0.0548  0.0159  0.0055 -0.1511 -0.0870  0.3054 -0.0693  0.1894  0.0061 -0.1335  0.0617 -0.0332  0.1027 -0.0127  0.5396 -0.1074 -0.0076
 0.1365000E+00 0.3767661E+02 0.3600000E+02 0.2137175E+01 0.2788865E-01 0.1156565E-01 0.3420328E-01
  0.0000 -0.0000  0.0000  0.0000 -0.0000 -0.0000  0.0000 -0.0000 -0.0000  0.0000 -0.0000 -0.0000 -0.0000 -0.0000 -0.0000  0.0000 -0.0000 -0.0000  0.0000 -0.0000 -0.0000 -0.0000 -0.0000 -0.0000 -0.0000 -0.0000 -0.0000 -0.0000 -0.0000 -0.0000 -0.0000 -0.0000 -0.0000 -0.0000 -0.0000 -0.0000 -0.0000 -0.0000 -0.0000 -0.0000 -0.0000 -0.0000 -0.0000 -0.0000 -0.0000 -0.0000 -0.0000 -0.0000 -0.0000 -0.0000 -0.0000 -0.0000 -0.0000 -0.0000 -0.0000 -0.0000  0.0000 -0.0000  0.0000 -0.0000  0.0000 -0.0000 -0.0000 -0.0000 -0.0000 -0.0000 -0.0000 -0.0000 -0.0004  0.0027 -0.0019 -0.0019 -0.0065 -0.0044 -0.0035 -0.0055 -0.0191 -0.0215 -0.0216 -0.0361  0.1306 -0.1715  0.0445  0.0137  0.0285 -0.1724 -0.0720  0.3234 -0.0480  0.1657  0.0281 -0.1837  0.0020 -0.1169  0.1064 -0.1176  0.4918 -0.1511 -0.0782
 0.1550000E+00 0.3317972E+02 0.3600000E+02 0.1841312E+01 0.2378096E-01 0.9744165E-02 0.2941160E-01
 -0.0000  0.0000  0.0000 -0.0000 -0.0000  0.0000 -0.0000 -0.0000 -0.0000 -0.0000  0.0000 -0.0000 -0.0000  0.0000 -0.0000  0.0000 -0.0000 -0.0000 -0.0000 -0.0000  0.0000 -0.0000 -0.0000 -0.0000 -0.0000 -0.0000 -0.0000 -0.0000 -0.0000 -0.0000 -0.0000 -0.0000 -0.0000 -0.0000 -0.0000 -0.0000 -0.0000 -0.0000 -0.0000 -0.0000 -0.0000 -0.0000 -0.0000 -0.0000 -0.0000 -0.0000 -0.0000 -0.0000 -0.0000 -0.0000 -0.0000 -0.0000 -0.0000 -0.0000 -0.0000 -0.0000  0.0000  0.0000 -0.0000 -0.0000 -0.0000 -0.0000  0.0000 -0.0000  0.0000 -0.0000  0.0000 -0.0000  0.0002  0.0016 -0.0022 -0.0011 -0.0055 -0.0038 -0.0033 -0.0014 -0.0213 -0.0210 -0.0151 -0.0214  0.1179 -0.1683  0.0473  0.0371  0.0021 -0.1165 -0.0819  0.2941 -0.0717  0.2836  0.0029 -0.2044  0.1143 -0.1374  0.0033 -0.0731  0.5138 -0.1231 -0.0734
 0.1770000E+00 0.2905569E+02 0.3600000E+02 0.1453487E+01 0.1901774E-01 0.7977082E-02 0.2319907E-01
  0.0000  0.0000  0.0000  0.0000 -0.0000  0.0000  0.0000 -0.0000 -0.0000 -0.0000  0.0000 -0.0000 -0.0000  0.0000 -0.0000  0.0000 -0.0000 -0.0000 -0.0000 -0.0000 -0.0000 -0.0000 -0.0000 -0.0000 -0.0000 -0.0000 -0.0000 -0.0000 -0.0000 -0.0000 -0.0000 -0.0000 -0.0000 -0.0000 -0.0000 -0.0000 -0.0000 -0.0000 -0.0000 -0.0000 -0.0000 -0.0000 -0.0000 -0.0000 -0.0000 -0.0000 -0.0000 -0.0000 -0.0000 -0.0000 -0.0000 -0.0000 -0.0000 -0.0000 -0.0000 -0.0000  0.0000 -0.0000  0.0000 -0.0000 -0.0000 -0.0000 -0.0000 -0.0000 -0.0000 -0.0000  0.0000 -0.0000 -0.0001  0.0026 -0.0023 -0.0014 -0.0058 -0.0045 -0.0028 -0.0047 -0.0192 -0.0110 -0.0330 -0.0314  0.1196 -0.1721  0.0403  0.0400  0.0199 -0.1445 -0.0102  0.2716 -0.0286  0.2416  0.0767 -0.1170  0.0308 -0.1058  0.0919 -0.1112  0.5188 -0.0845 -0.0368
 0.2040000E+00 0.2521008E+02 0.3600000E+02 0.1199269E+01 0.1549492E-01 0.6809664E-02 0.1916431E-01
 -0.0000  0.0000  0.0000  0.0000 -0.0000  0.0000  0.0000 -0.0000 -0.0000 -0.0000  0.0000 -0.0000 -0.0000  0.0000 -0.0000  0.0000 -0.0000 -0.0000 -0.0000 -0.0000  0.0000 -0.0000 -0.0000 -0.0000 -0.0000 -0.0000 -0.0000 -0.0000 -0.0000 -0.0000 -0.0000 -0.0000 -0.0000 -0.0000 -0.0000 -0.0000 -0.0000 -0.0000 -0.0000 -0.0000 -0.0000 -0.0000 -0.0000 -0.0000 -0.0000 -0.0000 -0.0000 -0.0000 -0.0000 -0.0000 -0.0000 -0.0000 -0.0000 -0.0000 -0.0000 -0.0000  0.0000  0.0000 -0.0000 -0.0000 -0.0000 -0.0000  0.0000 -0.0000  0.0000 -0.0000  0.0000 -0.0000  0.0001  0.0018 -0.0015 -0.0014 -0.0036 -0.0036 -0.0041 -0.0028 -0.0258 -0.0044 -0.0234 -0.0656  0.1094 -0.1934  0.0360  0.0258 -0.0072 -0.0859 -0.1160  0.3277 -0.0383  0.1818  0.0252 -0.1138 -0.0204 -0.1962  0.1417 -0.1395  0.4927 -0.0635 -0.0576
 0.2385000E+00 0.2156334E+02 0.3600000E+02 0.9365872E+00 0.1192328E-01 0.4884237E-02 0.1474237E-01
  0.0000 -0.0000  0.0000  0.0000  0.0000 -0.0000  0.0000 -0.0000 -0.0000  0.0000 -0.0000 -0.0000 -0.0000 -0.0000 -0.0000  0.0000 -0.0000 -0.0000  0.0000 -0.0000 -0.0000 -0.0000 -0.0000 -0.0000 -0.0000 -0.0000 -0.0000 -0.0000 -0.0000 -0.0000 -0.0000 -0.0000 -0.0000 -0.0000 -0.0000 -0.0000 -0.0000 -0.0000 -0.0000 -0.0000 -0.0000 -0.0000 -0.0000 -0.0000 -0.0000 -0.0000 -0.0000 -0.0000 -0.0000 -0.0000 -0.0000 -0.0000 -0.0000 -0.0000 -0.0000 -0.0000  0.0000 -0.0000  0.0000  0.0000  0.0000 -0.0000 -0.0000 -0.0000 -0.0000 -0.0000 -0.0000 -0.0000 -0.0003  0.0009 -0.0012 -0.0005 -0.0030 -0.0026 -0.0062 -0.0003 -0.0146 -0.0023 -0.0178 -0.0918  0.1123 -0.1730  0.0176  0.0453 -0.0111 -0.0284 -0.0687  0.3020 -0.0961  0.2827  0.0353 -0.0473 -0.0090 -0.1197  0.1636 -0.1194  0.5320 -0.0309 -0.0467
 0.2850000E+00 0.1804511E+02 0.3600000E+02 0.6932000E+00 0.8542499E-02 0.3666136E-02 0.1528311E-01
  0.0000 -0.0000 -0.0000  0.0000  0.0000 -0.0000  0.0000  0.0000 -0.0000  0.0000 -0.0000 -0.0000 -0.0000 -0.0000  0.0000 -0.0000 -0.0000  0.0000  0.0000 -0.0000 -0.0000 -0.0000 -0.0000 -0.0000 -0.0000 -0.0000 -0.0000 -0.0000 -0.0000 -0.0000 -0.0000 -0.0000 -0.0000 -0.0000 -0.0000 -0.0000 -0.0000 -0.0000 -0.0000 -0.0000 -0.0000 -0.0000 -0.0000 -0.0000 -0.0000 -0.0000 -0.0000 -0.0000 -0.0000 -0.0000 -0.0000 -0.0000 -0.0000 -0.0000 -0.0000 -0.0000  0.0000 -0.0000  0.0000  0.0000  0.0000 -0.0000 -0.0000 -0.0000 -0.0000  0.0000 -0.0000 -0.0000 -0.0008  0.0013  0.0007 -0.0010 -0.0007 -0.0024 -0.0117  0.0030 -0.0456 -0.0255 -0.0002 -0.1608  0.1024 -0.2242  0.0158  0.0323 -0.0406 -0.0123  0.0424  0.2393  0.0072  0.2348  0.0633 -0.4087  0.0635 -0.4028  0.2882 -0.1467  1.5515 -0.0192 -0.0790
 0.3515000E+00 0.1463117E+02 0.3600000E+02 0.4898986E+00 0.5906858E-02 0.2568911E-02 0.1105984E-01
 -0.0000  0.0000  0.0000 -0.0000 -0.0000  0.0000 -0.0000 -0.0000 -0.0000 -0.0000  0.0000 -0.0000 -0.0000  0.0000 -0.0000  0.0000 -0.0000 -0.0000 -0.0000 -0.0000  0.0000 -0.0000 -0.0000 -0.0000 -0.0000 -0.0000 -0.0000 -0.0000 -0.0000 -0.0000 -0.0000 -0.0000 -0.0000 -0.0000 -0.0000 -0.0000 -0.0000 -0.0000 -0.0000 -0.0000 -0.0000 -0.0000 -0.0000 -0.0000 -0.0000 -0.0000 -0.0000 -0.0000 -0.0000 -0.0000 -0.0000 -0.0000 -0.0000 -0.0000 -0.0000 -0.0000  0.0000  0.0000 -0.0000 -0.0000 -0.0000 -0.0000  0.0000 -0.0000  0.0000 -0.0000  0.0000  0.0000  0.0001  0.0004 -0.0014 -0.0000 -0.0013 -0.0019 -0.0038  0.0054 -0.0264 -0.0326 -0.0014 -0.1745  0.1060 -0.2320 -0.0327  0.0660 -0.0412  0.0036  0.1211  0.2647 -0.0821  0.2647  0.0896 -0.1915  0.1112 -0.4063  0.1818 -0.0491  1.6770  0.1594  0.0812
 0.4575000E+00 0.1124122E+02 0.3600000E+02 0.2998442E+00 0.3526120E-02 0.1670840E-02 0.6917715E-02
  0.0000  0.0000  0.0000  0.0000  0.0000  0.0000  0.0000 -0.0000 -0.0000  0.0000 -0.0000 -0.0000 -0.0000 -0.0000 -0.0000 -0.0000 -0.0000 -0.0000 -0.0000 -0.0000 -0.0000 -0.0000 -0.0000 -0.0000 -0.0000 -0.0000 -0.0000 -0.0000 -0.0000 -0.0000 -0.0000 -0.0000 -0.0000 -0.0000 -0.0000 -0.0000 -0.0000 -0.0000 -0.0000 -0.0000 -0.0000 -0.0000 -0.0000 -0.0000 -0.0000 -0.0000 -0.0000 -0.0000 -0.0000 -0.0000 -0.0000 -0.0000 -0.0000 -0.0000 -0.0000 -0.0000  0.0000 -0.0000  0.0000 -0.0000  0.0000 -0.0000 -0.0000 -0.0000 -0.0000 -0.0000  0.0000 -0.0000 -0.0001  0.0011 -0.0009  0.0000  0.0013 -0.0012  0.0003  0.0035 -0.0096  0.0029 -0.0172 -0.1783  0.0575 -0.2271 -0.0350  0.0791  0.0292  0.1232  0.0610  0.3579 -0.0045  0.1411  0.0280  0.0412  0.0884 -0.4378  0.2489 -0.1759  1.7278  0.2540  0.1492
 0.6095000E+00 0.8437830E+01 0.3600000E+02 0.1755552E+00 0.2410279E-02 0.1118897E-02 0.4536094E-02
 -0.0000  0.0000  0.0000 -0.0000 -0.0000  0.0000 -0.0000 -0.0000  0.0000 -0.0000  0.0000  0.0000  0.0000  0.0000 -0.0000 -0.0000  0.0000 -0.0000 -0.0000 -0.0000  0.0000 -0.0000 -0.0000 -0.0000 -0.0000 -0.0000 -0.0000 -0.0000 -0.0000 -0.0000 -0.0000 -0.0000 -0.0000 -0.0000 -0.0000 -0.0000 -0.0000 -0.0000 -0.0000 -0.0000 -0.0000 -0.0000 -0.0000 -0.0000 -0.0000 -0.0000 -0.0000 -0.0000 -0.0000 -0.0000 -0.0000 -0.0000 -0.0000 -0.0000 -0.0000 -0.0000 -0.0000  0.0000 -0.0000 -0.0000 -0.0000  0.0000  0.0000  0.0000  0.0000 -0.0000  0.0000  0.0000  0.0014 -0.0015 -0.0019  0.0005  0.0058  0.0011  0.0208  0.0101  0.0101  0.0163 -0.0002 -0.2156 -0.0315 -0.2423 -0.1864  0.0291 -0.0426  0.1302  0.1049  0.2989 -0.0534  0.0645  0.2376  0.2694  0.0975 -0.5236  0.3581 -0.2749  1.7816  0.4900  0.2925
 0.8065000E+00 0.6376760E+01 0.3600000E+02 0.9777983E-01 0.1625229E-02 0.7888331E-03 0.2822588E-02
 -0.0000  0.0000  0.0000 -0.0000 -0.0000  0.0000 -0.0000 -0.0000  0.0000 -0.0000  0.0000  0.0000  0.0000  0.0000 -0.0000 -0.0000  0.0000 -0.0000 -0.0000 -0.0000  0.0000 -0.0000 -0.0000 -0.0000 -0.0000 -0.0000 -0.0000 -0.0000 -0.0000 -0.0000 -0.0000 -0.0000 -0.0000 -0.0000 -0.0000 -0.0000 -0.0000 -0.0000 -0.0000 -0.0000 -0.0000 -0.0000 -0.0000 -0.0000 -0.0000 -0.0000 -0.0000 -0.0000 -0.0000 -0.0000 -0.0000 -0.0000 -0.0000 -0.0000 -0.0000 -0.0000 -0.0000  0.0000 -0.0000 -0.0000 -0.0000  0.0000  0.0000  0.0000  0.0000 -0.0000  0.0000  0.0000  0.0026 -0.0023 -0.0020  0.0045  0.0125  0.0050  0.0501  0.0218  0.0315  0.0538  0.0397 -0.2349 -0.1913 -0.2502 -0.3699  0.0262  0.0996  0.1675  0.0504  0.2898 -0.0575  0.1642  0.0386  0.4162  0.1532 -0.5975  0.2570 -0.1590  1.8568  0.4920  0.3574
 0.1035500E+01 0.4966545E+01 0.3600000E+02 0.5940971E-01 0.1238722E-02 0.5765907E-03 0.2025438E-02
 -0.0000  0.0000 -0.0000 -0.0000  0.0000  0.0000 -0.0000 -0.0000  0.0000 -0.0000  0.0000  0.0000  0.0000  0.0000  0.0000 -0.0000  0.0000  0.0000 -0.0000  0.0000  0.0000 -0.0000 -0.0000 -0.0000 -0.0000 -0.0000 -0.0000 -0.0000 -0.0000 -0.0000 -0.0000 -0.0000 -0.0000 -0.0000 -0.0000 -0.0000 -0.0000 -0.0000 -0.0000 -0.0000 -0.0000 -0.0000 -0.0000 -0.0000 -0.0000 -0.0000 -0.0000 -0.0000 -0.0000 -0.0000 -0.0000 -0.0000 -0.0000 -0.0000 -0.0000 -0.0000 -0.0000  0.0000 -0.0000 -0.0000 -0.0000  0.0000  0.0000  0.0000  0.0000 -0.0000  0.0000  0.0000  0.0019 -0.0004  0.0051  0.0004  0.0262  0.0080  0.0679  0.0370  0.0065  0.0755  0.1467 -0.2969 -0.3551 -0.2381 -0.5611  0.0242  0.2014  0.1402  0.0379  0.3234 -0.0855  0.1197  0.3377  0.6757  0.1597 -0.5534  0.0320  0.1627  2.0191  0.2401  0.6790
 0.1324500E+01 0.3882867E+01 0.3600000E+02 0.3267182E-01 0.8007310E-03 0.4923043E-03 0.1217450E-02
  0.0000 -0.0000 -0.0000  0.0000  0.0000 -0.0000  0.0000 -0.0000  0.0000  0.0000 -0.0000  0.0000  0.0000 -0.0000  0.0000 -0.0000  0.0000  0.0000  0.0000  0.0000 -0.0000 -0.0000 -0.0000 -0.0000 -0.0000 -0.0000 -0.0000 -0.0000 -0.0000 -0.0000 -0.0000 -0.0000 -0.0000 -0.0000 -0.0000 -0.0000 -0.0000 -0.0000 -0.0000 -0.0000 -0.0000 -0.0000 -0.0000 -0.0000 -0.0000 -0.0000 -0.0000 -0.0000 -0.0000 -0.0000 -0.0000 -0.0000 -0.0000 -0.0000 -0.0000 -0.0000 -0.0000 -0.0000  0.0000 -0.0000  0.0000 -0.0000 -0.0000  0.0000 -0.0000  0.0000 -0.0000  0.0000  0.0003  0.0057  0.0138 -0.0004  0.0401  0.0089  0.1075  0.0460 -0.0911  0.1599  0.1985 -0.3506 -0.4814 -0.2825 -0.8561 -0.1255  0.5093  0.0748  0.0384  0.3813 -0.1387  0.0780  0.4059  0.4827  0.0505 -0.6360  0.3955  0.0948  1.6378  0.1504  0.4731
 0.1721500E+01 0.2987428E+01 0.3600000E+02 0.1747514E-01 0.5309709E-03 0.2821720E-03 0.7321820E-03
  0.0000 -0.0000 -0.0000  0.0000  0.0000 -0.0000  0.0000  0.0000  0.0000  0.0000 -0.0000 -0.0000  0.0000 -0.0000  0.0000 -0.0000 -0.0000  0.0000  0.0000  0.0000 -0.0000 -0.0000 -0.0000 -0.0000 -0.0000 -0.0000 -0.0000 -0.0000 -0.0000 -0.0000 -0.0000 -0.0000 -0.0000 -0.0000 -0.0000 -0.0000 -0.0000 -0.0000 -0.0000 -0.0000 -0.0000 -0.0000 -0.0000 -0.0000 -0.0000 -0.0000 -0.0000 -0.0000 -0.0000 -0.0000 -0.0000 -0.0000 -0.0000 -0.0000 -0.0000 -0.0000 -0.0000 -0.0000  0.0000  0.0000  0.0000 -0.0000 -0.0000 -0.0000 -0.0000  0.0000 -0.0000 -0.0000 -0.0081  0.0106  0.0456 -0.0008  0.0679  0.0126  0.0580  0.0794 -0.2431  0.2188  0.4645 -0.3691 -0.6896 -0.2349 -0.8379 -0.0515  0.4356 -0.0319  0.1185  0.4227 -0.0658  0.1127  0.0644  0.3724  0.2251 -0.5676  0.1987  0.4124  1.6394 -0.2238  0.3753
 0.2234500E+01 0.2301570E+01 0.3600000E+02 0.9534914E-02 0.3367362E-03 0.1720474E-03 0.4424864E-03
  0.0000 -0.0000 -0.0000  0.0000  0.0000 -0.0000  0.0000  0.0000  0.0000  0.0000 -0.0000 -0.0000  0.0000 -0.0000  0.0000 -0.0000 -0.0000  0.0000  0.0000  0.0000 -0.0000 -0.0000 -0.0000 -0.0000 -0.0000 -0.0000 -0.0000 -0.0000 -0.0000 -0.0000 -0.0000 -0.0000 -0.0000 -0.0000 -0.0000 -0.0000 -0.0000 -0.0000 -0.0000 -0.0000 -0.0000 -0.0000 -0.0000 -0.0000 -0.0000 -0.0000 -0.0000 -0.0000 -0.0000 -0.0000 -0.0000 -0.0000 -0.0000 -0.0000 -0.0000 -0.0000  0.0000 -0.0000  0.0000  0.0000  0.0000 -0.0000 -0.0000 -0.0000 -0.0000  0.0000 -0.0000 -0.0000 -0.0128  0.0193  0.0571  0.0002  0.0844  0.0244  0.0171  0.0904 -0.3088  0.2360  0.4859 -0.3467 -0.6610 -0.1812 -0.8240 -0.0366  0.4511  0.0381  0.1017  0.2839 -0.0371  0.1797  0.2614  0.4111  0.0521 -0.5204  0.1848  0.4842  1.6709 -0.2141  0.4289
 0.2899500E+01 0.1773705E+01 0.3600000E+02 0.5194286E-02 0.2126438E-03 0.1320659E-03 0.3047078E-03
  0.0000 -0.0000 -0.0000  0.0000  0.0000 -0.0000  0.0000  0.0000  0.0000  0.0000 -0.0000 -0.0000  0.0000 -0.0000  0.0000 -0.0000 -0.0000  0.0000  0.0000  0.0000 -0.0000 -0.0000 -0.0000 -0.0000 -0.0000 -0.0000 -0.0000 -0.0000 -0.0000 -0.0000 -0.0000 -0.0000 -0.0000 -0.0000 -0.0000 -0.0000 -0.0000 -0.0000 -0.0000 -0.0000 -0.0000 -0.0000 -0.0000 -0.0000 -0.0000 -0.0000 -0.0000 -0.0000 -0.0000 -0.0000 -0.0000 -0.0000 -0.0000 -0.0000 -0.0000 -0.0000  0.0000 -0.0000  0.0000  0.0000  0.0000 -0.0000 -0.0000 -0.0000 -0.0000  0.0000 -0.0000 -0.0000 -0.0192  0.0378  0.0558  0.0036  0.0884  0.0397  0.0228  0.0927 -0.2596  0.2275  0.4387 -0.4146 -0.5937 -0.2787 -0.6391 -0.1081  0.3682 -0.0961 -0.0182  0.5848 -0.1097  0.0127  0.1093  0.1239  0.0814 -0.2879  0.5964  0.7170  1.7420  2.1778 -0.7537
 0.4138500E+01 0.1242686E+01 0.3600000E+02 0.2109594E-02 0.9033413E-04 0.5770985E-04 0.1218377E-03
  0.0000 -0.0000 -0.0000  0.0000  0.0000 -0.0000  0.0000 -0.0000  0.0000  0.0000 -0.0000 -0.0000 -0.0000 -0.0000  0.0000 -0.0000 -0.0000  0.0000  0.0000  0.0000 -0.0000 -0.0000 -0.0000 -0.0000 -0.0000 -0.0000 -0.0000 -0.0000 -0.0000 -0.0000 -0.0000 -0.0000 -0.0000 -0.0000 -0.0000 -0.0000 -0.0000 -0.0000 -0.0000 -0.0000 -0.0000 -0.0000 -0.0000 -0.0000 -0.0000 -0.0000 -0.0000 -0.0000 -0.0000 -0.0000 -0.0000 -0.0000 -0.0000 -0.0000 -0.0000 -0.0000  0.0000 -0.0000  0.0000  0.0000  0.0000 -0.0000 -0.0000 -0.0000 -0.0000  0.0000 -0.0000 -0.0000 -0.0148  0.0374  0.0422  0.0042  0.0896  0.0434  0.0660  0.0925 -0.2227  0.2211  0.3834 -0.3068 -0.5859 -0.2325 -0.7849 -0.0373  0.3532 -0.0026 -0.1283  0.5283 -0.1107 -0.0754  0.4274  0.6945  0.0649 -0.6088  0.3894  0.4355  1.8458  0.9126  0.3096
 0.7500000E+01 0.6857143E+00 0.3600000E+02 0.5772341E-03 0.2809596E-04 0.1675805E-04 0.3618028E-04
  0.0000 -0.0000 -0.0000  0.0000  0.0000 -0.0000  0.0000  0.0000  0.0000  0.0000 -0.0000 -0.0000  0.0000 -0.0000  0.0000 -0.0000 -0.0000  0.0000  0.0000  0.0000 -0.0000 -0.0000 -0.0000 -0.0000 -0.0000 -0.0000 -0.0000 -0.0000 -0.0000 -0.0000 -0.0000 -0.0000 -0.0000 -0.0000 -0.0000 -0.0000 -0.0000 -0.0000 -0.0000 -0.0000 -0.0000 -0.0000 -0.0000 -0.0000 -0.0000 -0.0000 -0.0000 -0.0000 -0.0000 -0.0000 -0.0000 -0.0000 -0.0000 -0.0000 -0.0000 -0.0000  0.0000 -0.0000  0.0000  0.0000  0.0000 -0.0000 -0.0000 -0.0000 -0.0000  0.0000 -0.0000 -0.0000 -0.0121  0.0247  0.0381  0.0008  0.0799  0.0465  0.0500  0.0978 -0.2174  0.1700  0.4209 -0.2296 -0.6507 -0.1995 -0.7886 -0.0208  0.3050  0.1083  0.2980  0.2050 -0.0996  0.0208 -0.2573  0.5951  0.2433 -1.1946 -0.0622  0.3016  1.7618  0.5044  0.3828
