*  Total number of systematic sources *
   99
   20 99 99     1     0.000   1  2  3  4  5  6  7  8  9 10 11 12 13 14 15 16 17 18 19 20 21 22 23 24 25 26 27 28 29 30 31 32 33 34 35 36 37 38 39 40 41 42 43 44 45 46 47 48 49 50 51 52 53 54 55 56 57 58 59 60 61 62 63 64 65 66 67 68 69 70 71 72 73 74 75 76 77 78 79 80 81 82 83 84 85 86 87 88 89 90 91 92 93 94 95 96 97 98 99
 0.1000000E+01 0.2857143E+01 0.2000000E+02 0.2673958E-01 0.2186974E-03 0.1073556E-03 0.4461687E-03
 -0.2889 -0.0081  0.0072 -0.0296  0.0663 -0.0591 -0.0061  0.0060  0.0288 -0.0015 -0.0280  0.0127  0.0033 -0.0005 -0.0000  0.0000  0.0000 -0.0000 -0.0000 -0.0000  0.0000  0.0000 -0.0000  0.0000  0.0000 -0.0000  0.0000  0.0000 -0.0000  0.0000  0.0000 -0.0000 -0.0000 -0.0000 -0.0000 -0.0000 -0.0000 -0.0000 -0.0000 -0.0000 -0.0000 -0.0000 -0.0000 -0.0000 -0.0000 -0.0000 -0.0000 -0.0000 -0.0000 -0.0000 -0.0000 -0.0000  0.0000  0.0000  0.0000 -0.0000 -0.0000 -0.0000  0.0000  0.0000 -0.0000  0.0000  0.0000  0.0007 -0.0014  0.0076 -0.0199  0.0032  0.0036 -0.0097  0.0113 -0.0065  0.0356  0.0262  0.0068  0.0254  0.0146  0.1136 -0.3328 -0.0199  0.2542 -0.0139  0.0438  0.0048  0.3754  0.0122 -0.3674  0.0242  0.0270  0.4392  0.5080 -0.3276  0.3706 -0.4661  0.3776  0.4831 -0.3127  0.0127 -0.0334
 0.3000000E+01 0.9523810E+00 0.2000000E+02 0.5425887E-01 0.2903121E-03 0.1461279E-03 0.5755606E-03
 -0.1891 -0.0583  0.0285 -0.0463 -0.0065 -0.0091  0.0232 -0.0135 -0.0131 -0.0008  0.0008  0.0048  0.0017  0.0003  0.0000  0.0000  0.0000 -0.0000  0.0000  0.0000  0.0000  0.0000  0.0000 -0.0000 -0.0000  0.0000 -0.0000  0.0000  0.0000  0.0000  0.0000 -0.0000 -0.0000 -0.0000 -0.0000 -0.0000 -0.0000 -0.0000 -0.0000 -0.0000 -0.0000 -0.0000 -0.0000 -0.0000 -0.0000 -0.0000 -0.0000 -0.0000 -0.0000 -0.0000 -0.0000 -0.0000 -0.0000 -0.0000  0.0000 -0.0000  0.0000 -0.0000  0.0000  0.0000 -0.0000  0.0000 -0.0000  0.0010 -0.0012 -0.0058 -0.0029  0.0016 -0.0060  0.0132  0.0069 -0.0479 -0.0318  0.0297  0.0092 -0.0007 -0.0270  0.1001 -0.1076 -0.0157  0.0977 -0.0435  0.1053  0.0388  0.1920 -0.0512 -0.1515  0.2360  0.0323  0.0878  0.3702 -0.2369  0.2303 -0.2400  0.2760  0.2384 -0.3246  0.0187 -0.0515
 0.5000000E+01 0.5714286E+00 0.2000000E+02 0.5334374E-01 0.2936343E-03 0.1599139E-03 0.4488366E-03
  0.0167  0.0204 -0.0284  0.0143 -0.0098 -0.0032  0.0037 -0.0014  0.0057 -0.0013  0.0011 -0.0020 -0.0036 -0.0001 -0.0000 -0.0000 -0.0000  0.0000 -0.0000 -0.0000 -0.0000 -0.0000 -0.0000  0.0000  0.0000  0.0000 -0.0000 -0.0000  0.0000 -0.0000 -0.0000 -0.0000 -0.0000 -0.0000 -0.0000 -0.0000 -0.0000 -0.0000 -0.0000 -0.0000 -0.0000 -0.0000 -0.0000 -0.0000 -0.0000 -0.0000 -0.0000 -0.0000 -0.0000 -0.0000 -0.0000 -0.0000 -0.0000  0.0000 -0.0000  0.0000 -0.0000  0.0000 -0.0000 -0.0000  0.0000 -0.0000  0.0000 -0.0019 -0.0026  0.0008  0.0065 -0.0006  0.0039 -0.0097  0.0085  0.0029  0.0000  0.0019 -0.0295  0.0128  0.0261 -0.0182  0.0289 -0.0126 -0.0498 -0.0137  0.0018 -0.0453 -0.0985  0.0715  0.1218 -0.0901  0.0086 -0.0893 -0.1293 -0.0350 -0.0850  0.1846  0.1376 -0.2397 -0.3503 -0.0085  0.0307
 0.7000000E+01 0.4081633E+00 0.2000000E+02 0.4563779E-01 0.2693959E-03 0.1410725E-03 0.4227599E-03
  0.1049  0.0669 -0.0491  0.0353  0.0108 -0.0021  0.0030  0.0101  0.0179  0.0034 -0.0027  0.0040 -0.0040  0.0009  0.0000  0.0000 -0.0000  0.0000 -0.0000 -0.0000 -0.0000 -0.0000  0.0000  0.0000 -0.0000  0.0000 -0.0000 -0.0000 -0.0000 -0.0000 -0.0000 -0.0000 -0.0000 -0.0000 -0.0000 -0.0000 -0.0000 -0.0000 -0.0000 -0.0000 -0.0000 -0.0000 -0.0000 -0.0000 -0.0000 -0.0000 -0.0000 -0.0000 -0.0000 -0.0000 -0.0000 -0.0000  0.0000 -0.0000 -0.0000  0.0000  0.0000  0.0000 -0.0000 -0.0000  0.0000  0.0000  0.0000 -0.0019 -0.0013  0.0088 -0.0012  0.0040  0.0075 -0.0133  0.0031  0.0092  0.0124 -0.0170 -0.0432  0.0045  0.0323 -0.0462  0.0492 -0.0003 -0.0489  0.0193 -0.0084 -0.0975 -0.2078  0.1081  0.1621 -0.1583  0.0309 -0.1704 -0.1785  0.0038 -0.1435  0.0672  0.1268 -0.3068 -0.2632 -0.0197 -0.0257
 0.9000000E+01 0.3174603E+00 0.2000000E+02 0.3864383E-01 0.2479452E-03 0.1220661E-03 0.3343142E-03
 -0.0337 -0.0208 -0.0164 -0.0296 -0.0284 -0.0011 -0.0080 -0.0283  0.0050 -0.0057 -0.0021  0.0058 -0.0044 -0.0012 -0.0000 -0.0000 -0.0000 -0.0000 -0.0000 -0.0000 -0.0000 -0.0000 -0.0000  0.0000  0.0000 -0.0000  0.0000  0.0000  0.0000 -0.0000  0.0000 -0.0000 -0.0000 -0.0000 -0.0000 -0.0000 -0.0000 -0.0000 -0.0000 -0.0000 -0.0000 -0.0000 -0.0000 -0.0000 -0.0000 -0.0000 -0.0000 -0.0000 -0.0000 -0.0000 -0.0000 -0.0000 -0.0000  0.0000 -0.0000 -0.0000 -0.0000  0.0000 -0.0000 -0.0000  0.0000 -0.0000  0.0000 -0.0032 -0.0006 -0.0019 -0.0065  0.0061  0.0169 -0.0031  0.0386 -0.0120 -0.0234  0.0530 -0.0301 -0.0038  0.0022  0.0355 -0.0179 -0.0102  0.0318 -0.0280  0.0598 -0.0346 -0.1016 -0.0186  0.0875  0.0773  0.0729  0.0693 -0.1624  0.0525 -0.1030  0.1380  0.1150 -0.1651 -0.2902  0.0041  0.0047
 0.1150000E+02 0.2484472E+00 0.2000000E+02 0.3097774E-01 0.1777076E-03 0.8802435E-04 0.2446908E-03
  0.0155 -0.0008 -0.0150 -0.0292 -0.0257  0.0106 -0.0059 -0.0163  0.0022 -0.0012  0.0028  0.0005 -0.0055 -0.0006 -0.0000 -0.0000 -0.0000  0.0000 -0.0000 -0.0000 -0.0000 -0.0000 -0.0000  0.0000  0.0000 -0.0000  0.0000  0.0000 -0.0000 -0.0000 -0.0000 -0.0000 -0.0000 -0.0000 -0.0000 -0.0000 -0.0000 -0.0000 -0.0000 -0.0000 -0.0000 -0.0000 -0.0000 -0.0000 -0.0000 -0.0000 -0.0000 -0.0000 -0.0000 -0.0000 -0.0000 -0.0000 -0.0000  0.0000 -0.0000  0.0000 -0.0000  0.0000 -0.0000 -0.0000  0.0000 -0.0000  0.0000 -0.0031 -0.0001  0.0021 -0.0011  0.0063  0.0148  0.0013  0.0122 -0.0129 -0.0204  0.0207 -0.0277  0.0098  0.0046 -0.0011  0.0326 -0.0122 -0.0357 -0.0376  0.0380 -0.0167 -0.1073 -0.0247  0.1196  0.0506  0.0327 -0.0599 -0.1521  0.0474 -0.2062  0.0960  0.0433 -0.1473 -0.2614  0.0000 -0.0327
 0.1450000E+02 0.1970443E+00 0.2000000E+02 0.2399598E-01 0.1631570E-03 0.8320418E-04 0.2094592E-03
  0.0411  0.0273 -0.0188  0.0022 -0.0004  0.0053  0.0117  0.0017  0.0025  0.0037 -0.0029  0.0058 -0.0033 -0.0004 -0.0000 -0.0000 -0.0000  0.0000 -0.0000 -0.0000 -0.0000 -0.0000 -0.0000  0.0000  0.0000 -0.0000  0.0000  0.0000 -0.0000 -0.0000 -0.0000 -0.0000 -0.0000 -0.0000 -0.0000 -0.0000 -0.0000 -0.0000 -0.0000 -0.0000 -0.0000 -0.0000 -0.0000 -0.0000 -0.0000 -0.0000 -0.0000 -0.0000 -0.0000 -0.0000 -0.0000 -0.0000  0.0000  0.0000 -0.0000  0.0000 -0.0000  0.0000 -0.0000 -0.0000  0.0000 -0.0000  0.0000 -0.0011  0.0040  0.0057 -0.0066  0.0063  0.0053  0.0054 -0.0017 -0.0142 -0.0071 -0.0103 -0.0213 -0.0049  0.0038  0.0007  0.0177  0.0061 -0.0157 -0.0172  0.0481 -0.0223 -0.0932  0.0295  0.0504 -0.0100  0.0869 -0.1587 -0.0776 -0.0298 -0.0966  0.0176  0.0548 -0.2455 -0.2158  0.0114 -0.0111
 0.1800000E+02 0.1587302E+00 0.2000000E+02 0.1876309E-01 0.1201013E-03 0.5266804E-04 0.1451704E-03
  0.0167  0.0117 -0.0188 -0.0044 -0.0050  0.0020 -0.0057 -0.0108  0.0086 -0.0008  0.0010 -0.0027 -0.0025 -0.0007 -0.0000 -0.0000 -0.0000  0.0000 -0.0000 -0.0000 -0.0000 -0.0000 -0.0000  0.0000  0.0000 -0.0000  0.0000  0.0000 -0.0000 -0.0000  0.0000 -0.0000 -0.0000 -0.0000 -0.0000 -0.0000 -0.0000 -0.0000 -0.0000 -0.0000 -0.0000 -0.0000 -0.0000 -0.0000 -0.0000 -0.0000 -0.0000 -0.0000 -0.0000 -0.0000 -0.0000 -0.0000 -0.0000  0.0000 -0.0000  0.0000 -0.0000  0.0000 -0.0000 -0.0000  0.0000 -0.0000  0.0000 -0.0021 -0.0004  0.0011  0.0009  0.0005  0.0068 -0.0095  0.0097  0.0037 -0.0046  0.0138 -0.0142  0.0225  0.0213 -0.0283  0.0261  0.0104 -0.0318 -0.0042 -0.0018 -0.0326 -0.0519  0.0140  0.0670 -0.0136  0.0490 -0.0064 -0.0508  0.0368 -0.1298  0.0699  0.0270 -0.0338 -0.2567  0.0146  0.0083
 0.2250000E+02 0.1269841E+00 0.2000000E+02 0.1385468E-01 0.9097004E-04 0.4190240E-04 0.1177197E-03
  0.0287  0.0178 -0.0280 -0.0085 -0.0048  0.0031 -0.0021 -0.0122  0.0146 -0.0006 -0.0056  0.0006 -0.0032 -0.0006 -0.0000 -0.0000 -0.0000  0.0000 -0.0000 -0.0000 -0.0000 -0.0000 -0.0000  0.0000  0.0000 -0.0000  0.0000  0.0000 -0.0000 -0.0000 -0.0000 -0.0000 -0.0000 -0.0000 -0.0000 -0.0000 -0.0000 -0.0000 -0.0000 -0.0000 -0.0000 -0.0000 -0.0000 -0.0000 -0.0000 -0.0000 -0.0000 -0.0000 -0.0000 -0.0000 -0.0000 -0.0000  0.0000  0.0000 -0.0000  0.0000 -0.0000  0.0000 -0.0000 -0.0000  0.0000 -0.0000  0.0000 -0.0022  0.0009  0.0051 -0.0049  0.0035  0.0156 -0.0071  0.0132  0.0031 -0.0039  0.0144 -0.0285  0.0163  0.0215 -0.0165 -0.0017  0.0015 -0.0310 -0.0093  0.0038 -0.0226 -0.1187 -0.0124  0.0745 -0.0128  0.0680 -0.0850 -0.1081  0.0651 -0.1864  0.0544  0.0507 -0.0914 -0.3071  0.0448 -0.0070
 0.2750000E+02 0.1038961E+00 0.2000000E+02 0.1017884E-01 0.7783723E-04 0.4132873E-04 0.1008111E-03
  0.0592  0.0289 -0.0222 -0.0101  0.0110  0.0154  0.0114 -0.0034  0.0063  0.0021 -0.0020  0.0022 -0.0021  0.0004  0.0000  0.0000 -0.0000  0.0000 -0.0000 -0.0000 -0.0000 -0.0000 -0.0000  0.0000  0.0000  0.0000  0.0000 -0.0000 -0.0000 -0.0000 -0.0000 -0.0000 -0.0000 -0.0000 -0.0000 -0.0000 -0.0000 -0.0000 -0.0000 -0.0000 -0.0000 -0.0000 -0.0000 -0.0000 -0.0000 -0.0000 -0.0000 -0.0000 -0.0000 -0.0000 -0.0000 -0.0000  0.0000  0.0000 -0.0000  0.0000 -0.0000  0.0000 -0.0000 -0.0000  0.0000 -0.0000  0.0000 -0.0003  0.0028  0.0071 -0.0049  0.0034  0.0069 -0.0061  0.0012 -0.0135 -0.0145 -0.0032 -0.0155 -0.0011  0.0115  0.0046  0.0001 -0.0032 -0.0315 -0.0196  0.0133 -0.0385 -0.0883 -0.0016 -0.0117 -0.0297  0.1062 -0.1592 -0.0141 -0.0446 -0.1918  0.0107  0.0058 -0.2029 -0.2989  0.0810  0.0099
 0.3350000E+02 0.8528785E-01 0.2000000E+02 0.7372722E-02 0.5249807E-04 0.2499949E-04 0.6252430E-04
  0.0643 -0.0068 -0.0195  0.0259  0.0157 -0.0031  0.0032 -0.0068  0.0192 -0.0016 -0.0139 -0.0065  0.0022 -0.0013 -0.0000 -0.0000 -0.0000 -0.0000 -0.0000 -0.0000 -0.0000 -0.0000 -0.0000 -0.0000  0.0000 -0.0000  0.0000  0.0000 -0.0000 -0.0000  0.0000 -0.0000 -0.0000 -0.0000 -0.0000 -0.0000 -0.0000 -0.0000 -0.0000 -0.0000 -0.0000 -0.0000 -0.0000 -0.0000 -0.0000 -0.0000 -0.0000 -0.0000 -0.0000 -0.0000 -0.0000 -0.0000 -0.0000  0.0000 -0.0000  0.0000 -0.0000  0.0000 -0.0000 -0.0000 -0.0000 -0.0000 -0.0000  0.0023  0.0053  0.0028 -0.0066 -0.0021  0.0237  0.0087  0.0055  0.0313  0.0027  0.0147  0.0289 -0.0230  0.0130 -0.0199  0.0224 -0.0048 -0.0460  0.0235 -0.0394 -0.0410 -0.0660  0.0144  0.0370 -0.0524  0.0015 -0.0363 -0.0480  0.0920 -0.1120  0.1068 -0.0129  0.0026 -0.1653  0.0919 -0.0057
 0.4100000E+02 0.6968641E-01 0.2000000E+02 0.5222834E-02 0.4006772E-04 0.1488587E-04 0.4662887E-04
  0.0533 -0.0065  0.0009 -0.0163  0.0064  0.0250  0.0091 -0.0075 -0.0011 -0.0019 -0.0003 -0.0030  0.0031  0.0021  0.0000  0.0000  0.0000  0.0000  0.0000  0.0000 -0.0000  0.0000  0.0000  0.0000 -0.0000  0.0000 -0.0000 -0.0000 -0.0000 -0.0000 -0.0000 -0.0000 -0.0000 -0.0000 -0.0000 -0.0000 -0.0000 -0.0000 -0.0000 -0.0000 -0.0000 -0.0000 -0.0000 -0.0000 -0.0000 -0.0000 -0.0000 -0.0000 -0.0000 -0.0000 -0.0000 -0.0000  0.0000 -0.0000  0.0000  0.0000  0.0000 -0.0000  0.0000  0.0000  0.0000  0.0000 -0.0000  0.0011  0.0019  0.0055 -0.0084 -0.0036  0.0000 -0.0059 -0.0090  0.0009  0.0027  0.0024  0.0320 -0.0433 -0.0053  0.0458 -0.0350 -0.0008  0.0124  0.0124 -0.0029  0.0018  0.0016 -0.0713 -0.0803 -0.0070  0.0077 -0.0756  0.0651 -0.0363 -0.1436 -0.0815 -0.0297 -0.0443 -0.1651  0.1903 -0.0027
 0.5000000E+02 0.5714286E-01 0.2000000E+02 0.3514983E-02 0.2896068E-04 0.1189145E-04 0.3504358E-04
  0.0992 -0.0316  0.0021  0.0204  0.0261  0.0165  0.0097 -0.0095  0.0137  0.0001 -0.0157 -0.0096  0.0019 -0.0001  0.0000  0.0000  0.0000 -0.0000  0.0000  0.0000  0.0000 -0.0000  0.0000 -0.0000 -0.0000 -0.0000  0.0000 -0.0000 -0.0000 -0.0000  0.0000 -0.0000 -0.0000 -0.0000 -0.0000 -0.0000 -0.0000 -0.0000 -0.0000 -0.0000 -0.0000 -0.0000 -0.0000 -0.0000 -0.0000 -0.0000 -0.0000 -0.0000 -0.0000 -0.0000 -0.0000 -0.0000 -0.0000  0.0000  0.0000  0.0000  0.0000 -0.0000  0.0000  0.0000 -0.0000  0.0000 -0.0000  0.0037  0.0024 -0.0018 -0.0030 -0.0052  0.0242  0.0180  0.0004  0.0342 -0.0030 -0.0021  0.0385 -0.0418 -0.0006 -0.0087 -0.0048  0.0253 -0.0627  0.0242 -0.0938  0.0307  0.0205 -0.0907 -0.0228 -0.0122 -0.0388 -0.0148  0.1058  0.0071 -0.0761  0.1353 -0.2531  0.0091 -0.1481  0.1813  0.0445
 0.6000000E+02 0.4761905E-01 0.2000000E+02 0.2366720E-02 0.2386142E-04 0.8793434E-05 0.2837792E-04
  0.1218 -0.0803  0.0305 -0.0030  0.0005  0.0416 -0.0068 -0.0231  0.0023 -0.0134 -0.0037 -0.0111  0.0077  0.0009  0.0000  0.0000  0.0000 -0.0000  0.0000  0.0000  0.0000  0.0000  0.0000 -0.0000 -0.0000  0.0000 -0.0000 -0.0000  0.0000 -0.0000  0.0000 -0.0000 -0.0000 -0.0000 -0.0000 -0.0000 -0.0000 -0.0000 -0.0000 -0.0000 -0.0000 -0.0000 -0.0000 -0.0000 -0.0000 -0.0000 -0.0000 -0.0000 -0.0000 -0.0000 -0.0000 -0.0000 -0.0000 -0.0000  0.0000 -0.0000  0.0000 -0.0000  0.0000  0.0000 -0.0000  0.0000 -0.0000  0.0041  0.0003 -0.0163  0.0020 -0.0096  0.0132  0.0034  0.0237  0.0319 -0.0100  0.0098 -0.0109 -0.0716 -0.0274  0.0169 -0.0247  0.0414 -0.0557  0.0342 -0.0782  0.0290  0.0680 -0.1559 -0.0623  0.0387 -0.0173  0.0225  0.0684  0.0128 -0.0942  0.1419 -0.2096  0.0944 -0.1933  0.2724  0.0519
 0.7000000E+02 0.4081633E-01 0.2000000E+02 0.1537154E-02 0.1942826E-04 0.8536280E-05 0.2515014E-04
  0.1703 -0.1140  0.0398  0.0176 -0.0470  0.0620  0.0376 -0.0018 -0.0271 -0.0184 -0.0245  0.0032  0.0107  0.0004  0.0000  0.0000  0.0000 -0.0000  0.0000  0.0000  0.0000  0.0000  0.0000 -0.0000 -0.0000 -0.0000 -0.0000  0.0000  0.0000  0.0000  0.0000 -0.0000 -0.0000 -0.0000 -0.0000 -0.0000 -0.0000 -0.0000 -0.0000 -0.0000 -0.0000 -0.0000 -0.0000 -0.0000 -0.0000 -0.0000 -0.0000 -0.0000 -0.0000 -0.0000 -0.0000 -0.0000 -0.0000  0.0000  0.0000 -0.0000  0.0000 -0.0000  0.0000  0.0000 -0.0000  0.0000 -0.0000  0.0090  0.0040 -0.0087 -0.0115 -0.0155 -0.0029  0.0218  0.0306 -0.0131 -0.0048 -0.0237 -0.0976 -0.2234 -0.1031  0.1616 -0.0421  0.0297  0.0453  0.0276 -0.0080 -0.0237 -0.1201 -0.0012  0.0831  0.0055  0.1238 -0.1153 -0.1094  0.0620 -0.2151 -0.0976  0.2787 -0.3519 -0.2921  0.4509 -0.0349
 0.8000000E+02 0.3571429E-01 0.2000000E+02 0.1020309E-02 0.1666453E-04 0.6591044E-05 0.2007788E-04
  0.1210 -0.0792  0.0092  0.0173  0.0232  0.0325  0.0345  0.0023  0.0353  0.0001 -0.0298 -0.0203  0.0056 -0.0010 -0.0000  0.0000  0.0000 -0.0000  0.0000  0.0000  0.0000  0.0000  0.0000 -0.0000  0.0000 -0.0000  0.0000  0.0000 -0.0000  0.0000  0.0000 -0.0000 -0.0000 -0.0000 -0.0000 -0.0000 -0.0000 -0.0000 -0.0000 -0.0000 -0.0000 -0.0000 -0.0000 -0.0000 -0.0000 -0.0000 -0.0000 -0.0000 -0.0000 -0.0000 -0.0000 -0.0000 -0.0000  0.0000  0.0000 -0.0000 -0.0000 -0.0000  0.0000  0.0000 -0.0000  0.0000 -0.0000  0.0067  0.0028 -0.0052  0.0060 -0.0108  0.0384  0.0150  0.0061  0.0346  0.0073 -0.0191 -0.0476 -0.0833 -0.0340  0.0171 -0.0929  0.0394 -0.0104  0.0646 -0.0740  0.0834  0.0423 -0.1171 -0.1391 -0.0385  0.0506 -0.0065  0.0845 -0.0486  0.1059 -0.0897 -0.0922  0.1192 -0.6939  0.3839 -0.0192
 0.9500000E+02 0.3007519E-01 0.2000000E+02 0.5542460E-03 0.7618174E-05 0.2563811E-05 0.9384021E-05
  0.2084 -0.0409 -0.0142  0.0009  0.0034  0.0514  0.0214  0.0027  0.0267  0.0063 -0.0260 -0.0204  0.0001 -0.0003 -0.0000  0.0000  0.0000 -0.0000 -0.0000 -0.0000  0.0000  0.0000 -0.0000 -0.0000  0.0000 -0.0000 -0.0000 -0.0000 -0.0000  0.0000  0.0000 -0.0000 -0.0000 -0.0000 -0.0000 -0.0000 -0.0000 -0.0000 -0.0000 -0.0000 -0.0000 -0.0000 -0.0000 -0.0000 -0.0000 -0.0000 -0.0000 -0.0000 -0.0000 -0.0000 -0.0000 -0.0000 -0.0000  0.0000  0.0000  0.0000 -0.0000  0.0000  0.0000  0.0000 -0.0000  0.0000 -0.0000  0.0048 -0.0010  0.0073  0.0058 -0.0098  0.0398 -0.0034  0.0152  0.0239  0.0067 -0.0117 -0.0499 -0.0986 -0.0239  0.0154 -0.0085  0.0636 -0.0808  0.0178 -0.0546 -0.0603 -0.1507 -0.1696 -0.0379  0.0022  0.0858 -0.1295 -0.1696 -0.0072 -0.1808 -0.1059 -0.0391 -0.0694 -0.6464  0.3244 -0.0242
 0.1275000E+03 0.2240896E-01 0.2000000E+02 0.2004249E-03 0.2822960E-05 0.9699115E-06 0.3318027E-05
  0.1739 -0.0710  0.0003 -0.0563 -0.0538  0.0692 -0.0088 -0.0019 -0.0002  0.0171 -0.0297 -0.0139  0.0017 -0.0014 -0.0000  0.0000  0.0000 -0.0000 -0.0000 -0.0000  0.0000 -0.0000 -0.0000 -0.0000  0.0000 -0.0000  0.0000  0.0000 -0.0000  0.0000  0.0000 -0.0000 -0.0000 -0.0000 -0.0000 -0.0000 -0.0000 -0.0000 -0.0000 -0.0000 -0.0000 -0.0000 -0.0000 -0.0000 -0.0000 -0.0000 -0.0000 -0.0000 -0.0000 -0.0000 -0.0000 -0.0000 -0.0000  0.0000 -0.0000  0.0000 -0.0000  0.0000 -0.0000  0.0000 -0.0000  0.0000 -0.0000  0.0041 -0.0002  0.0099  0.0082 -0.0000  0.0435  0.0115  0.0404  0.0074 -0.0213  0.0224 -0.0167 -0.1204 -0.0304  0.0690  0.0440  0.0203 -0.1034  0.0187 -0.0549  0.0378 -0.1211 -0.1767  0.0186  0.0910  0.1051 -0.0837 -0.1655 -0.0284 -0.2868  0.1139 -0.1494 -0.1237 -0.3567  0.2547 -0.0790
 0.1750000E+03 0.1632653E-01 0.2000000E+02 0.5740321E-04 0.1467026E-05 0.5645157E-06 0.1693014E-05
  0.0475 -0.0383 -0.0290 -0.0212  0.0052  0.0342  0.0505  0.0450  0.0226  0.0385 -0.0671 -0.0396  0.0170  0.0025 -0.0000  0.0000  0.0000 -0.0000 -0.0000 -0.0000  0.0000  0.0000  0.0000 -0.0000 -0.0000  0.0000 -0.0000 -0.0000 -0.0000 -0.0000  0.0000 -0.0000 -0.0000 -0.0000 -0.0000 -0.0000 -0.0000 -0.0000 -0.0000 -0.0000 -0.0000 -0.0000 -0.0000 -0.0000 -0.0000 -0.0000 -0.0000 -0.0000 -0.0000 -0.0000 -0.0000 -0.0000  0.0000  0.0000  0.0000  0.0000 -0.0000 -0.0000  0.0000  0.0000 -0.0000  0.0000 -0.0000  0.0038 -0.0060  0.0293  0.0431 -0.0127  0.0341 -0.0480  0.0336  0.0370  0.0401  0.0219  0.0698 -0.0821  0.0109  0.0904 -0.1325  0.0124  0.0629  0.0386 -0.0785  0.0538  0.2592 -0.1553 -0.3007  0.1738  0.0191 -0.0880  0.1529 -0.4714 -0.3184 -0.1743  0.1893  0.3423 -0.5123  0.3232  0.0232
 0.5500000E+03 0.5194805E-02 0.2000000E+02 0.1763951E-05 0.6656497E-07 0.2169842E-07 0.7723007E-07
  0.0823 -0.0718 -0.0403 -0.1852 -0.1247  0.0961  0.0193  0.0667 -0.0137  0.0772 -0.0828 -0.0249  0.0186  0.0021 -0.0000  0.0000  0.0000 -0.0000 -0.0000 -0.0000  0.0000  0.0000  0.0000  0.0000  0.0000  0.0000 -0.0000 -0.0000 -0.0000 -0.0000  0.0000 -0.0000 -0.0000 -0.0000 -0.0000 -0.0000 -0.0000 -0.0000 -0.0000 -0.0000 -0.0000 -0.0000 -0.0000 -0.0000 -0.0000 -0.0000 -0.0000 -0.0000 -0.0000 -0.0000 -0.0000 -0.0000  0.0000  0.0000  0.0000  0.0000 -0.0000  0.0000  0.0000  0.0000 -0.0000  0.0000 -0.0000  0.0076  0.0002  0.0452  0.0456  0.0283  0.0944 -0.0195  0.0977 -0.0487 -0.0428  0.0841  0.0343 -0.1624 -0.0316  0.2281  0.0031 -0.0318 -0.0058 -0.0807  0.1647  0.0399 -0.3065 -0.2629  0.0505  0.3141  0.3230 -0.1326  0.0141 -0.3094 -0.8591 -0.1754  0.2820 -0.3101 -1.2407  0.4492 -0.0672
