   20.0000000000    1.0000000000    2.8571429253    0.0267395806    0.0002436263    0.0003737816    0.0004461687
   20.0000000000    3.0000000000    0.9523809552    0.0542588718    0.0003250146    0.0004750111    0.0005755606
   20.0000000000    5.0000000000    0.5714285970    0.0533437431    0.0003343555    0.0002994341    0.0004488366
   20.0000000000    7.0000000000    0.4081632793    0.0456377901    0.0003040980    0.0002936841    0.0004227599
   20.0000000000    9.0000000000    0.3174603283    0.0386438332    0.0002763638    0.0001881198    0.0003343142
   20.0000000000   11.5000000000    0.2484472096    0.0309777427    0.0001983136    0.0001433363    0.0002446908
   20.0000000000   14.5000000000    0.1970443279    0.0239959750    0.0001831479    0.0001016367    0.0002094592
   20.0000000000   18.0000000000    0.1587301642    0.0187630914    0.0001311421    0.0000622591    0.0001451704
   20.0000000000   22.5000000000    0.1269841343    0.0138546815    0.0001001567    0.0000618593    0.0001177197
   20.0000000000   27.5000000000    0.1038961038    0.0101788361    0.0000881289    0.0000489508    0.0001008111
   20.0000000000   33.5000000000    0.0852878466    0.0073727216    0.0000581466    0.0000229841    0.0000625243
   20.0000000000   41.0000000000    0.0696864128    0.0052228342    0.0000427436    0.0000186344    0.0000466289
   20.0000000000   50.0000000000    0.0571428575    0.0035149830    0.0000313070    0.0000157456    0.0000350436
   20.0000000000   60.0000000000    0.0476190485    0.0023667202    0.0000254301    0.0000125942    0.0000283779
   20.0000000000   70.0000000000    0.0408163257    0.0015371537    0.0000212209    0.0000134983    0.0000251501
   20.0000000000   80.0000000000    0.0357142873    0.0010203089    0.0000179206    0.0000090539    0.0000200779
   20.0000000000   95.0000000000    0.0300751887    0.0005542460    0.0000080380    0.0000048425    0.0000093840
   20.0000000000  127.5000000000    0.0224089641    0.0002004249    0.0000029849    0.0000014490    0.0000033180
   20.0000000000  175.0000000000    0.0163265299    0.0000574032    0.0000015719    0.0000006289    0.0000016930
   20.0000000000  550.0000000000    0.0051948051    0.0000017640    0.0000000700    0.0000000326    0.0000000772
