*  Total number of systematic sources *
   99
   20 99 99     1     0.000   1  2  3  4  5  6  7  8  9 10 11 12 13 14 15 16 17 18 19 20 21 22 23 24 25 26 27 28 29 30 31 32 33 34 35 36 37 38 39 40 41 42 43 44 45 46 47 48 49 50 51 52 53 54 55 56 57 58 59 60 61 62 63 64 65 66 67 68 69 70 71 72 73 74 75 76 77 78 79 80 81 82 83 84 85 86 87 88 89 90 91 92 93 94 95 96 97 98 99
 0.1000000E+01 0.2857143E+01 0.2000000E+02 0.2563053E+01 0.9988585E-02 0.4405036E-02 0.2435831E-01
 -0.3630  0.0196  0.1042 -0.1927 -0.0567  0.0557  0.0090  0.0626 -0.0383  0.0062  0.0255  0.0154 -0.0006 -0.0008 -0.0000 -0.0000 -0.0000  0.0000  0.0000  0.0000  0.0000 -0.0000  0.0000 -0.0000  0.0000  0.0000 -0.0000 -0.0000  0.0000 -0.0000 -0.0000 -0.0000 -0.0000 -0.0000 -0.0000 -0.0000 -0.0000 -0.0000 -0.0000 -0.0000 -0.0000 -0.0000 -0.0000 -0.0000 -0.0000 -0.0000 -0.0000 -0.0000 -0.0000 -0.0000 -0.0000 -0.0000 -0.0000 -0.0000 -0.0000  0.0000  0.0000  0.0000 -0.0000 -0.0000 -0.0000 -0.0000  0.0000  0.0000  0.0000  0.0000 -0.0016  0.0057  0.0045  0.0104 -0.0152  0.0075 -0.0440 -0.0123 -0.0235 -0.0113 -0.0018  0.2653  0.1336 -0.0689 -0.0822 -0.0366 -0.0651 -0.0796  0.0748 -0.0411 -0.0177 -0.0000 -0.1089 -0.0280  0.1989 -0.0258 -0.1901 -0.0497  0.2070  0.5053  0.1251  0.0266 -0.0219
 0.3000000E+01 0.9523810E+00 0.2000000E+02 0.5341187E+01 0.1405489E-01 0.6759620E-02 0.3961582E-01
 -0.3034  0.0634 -0.0058 -0.0440 -0.0128  0.0064  0.0292  0.0147 -0.0204 -0.0216  0.0126 -0.0028 -0.0030  0.0006  0.0000 -0.0000  0.0000 -0.0000 -0.0000  0.0000  0.0000 -0.0000 -0.0000  0.0000 -0.0000 -0.0000  0.0000  0.0000 -0.0000 -0.0000 -0.0000 -0.0000 -0.0000 -0.0000 -0.0000 -0.0000 -0.0000 -0.0000 -0.0000 -0.0000 -0.0000 -0.0000 -0.0000 -0.0000 -0.0000 -0.0000 -0.0000 -0.0000 -0.0000 -0.0000 -0.0000 -0.0000 -0.0000 -0.0000 -0.0000  0.0000 -0.0000 -0.0000 -0.0000  0.0000 -0.0000 -0.0000  0.0000 -0.0000 -0.0000  0.0000 -0.0022 -0.0000  0.0087 -0.0048 -0.0118  0.0095  0.0007 -0.0206 -0.0060  0.0167  0.0203  0.0404  0.0957 -0.0713 -0.1222 -0.1797 -0.0161 -0.0691  0.0455  0.0093 -0.0110 -0.0131 -0.0912  0.0085  0.1938 -0.0467 -0.2121 -0.1173  0.0889  0.4066  0.1086  0.0181 -0.0136
 0.5000000E+01 0.5714286E+00 0.2000000E+02 0.5331793E+01 0.1423271E-01 0.8121097E-02 0.3293224E-01
 -0.2750  0.0605 -0.0143  0.0003 -0.0076 -0.0018  0.0210 -0.0048 -0.0181 -0.0285  0.0107 -0.0093 -0.0016  0.0037  0.0000 -0.0000  0.0000 -0.0000 -0.0000  0.0000 -0.0000 -0.0000 -0.0000  0.0000 -0.0000 -0.0000  0.0000  0.0000 -0.0000 -0.0000 -0.0000 -0.0000 -0.0000 -0.0000 -0.0000 -0.0000 -0.0000 -0.0000 -0.0000 -0.0000 -0.0000 -0.0000 -0.0000 -0.0000 -0.0000 -0.0000 -0.0000 -0.0000 -0.0000 -0.0000 -0.0000 -0.0000 -0.0000 -0.0000 -0.0000 -0.0000 -0.0000 -0.0000 -0.0000  0.0000 -0.0000  0.0000 -0.0000 -0.0000  0.0000 -0.0000 -0.0009 -0.0034  0.0064 -0.0072 -0.0152  0.0028  0.0022 -0.0092  0.0112  0.0210  0.0047 -0.0412  0.0370 -0.0735 -0.1312 -0.1856  0.0248 -0.0668  0.0672 -0.0007 -0.0703 -0.0864 -0.0534  0.0612  0.2060 -0.0467 -0.1228 -0.1088 -0.1692  0.0949  0.0816  0.0011 -0.0102
 0.7000000E+01 0.4081633E+00 0.2000000E+02 0.4647033E+01 0.1310925E-01 0.6827979E-02 0.2806622E-01
 -0.2812  0.0469  0.0125 -0.0086 -0.0181 -0.0049  0.0164  0.0101 -0.0066 -0.0034  0.0001 -0.0019  0.0038  0.0012  0.0000 -0.0000  0.0000 -0.0000  0.0000  0.0000 -0.0000  0.0000 -0.0000  0.0000 -0.0000 -0.0000  0.0000  0.0000  0.0000 -0.0000 -0.0000 -0.0000 -0.0000 -0.0000 -0.0000 -0.0000 -0.0000 -0.0000 -0.0000 -0.0000 -0.0000 -0.0000 -0.0000 -0.0000 -0.0000 -0.0000 -0.0000 -0.0000 -0.0000 -0.0000 -0.0000 -0.0000 -0.0000 -0.0000 -0.0000 -0.0000 -0.0000 -0.0000  0.0000  0.0000  0.0000  0.0000 -0.0000 -0.0000  0.0000 -0.0000  0.0003 -0.0024 -0.0004  0.0007  0.0001  0.0017 -0.0089 -0.0020 -0.0064  0.0212 -0.0007  0.0298  0.0475 -0.0537 -0.1321 -0.1307  0.0085 -0.0826  0.1051 -0.0671 -0.1279 -0.0853 -0.0466  0.0557  0.1346 -0.0563 -0.0645 -0.1284 -0.1896  0.0921 -0.0045  0.0482 -0.0101
 0.9000000E+01 0.3174603E+00 0.2000000E+02 0.3922952E+01 0.1227900E-01 0.6155728E-02 0.2384851E-01
 -0.2761  0.0301  0.0409 -0.0337  0.0070  0.0202 -0.0097 -0.0101  0.0001  0.0109 -0.0071  0.0004  0.0055 -0.0004 -0.0000 -0.0000 -0.0000 -0.0000  0.0000  0.0000  0.0000 -0.0000 -0.0000 -0.0000 -0.0000 -0.0000  0.0000  0.0000  0.0000 -0.0000 -0.0000 -0.0000 -0.0000 -0.0000 -0.0000 -0.0000 -0.0000 -0.0000 -0.0000 -0.0000 -0.0000 -0.0000 -0.0000 -0.0000 -0.0000 -0.0000 -0.0000 -0.0000 -0.0000 -0.0000 -0.0000 -0.0000 -0.0000 -0.0000 -0.0000 -0.0000 -0.0000  0.0000  0.0000  0.0000  0.0000  0.0000 -0.0000 -0.0000  0.0000 -0.0000 -0.0011 -0.0027 -0.0034  0.0031  0.0119 -0.0083  0.0107 -0.0019 -0.0163  0.0093 -0.0154  0.0831  0.0226 -0.0560 -0.1658 -0.0870  0.0334 -0.0999  0.1143 -0.0163 -0.0644 -0.1293 -0.0639  0.0511  0.0309 -0.0775  0.0568 -0.0653  0.0084  0.2143  0.0129  0.0838 -0.0034
 0.1150000E+02 0.2484472E+00 0.2000000E+02 0.3151955E+01 0.8722421E-02 0.3706048E-02 0.1664407E-01
 -0.2609  0.0388  0.0317 -0.0146  0.0100  0.0165 -0.0192 -0.0149  0.0029 -0.0156  0.0006 -0.0033  0.0000  0.0002  0.0000 -0.0000  0.0000 -0.0000  0.0000  0.0000  0.0000 -0.0000  0.0000 -0.0000 -0.0000 -0.0000 -0.0000  0.0000 -0.0000 -0.0000 -0.0000 -0.0000 -0.0000 -0.0000 -0.0000 -0.0000 -0.0000 -0.0000 -0.0000 -0.0000 -0.0000 -0.0000 -0.0000 -0.0000 -0.0000 -0.0000 -0.0000 -0.0000 -0.0000 -0.0000 -0.0000 -0.0000 -0.0000 -0.0000 -0.0000  0.0000 -0.0000 -0.0000 -0.0000  0.0000  0.0000 -0.0000 -0.0000 -0.0000 -0.0000  0.0000 -0.0015 -0.0007  0.0070  0.0004  0.0028  0.0005  0.0076 -0.0028  0.0009 -0.0033 -0.0085  0.0335  0.0122 -0.0562 -0.1959 -0.1479  0.0352 -0.0489  0.1105 -0.0117 -0.0415 -0.0829 -0.0067  0.0340 -0.0522  0.0027 -0.0122 -0.0536 -0.0950  0.0833  0.0521  0.0355 -0.0079
 0.1450000E+02 0.1970443E+00 0.2000000E+02 0.2443076E+01 0.7845083E-02 0.3548726E-02 0.1434165E-01
 -0.2654  0.0406  0.0274  0.0051 -0.0102 -0.0023 -0.0002 -0.0001 -0.0011 -0.0069 -0.0004 -0.0032  0.0013  0.0001  0.0000 -0.0000  0.0000 -0.0000  0.0000  0.0000 -0.0000  0.0000 -0.0000  0.0000 -0.0000 -0.0000  0.0000  0.0000  0.0000 -0.0000 -0.0000 -0.0000 -0.0000 -0.0000 -0.0000 -0.0000 -0.0000 -0.0000 -0.0000 -0.0000 -0.0000 -0.0000 -0.0000 -0.0000 -0.0000 -0.0000 -0.0000 -0.0000 -0.0000 -0.0000 -0.0000 -0.0000 -0.0000 -0.0000 -0.0000 -0.0000 -0.0000 -0.0000  0.0000  0.0000  0.0000  0.0000 -0.0000 -0.0000  0.0000 -0.0000 -0.0003 -0.0022  0.0020 -0.0009  0.0005  0.0036 -0.0001 -0.0029 -0.0046  0.0120  0.0013  0.0010  0.0268 -0.0406 -0.1715 -0.1317  0.0335 -0.0891  0.1248 -0.0351 -0.1152 -0.1359 -0.0328  0.0428  0.0178 -0.0147 -0.0286 -0.0926 -0.1318  0.0784  0.0445  0.0449 -0.0068
 0.1800000E+02 0.1587302E+00 0.2000000E+02 0.1847487E+01 0.5469227E-02 0.2522231E-02 0.1114897E-01
 -0.2783  0.0396  0.0348 -0.0099 -0.0088  0.0051  0.0009 -0.0018 -0.0053 -0.0046 -0.0009 -0.0015  0.0019 -0.0001  0.0000 -0.0000  0.0000 -0.0000  0.0000  0.0000  0.0000 -0.0000 -0.0000 -0.0000 -0.0000 -0.0000  0.0000  0.0000  0.0000 -0.0000 -0.0000 -0.0000 -0.0000 -0.0000 -0.0000 -0.0000 -0.0000 -0.0000 -0.0000 -0.0000 -0.0000 -0.0000 -0.0000 -0.0000 -0.0000 -0.0000 -0.0000 -0.0000 -0.0000 -0.0000 -0.0000 -0.0000 -0.0000 -0.0000 -0.0000 -0.0000 -0.0000 -0.0000 -0.0000  0.0000  0.0000  0.0000 -0.0000 -0.0000  0.0000 -0.0000 -0.0013 -0.0023  0.0020  0.0001 -0.0013  0.0003  0.0023  0.0005 -0.0053  0.0129  0.0020  0.0393  0.0525 -0.0477 -0.1767 -0.1584  0.0214 -0.0795  0.1168 -0.0278 -0.1055 -0.0955 -0.0359 -0.0074  0.0512 -0.0446 -0.0274 -0.1295 -0.1305  0.1591  0.0505  0.0664 -0.0088
 0.2250000E+02 0.1269841E+00 0.2000000E+02 0.1324113E+01 0.4052478E-02 0.1911730E-02 0.8231862E-02
 -0.2727  0.0368  0.0426  0.0076 -0.0173 -0.0049  0.0053  0.0063 -0.0047 -0.0055 -0.0021 -0.0019  0.0033  0.0004  0.0000 -0.0000 -0.0000 -0.0000  0.0000  0.0000 -0.0000  0.0000 -0.0000  0.0000 -0.0000 -0.0000  0.0000  0.0000  0.0000 -0.0000 -0.0000 -0.0000 -0.0000 -0.0000 -0.0000 -0.0000 -0.0000 -0.0000 -0.0000 -0.0000 -0.0000 -0.0000 -0.0000 -0.0000 -0.0000 -0.0000 -0.0000 -0.0000 -0.0000 -0.0000 -0.0000 -0.0000 -0.0000 -0.0000 -0.0000 -0.0000 -0.0000 -0.0000  0.0000  0.0000  0.0000  0.0000 -0.0000 -0.0000  0.0000 -0.0000  0.0002 -0.0024  0.0044  0.0019 -0.0011  0.0003 -0.0058 -0.0000 -0.0052  0.0108  0.0102  0.0125  0.0464 -0.0428 -0.1915 -0.1572  0.0240 -0.0784  0.1555 -0.0441 -0.1182 -0.0790 -0.0378  0.0060  0.0466 -0.0144 -0.0474 -0.1354 -0.1284  0.1534  0.0911  0.0469 -0.0069
 0.2750000E+02 0.1038961E+00 0.2000000E+02 0.9557611E+00 0.3495771E-02 0.1364960E-02 0.6326375E-02
 -0.2745  0.0339  0.0522  0.0195 -0.0173 -0.0120  0.0134  0.0025 -0.0106  0.0026 -0.0004 -0.0045  0.0042  0.0011  0.0000 -0.0000  0.0000 -0.0000  0.0000  0.0000 -0.0000  0.0000 -0.0000  0.0000 -0.0000 -0.0000  0.0000  0.0000  0.0000 -0.0000 -0.0000 -0.0000 -0.0000 -0.0000 -0.0000 -0.0000 -0.0000 -0.0000 -0.0000 -0.0000 -0.0000 -0.0000 -0.0000 -0.0000 -0.0000 -0.0000 -0.0000 -0.0000 -0.0000 -0.0000 -0.0000 -0.0000 -0.0000 -0.0000 -0.0000 -0.0000 -0.0000 -0.0000  0.0000  0.0000  0.0000  0.0000 -0.0000 -0.0000  0.0000 -0.0000  0.0002 -0.0039 -0.0016 -0.0022 -0.0021 -0.0006 -0.0029 -0.0008 -0.0093  0.0246  0.0114  0.0008  0.0503 -0.0536 -0.1624 -0.1419  0.0380 -0.1198  0.1546 -0.0583 -0.1333 -0.1485 -0.0224  0.0302  0.0755 -0.0056  0.0231 -0.0912 -0.1539  0.1155  0.0880  0.0841 -0.0018
 0.3350000E+02 0.8528785E-01 0.2000000E+02 0.6669279E+00 0.2376116E-02 0.8548580E-03 0.4615140E-02
 -0.2834  0.0354  0.0657  0.0295 -0.0195 -0.0203  0.0277  0.0160 -0.0126 -0.0034  0.0080 -0.0039  0.0054  0.0012  0.0000 -0.0000  0.0000 -0.0000  0.0000  0.0000 -0.0000  0.0000 -0.0000  0.0000 -0.0000 -0.0000  0.0000  0.0000  0.0000 -0.0000 -0.0000 -0.0000 -0.0000 -0.0000 -0.0000 -0.0000 -0.0000 -0.0000 -0.0000 -0.0000 -0.0000 -0.0000 -0.0000 -0.0000 -0.0000 -0.0000 -0.0000 -0.0000 -0.0000 -0.0000 -0.0000 -0.0000 -0.0000 -0.0000 -0.0000 -0.0000 -0.0000 -0.0000  0.0000  0.0000  0.0000  0.0000 -0.0000 -0.0000  0.0000 -0.0000  0.0011 -0.0038  0.0064 -0.0018 -0.0068 -0.0002 -0.0216 -0.0012 -0.0025  0.0177  0.0281  0.0174  0.0849 -0.0663 -0.1858 -0.1692  0.0249 -0.0989  0.1661 -0.0524 -0.1302 -0.0779  0.0055 -0.0072  0.0726  0.0098 -0.1423 -0.0839 -0.1416  0.1930  0.1180  0.0465 -0.0003
 0.4100000E+02 0.6968641E-01 0.2000000E+02 0.4441704E+00 0.1736551E-02 0.7226818E-03 0.3211442E-02
 -0.2778  0.0281  0.1002  0.0416 -0.0030 -0.0167  0.0237 -0.0005 -0.0115  0.0074  0.0119 -0.0065  0.0038  0.0007  0.0000 -0.0000  0.0000 -0.0000  0.0000  0.0000 -0.0000  0.0000 -0.0000  0.0000 -0.0000 -0.0000  0.0000  0.0000  0.0000 -0.0000 -0.0000 -0.0000 -0.0000 -0.0000 -0.0000 -0.0000 -0.0000 -0.0000 -0.0000 -0.0000 -0.0000 -0.0000 -0.0000 -0.0000 -0.0000 -0.0000 -0.0000 -0.0000 -0.0000 -0.0000 -0.0000 -0.0000 -0.0000 -0.0000 -0.0000 -0.0000 -0.0000 -0.0000  0.0000  0.0000  0.0000  0.0000 -0.0000 -0.0000  0.0000 -0.0000  0.0004 -0.0039  0.0032 -0.0057  0.0002  0.0000 -0.0183 -0.0037 -0.0101  0.0258  0.0279  0.0240  0.0795 -0.0733 -0.1830 -0.1606  0.0244 -0.1108  0.1839 -0.0681 -0.1235 -0.1354 -0.0042  0.0621  0.0306  0.0676 -0.0601 -0.0747 -0.1248  0.1957  0.1115  0.0951  0.0094
 0.5000000E+02 0.5714286E-01 0.2000000E+02 0.2869898E+00 0.1225363E-02 0.5393291E-03 0.2317320E-02
 -0.2901  0.0281  0.1028  0.0543 -0.0164 -0.0128  0.0478 -0.0014 -0.0178  0.0092  0.0088 -0.0075  0.0054  0.0016  0.0000  0.0000  0.0000 -0.0000  0.0000  0.0000 -0.0000  0.0000 -0.0000  0.0000 -0.0000 -0.0000  0.0000  0.0000  0.0000 -0.0000 -0.0000 -0.0000 -0.0000 -0.0000 -0.0000 -0.0000 -0.0000 -0.0000 -0.0000 -0.0000 -0.0000 -0.0000 -0.0000 -0.0000 -0.0000 -0.0000 -0.0000 -0.0000 -0.0000 -0.0000 -0.0000 -0.0000 -0.0000 -0.0000 -0.0000 -0.0000 -0.0000 -0.0000  0.0000  0.0000  0.0000  0.0000 -0.0000 -0.0000  0.0000 -0.0000  0.0017 -0.0052  0.0037 -0.0066 -0.0031 -0.0028 -0.0197 -0.0036 -0.0135  0.0414  0.0431  0.0065  0.1028 -0.0696 -0.1869 -0.1785  0.0314 -0.0963  0.1865 -0.0962 -0.1628 -0.1461 -0.0060  0.0241  0.0821  0.0683 -0.0551 -0.1352 -0.1466  0.2315  0.1642  0.0909  0.0161
 0.6000000E+02 0.4761905E-01 0.2000000E+02 0.1869300E+00 0.1024027E-02 0.4445998E-03 0.1780365E-02
 -0.2958  0.0145  0.1400  0.0510 -0.0071  0.0090  0.0432 -0.0256 -0.0193  0.0180 -0.0022 -0.0060  0.0106  0.0018  0.0000 -0.0000 -0.0000 -0.0000  0.0000  0.0000 -0.0000  0.0000 -0.0000  0.0000 -0.0000 -0.0000  0.0000  0.0000  0.0000 -0.0000 -0.0000 -0.0000 -0.0000 -0.0000 -0.0000 -0.0000 -0.0000 -0.0000 -0.0000 -0.0000 -0.0000 -0.0000 -0.0000 -0.0000 -0.0000 -0.0000 -0.0000 -0.0000 -0.0000 -0.0000 -0.0000 -0.0000 -0.0000 -0.0000 -0.0000 -0.0000  0.0000 -0.0000  0.0000  0.0000  0.0000  0.0000 -0.0000 -0.0000  0.0000 -0.0000  0.0015 -0.0046  0.0020 -0.0019  0.0039 -0.0169 -0.0126  0.0025 -0.0180  0.0457  0.0373  0.0368  0.1036 -0.0794 -0.2110 -0.1944  0.0544 -0.0916  0.2115 -0.0738 -0.1908 -0.1812 -0.0990 -0.0007  0.0747 -0.0322 -0.0260 -0.2284 -0.1030  0.2454  0.2330  0.0809  0.0183
 0.7000000E+02 0.4081633E-01 0.2000000E+02 0.1238354E+00 0.8709518E-03 0.3300509E-03 0.1355040E-02
 -0.3280  0.0306  0.1149  0.0422 -0.0247 -0.0063  0.0809  0.0044 -0.0146 -0.0022  0.0026  0.0004  0.0089 -0.0014  0.0000 -0.0000 -0.0000 -0.0000  0.0000  0.0000 -0.0000  0.0000 -0.0000 -0.0000 -0.0000 -0.0000  0.0000 -0.0000  0.0000 -0.0000 -0.0000 -0.0000 -0.0000 -0.0000 -0.0000 -0.0000 -0.0000 -0.0000 -0.0000 -0.0000 -0.0000 -0.0000 -0.0000 -0.0000 -0.0000 -0.0000 -0.0000 -0.0000 -0.0000 -0.0000 -0.0000 -0.0000 -0.0000 -0.0000 -0.0000 -0.0000  0.0000  0.0000  0.0000  0.0000  0.0000 -0.0000 -0.0000  0.0000  0.0000  0.0000  0.0017 -0.0017  0.0110 -0.0008 -0.0096  0.0032 -0.0281 -0.0174 -0.0072  0.0413  0.0621  0.0592  0.1871 -0.0733 -0.2049 -0.2357  0.0124 -0.0600  0.2125 -0.0253 -0.1738 -0.0123 -0.0475 -0.0249  0.1176  0.1009 -0.1075 -0.2752 -0.1185  0.2913  0.1520  0.1894  0.0187
 0.8000000E+02 0.3571429E-01 0.2000000E+02 0.8476064E-01 0.7119486E-03 0.2629867E-03 0.1013535E-02
 -0.3165  0.0247  0.1311  0.0756 -0.0273 -0.0092  0.0927 -0.0114 -0.0228  0.0216 -0.0050  0.0017  0.0120  0.0012 -0.0000 -0.0000 -0.0000 -0.0000  0.0000  0.0000 -0.0000  0.0000 -0.0000  0.0000 -0.0000 -0.0000  0.0000  0.0000  0.0000 -0.0000 -0.0000 -0.0000 -0.0000 -0.0000 -0.0000 -0.0000 -0.0000 -0.0000 -0.0000 -0.0000 -0.0000 -0.0000 -0.0000 -0.0000 -0.0000 -0.0000 -0.0000 -0.0000 -0.0000 -0.0000 -0.0000 -0.0000 -0.0000 -0.0000 -0.0000 -0.0000  0.0000  0.0000  0.0000  0.0000  0.0000  0.0000 -0.0000 -0.0000  0.0000 -0.0000  0.0020 -0.0051 -0.0079  0.0003  0.0026 -0.0136 -0.0241 -0.0108 -0.0180  0.0682  0.0561  0.0154  0.1304 -0.0762 -0.1611 -0.1768  0.0084 -0.0964  0.2197 -0.0841 -0.2641 -0.1812  0.0254  0.0376  0.1857 -0.1255 -0.0989 -0.2240 -0.0973  0.2470  0.2148  0.0893  0.0137
 0.9500000E+02 0.3007519E-01 0.2000000E+02 0.4780841E-01 0.3390354E-03 0.1243992E-03 0.4990769E-03
 -0.3224  0.0321  0.1179  0.0805 -0.0231 -0.0060  0.0985 -0.0137 -0.0181 -0.0016  0.0045  0.0077  0.0027 -0.0025 -0.0000 -0.0000 -0.0000  0.0000  0.0000  0.0000 -0.0000  0.0000 -0.0000 -0.0000 -0.0000 -0.0000 -0.0000 -0.0000  0.0000 -0.0000 -0.0000 -0.0000 -0.0000 -0.0000 -0.0000 -0.0000 -0.0000 -0.0000 -0.0000 -0.0000 -0.0000 -0.0000 -0.0000 -0.0000 -0.0000 -0.0000 -0.0000 -0.0000 -0.0000 -0.0000 -0.0000 -0.0000 -0.0000 -0.0000 -0.0000 -0.0000  0.0000  0.0000  0.0000  0.0000  0.0000 -0.0000 -0.0000  0.0000  0.0000  0.0000 -0.0002 -0.0000 -0.0015  0.0033 -0.0069  0.0014 -0.0292 -0.0180  0.0033  0.0494  0.0699  0.0240  0.1197 -0.0690 -0.1781 -0.2062  0.0269 -0.0464  0.2375 -0.0697 -0.1996 -0.0438 -0.0576 -0.0603  0.0980 -0.0523 -0.1167 -0.2237 -0.1183  0.1950  0.1511  0.1292  0.0106
 0.1275000E+03 0.2240896E-01 0.2000000E+02 0.1866163E-01 0.1320460E-03 0.4487206E-04 0.1809848E-03
 -0.3045  0.0356  0.0824  0.0590  0.0023  0.0437  0.1003 -0.0194  0.0078 -0.0063  0.0056  0.0004  0.0089 -0.0064 -0.0000 -0.0000 -0.0000  0.0000  0.0000 -0.0000  0.0000  0.0000  0.0000 -0.0000  0.0000  0.0000 -0.0000 -0.0000  0.0000 -0.0000 -0.0000 -0.0000 -0.0000 -0.0000 -0.0000 -0.0000 -0.0000 -0.0000 -0.0000 -0.0000 -0.0000 -0.0000 -0.0000 -0.0000 -0.0000 -0.0000 -0.0000 -0.0000 -0.0000 -0.0000 -0.0000 -0.0000 -0.0000 -0.0000 -0.0000 -0.0000  0.0000  0.0000  0.0000  0.0000  0.0000 -0.0000  0.0000  0.0000  0.0000  0.0000  0.0018  0.0037  0.0093 -0.0080  0.0130 -0.0233 -0.0111 -0.0275 -0.0102  0.0464  0.0484  0.0503  0.0777 -0.0830 -0.1433 -0.1378  0.0227 -0.0578  0.2551 -0.0490 -0.1586 -0.0995  0.0128 -0.0551  0.0032  0.0588 -0.0661 -0.1037  0.0417  0.1172  0.2003  0.1413  0.0104
 0.1750000E+03 0.1632653E-01 0.2000000E+02 0.5168076E-02 0.6761248E-04 0.2087187E-04 0.7965275E-04
 -0.3058  0.0527  0.0704  0.0820  0.0156  0.0565  0.0902 -0.0443 -0.0193 -0.0136  0.0239 -0.0202  0.0090 -0.0014  0.0000 -0.0000 -0.0000  0.0000  0.0000  0.0000  0.0000  0.0000 -0.0000 -0.0000  0.0000 -0.0000 -0.0000  0.0000  0.0000 -0.0000 -0.0000 -0.0000 -0.0000 -0.0000 -0.0000 -0.0000 -0.0000 -0.0000 -0.0000 -0.0000 -0.0000 -0.0000 -0.0000 -0.0000 -0.0000 -0.0000 -0.0000 -0.0000 -0.0000 -0.0000 -0.0000 -0.0000 -0.0000 -0.0000 -0.0000 -0.0000  0.0000  0.0000  0.0000  0.0000  0.0000  0.0000 -0.0000  0.0000  0.0000  0.0000  0.0011 -0.0020  0.0225 -0.0313  0.0151 -0.0411 -0.0026 -0.0051 -0.0245  0.0803  0.0490  0.0141  0.0157 -0.1108 -0.1351 -0.1211  0.0370 -0.0095  0.2855 -0.0476 -0.1463 -0.1289  0.0161 -0.0114  0.0535  0.0064  0.0414 -0.2956 -0.0543 -0.0087  0.2624  0.1770  0.0161
 0.5500000E+03 0.5194805E-02 0.2000000E+02 0.2023156E-03 0.3429563E-05 0.1065932E-05 0.4145839E-05
 -0.3603  0.0709  0.0833  0.0879  0.0199  0.0431  0.0912 -0.0309 -0.0294  0.0026  0.0261 -0.0233  0.0123 -0.0048  0.0000 -0.0000 -0.0000  0.0000  0.0000  0.0000  0.0000 -0.0000 -0.0000 -0.0000  0.0000 -0.0000 -0.0000 -0.0000  0.0000 -0.0000 -0.0000 -0.0000 -0.0000 -0.0000 -0.0000 -0.0000 -0.0000 -0.0000 -0.0000 -0.0000 -0.0000 -0.0000 -0.0000 -0.0000 -0.0000 -0.0000 -0.0000 -0.0000 -0.0000 -0.0000 -0.0000 -0.0000 -0.0000 -0.0000 -0.0000  0.0000  0.0000  0.0000  0.0000  0.0000  0.0000 -0.0000 -0.0000  0.0000  0.0000  0.0000  0.0003  0.0017  0.0338 -0.0369  0.0251 -0.0476 -0.0121  0.0102 -0.0446  0.0960  0.0649  0.1040  0.0004 -0.1690 -0.1293 -0.1647 -0.0196  0.1290  0.2733 -0.0050 -0.2383 -0.1942 -0.0793 -0.0150  0.0269 -0.0141 -0.0536 -0.4751  0.2458 -0.1813  0.4072  0.3145  0.0114
