3.934715000000000087e-03 5.433826999999999963e-01 6.259178999999999604e+00 1.859719367098185305e+00 1.248546092361518256e-01 3.960187178200000324e-02
5.395882000000000282e-03 4.755787000000000209e-01 6.373689999999999856e+00 1.044172952419637923e+00 7.079650401333087428e-02 2.377089423150000047e-02
5.449673999999999838e-03 6.753538000000000041e-01 1.581570999999999927e+01 1.278456457838831328e+00 1.015690977050351246e-01 6.937335637539999295e-03
7.394142999999999723e-03 4.224384999999999946e-01 6.481756999999999991e+00 7.488771050754895464e-01 4.122883520947077246e-02 1.161562994591999916e-02
7.460342000000000015e-03 6.346819999999999684e-01 1.780593000000000004e+01 8.242267961057000436e-01 4.874898213944550696e-02 5.754771569280000198e-04
1.011743000000000017e-02 3.653742999999999852e-01 6.570012000000000185e+00 5.664314653015235512e-01 2.511938917752118416e-02 6.640517423519999747e-03
1.020236000000000059e-02 5.951676999999999662e-01 2.009044000000000096e+01 5.658935675107467089e-01 2.450140069745773697e-02 6.504425114440000972e-04
1.388006999999999956e-02 3.057246000000000130e-01 6.646079000000000292e+00 4.028225766462101842e-01 1.582355030174271981e-02 6.304030253700000641e-03
1.398746000000000017e-02 5.604940999999999951e-01 2.326286999999999949e+01 3.787723546446271072e-01 1.283610326475304736e-02 5.707212902370000689e-04
1.901761000000000076e-02 2.556172999999999917e-01 6.730522999999999811e+00 3.024114639818916705e-01 1.022749898641320612e-02 2.815393035677999853e-03
1.916616999999999973e-02 5.174303999999999570e-01 2.639352999999999838e+01 2.642056833056836695e-01 7.082428490413548300e-03 2.740667301792000369e-04
2.588460999999999887e-02 2.173113000000000128e-01 7.260684000000000360e+00 2.144059121307708149e-01 7.514074302691124696e-03 8.180250973680000580e-04
2.630566999999999975e-02 4.759136999999999951e-01 2.960381999999999891e+01 1.954435120178466545e-01 3.919487808423574755e-03 1.310738897209999965e-04
3.529721999999999721e-02 1.927849000000000090e-01 8.247089000000000780e+00 1.429423872331991863e-01 6.444847127126667775e-03 3.526095972000000485e-04
3.613121999999999862e-02 4.274533999999999834e-01 3.259975000000000023e+01 1.267106429906842135e-01 2.246201183614934642e-03 1.021901503677999942e-04
3.674859999999999932e-02 7.292914999999999814e-01 1.370637999999999863e+02 8.795234764901599389e-02 6.561762973860523103e-03 1.392652489988999924e-04
4.547095999999999777e-02 1.754044999999999910e-01 9.261530999999999736e+00 1.217180960258370109e-01 9.293541637039593600e-03 1.808289258800000127e-03
4.949818999999999747e-02 3.774151000000000034e-01 3.522525999999999868e+01 8.684532873824450661e-02 1.329426368570794850e-03 6.909217097125000393e-06
5.014484000000000302e-02 6.771808000000000272e-01 1.496932999999999936e+02 5.806502390134870434e-02 2.677536701329967517e-03 4.370379691019999794e-05
6.760507000000000322e-02 3.381908000000000136e-01 3.995763000000000176e+01 5.922482204602888545e-02 8.369922538018130607e-04 1.332602141119999955e-05
6.858694999999999375e-02 6.251326000000000382e-01 1.649695000000000107e+02 3.896959439050608903e-02 1.185390243686611613e-03 1.640825899474999960e-05
9.265795000000000281e-02 3.016227000000000213e-01 4.600280000000000058e+01 3.883478979537607206e-02 5.424414331786030739e-04 1.813570175196000338e-05
9.373375000000000457e-02 5.715902999999999956e-01 1.824838000000000022e+02 2.340683896868978042e-02 5.659643608469662034e-04 1.624848384733000055e-05
1.271036999999999861e-01 2.662293000000000021e-01 5.243740999999999985e+01 2.577148566534059534e-02 3.606554797447718850e-04 1.310280773829000042e-05
1.285427000000000097e-01 5.178165999999999602e-01 2.015121000000000038e+02 1.477353053627285424e-02 2.839143540731915759e-04 2.375927983440000221e-07
1.744876999999999956e-01 2.336382999999999932e-01 5.995622999999999791e+01 1.692929456045976985e-02 2.464252620119620259e-04 1.568365406575999946e-06
1.765523999999999982e-01 4.552442999999999906e-01 2.200508000000000095e+02 9.241046262567711653e-03 1.520142657837597047e-04 2.254164585072000043e-06
2.385749000000000064e-01 2.029611000000000054e-01 6.859100999999999715e+01 1.008858409301113292e-02 1.741609537785370517e-04 6.886432296899999705e-06
2.420547999999999866e-01 3.933264000000000205e-01 2.385996000000000095e+02 5.729735738146624242e-03 8.393406896116788478e-05 2.125264783190000130e-07
3.235229000000000021e-01 1.765255000000000019e-01 7.854411000000000342e+01 5.760907111858372398e-03 1.290292644016138987e-04 1.448608205560999979e-07
3.305638000000000187e-01 3.353595999999999799e-01 2.553388999999999953e+02 3.163171184600529953e-03 4.523243014729406883e-05 2.205371913858000077e-06
4.252737999999999796e-01 1.550679000000000085e-01 8.950842000000000098e+01 2.601094001028541811e-03 1.211165290209558501e-04 1.147204200600000015e-06
4.462789999999999813e-01 2.914799000000000140e-01 2.762210000000000036e+02 1.449303529836134044e-03 2.249421449811504190e-05 1.158849928079999940e-07
4.527705000000000202e-01 5.779054999999999609e-01 1.344656999999999925e+03 3.182332506404211923e-04 3.198975004328214334e-05 9.649004685300000242e-07
5.975586999999999982e-01 2.572316000000000047e-01 3.094531999999999812e+02 3.718912197554837830e-04 9.473083379615903851e-06 8.958692257200001427e-08
