2.866487000000000028e-03 6.088006999999999724e-01 6.072167999999999566e+00 4.529888956814056122e+00 3.294806180391826045e-01 0.000000000000000000e+00
3.934715000000000087e-03 5.433826999999999963e-01 6.259178999999999604e+00 2.668294286913986735e+00 1.767301015792772934e-01 0.000000000000000000e+00
5.395882000000000282e-03 4.755787000000000209e-01 6.373689999999999856e+00 2.162343146348466139e+00 9.997724217081711828e-02 0.000000000000000000e+00
5.449673999999999838e-03 6.753538000000000041e-01 1.581570999999999927e+01 2.169180242269681536e+00 1.436947729037955368e-01 0.000000000000000000e+00
7.394142999999999723e-03 4.224384999999999946e-01 6.481756999999999991e+00 1.473839866068927806e+00 5.835559199317438828e-02 0.000000000000000000e+00
7.460342000000000015e-03 6.346819999999999684e-01 1.780593000000000004e+01 1.657030000771621214e+00 6.853185268113247408e-02 0.000000000000000000e+00
1.011743000000000017e-02 3.653742999999999852e-01 6.570012000000000185e+00 1.137634265321016303e+00 3.557866680970186990e-02 0.000000000000000000e+00
1.020236000000000059e-02 5.951676999999999662e-01 2.009044000000000096e+01 1.105219610747458558e+00 3.481788143853341982e-02 0.000000000000000000e+00
1.388006999999999956e-02 3.057246000000000130e-01 6.646079000000000292e+00 7.896395206235872211e-01 2.237194407193203102e-02 0.000000000000000000e+00
1.398746000000000017e-02 5.604940999999999951e-01 2.326286999999999949e+01 7.867959109521903693e-01 1.812463236915155818e-02 0.000000000000000000e+00
1.901761000000000076e-02 2.556172999999999917e-01 6.730522999999999811e+00 5.583785630369753061e-01 1.448567438203897557e-02 0.000000000000000000e+00
1.916616999999999973e-02 5.174303999999999570e-01 2.639352999999999838e+01 5.529926449156663537e-01 1.007533062836602454e-02 0.000000000000000000e+00
2.588460999999999887e-02 2.173113000000000128e-01 7.260684000000000360e+00 4.235259564952566502e-01 1.060480143701938473e-02 0.000000000000000000e+00
2.630566999999999975e-02 4.759136999999999951e-01 2.960381999999999891e+01 3.749924943747832140e-01 5.553142380299256990e-03 0.000000000000000000e+00
2.686115999999999851e-02 7.799101999999999979e-01 1.277078000000000060e+02 3.123330099791563619e-01 2.577248504832231266e-02 0.000000000000000000e+00
3.529721999999999721e-02 1.927849000000000090e-01 8.247089000000000780e+00 3.218679993390810012e-01 9.116389430236550295e-03 0.000000000000000000e+00
3.613121999999999862e-02 4.274533999999999834e-01 3.259975000000000023e+01 2.567077107912349998e-01 3.178909948481884341e-03 0.000000000000000000e+00
3.674859999999999932e-02 7.292914999999999814e-01 1.370637999999999863e+02 1.847175558128875961e-01 9.230089704297140055e-03 0.000000000000000000e+00
4.547095999999999777e-02 1.754044999999999910e-01 9.261530999999999736e+00 2.300916859228989697e-01 1.309094488797365834e-02 0.000000000000000000e+00
4.949818999999999747e-02 3.774151000000000034e-01 3.522525999999999868e+01 1.744697177238102859e-01 1.879789416716153971e-03 0.000000000000000000e+00
5.014484000000000302e-02 6.771808000000000272e-01 1.496932999999999936e+02 1.215029699708796013e-01 3.804385873551719213e-03 0.000000000000000000e+00
6.760507000000000322e-02 3.381908000000000136e-01 3.995763000000000176e+01 1.170252365561937069e-01 1.180163741289445758e-03 0.000000000000000000e+00
6.858694999999999375e-02 6.251326000000000382e-01 1.649695000000000107e+02 7.156203545398215349e-02 1.688647909339585770e-03 0.000000000000000000e+00
9.265795000000000281e-02 3.016227000000000213e-01 4.600280000000000058e+01 7.879081643435079108e-02 7.659419360334805606e-04 0.000000000000000000e+00
9.373375000000000457e-02 5.715902999999999956e-01 1.824838000000000022e+02 4.762713271120178060e-02 8.014546404298114515e-04 0.000000000000000000e+00
1.271036999999999861e-01 2.662293000000000021e-01 5.243740999999999985e+01 5.144730903844304398e-02 5.102627527121955664e-04 0.000000000000000000e+00
1.285427000000000097e-01 5.178165999999999602e-01 2.015121000000000038e+02 2.935532013720316274e-02 4.012204154911515590e-04 0.000000000000000000e+00
1.744876999999999956e-01 2.336382999999999932e-01 5.995622999999999791e+01 3.342915128175723283e-02 3.496221572468989408e-04 0.000000000000000000e+00
1.765523999999999982e-01 4.552442999999999906e-01 2.200508000000000095e+02 1.838093262389851879e-02 2.141468861375874541e-04 0.000000000000000000e+00
2.385749000000000064e-01 2.029611000000000054e-01 6.859100999999999715e+01 2.072509619586970775e-02 2.458870700290277959e-04 0.000000000000000000e+00
2.420547999999999866e-01 3.933264000000000205e-01 2.385996000000000095e+02 1.128707753178620661e-02 1.186044756873866617e-04 0.000000000000000000e+00
3.235229000000000021e-01 1.765255000000000019e-01 7.854411000000000342e+01 1.138264915168263856e-02 1.826394566060485550e-04 0.000000000000000000e+00
3.305638000000000187e-01 3.353595999999999799e-01 2.553388999999999953e+02 6.303560687256197850e-03 6.396347476150713674e-05 0.000000000000000000e+00
3.369055000000000244e-01 6.536965000000000137e-01 1.280874000000000024e+03 1.276651441513575874e-03 1.136329396849440864e-04 0.000000000000000000e+00
4.252737999999999796e-01 1.550679000000000085e-01 8.950842000000000098e+01 5.549388758681858373e-03 1.723469232992153825e-04 0.000000000000000000e+00
4.462789999999999813e-01 2.914799000000000140e-01 2.762210000000000036e+02 2.818290911592731627e-03 3.180076758899098562e-05 0.000000000000000000e+00
4.527705000000000202e-01 5.779054999999999609e-01 1.344656999999999925e+03 6.816015119231614086e-04 4.489167327932181507e-05 0.000000000000000000e+00
5.975586999999999982e-01 2.572316000000000047e-01 3.094531999999999812e+02 7.228491578457055993e-04 1.339939360915884323e-05 0.000000000000000000e+00
6.074026000000000147e-01 5.204408999999999841e-01 1.435095000000000027e+03 1.824922902416462826e-04 1.433911094747215445e-05 0.000000000000000000e+00
