   20.0000000000    1.0000000000    2.8571429253    0.0270217769    0.0000992761    0.0001948165    0.0002186532
   20.0000000000    3.0000000000    0.9523809552    0.0556496829    0.0001396123    0.0001637950    0.0002152217
   20.0000000000    5.0000000000    0.5714285970    0.0556720123    0.0001422328    0.0001893788    0.0002368428
   20.0000000000    7.0000000000    0.4081632793    0.0487998948    0.0001336811    0.0001277958    0.0001849389
   20.0000000000    9.0000000000    0.3174603283    0.0408362485    0.0001226773    0.0001576053    0.0001997226
   20.0000000000   11.5000000000    0.2484472096    0.0324898548    0.0000810078    0.0000637783    0.0001031016
   20.0000000000   14.5000000000    0.1970443279    0.0250359159    0.0000708795    0.0000473797    0.0000852569
   20.0000000000   18.0000000000    0.1587301642    0.0189059079    0.0000507331    0.0000298266    0.0000588513
   20.0000000000   22.5000000000    0.1269841343    0.0136414580    0.0000349985    0.0000219881    0.0000413325
   20.0000000000   27.5000000000    0.1038961038    0.0097218351    0.0000298276    0.0000148296    0.0000333107
   20.0000000000   33.5000000000    0.0852878466    0.0068358108    0.0000206567    0.0000112351    0.0000235144
   20.0000000000   41.0000000000    0.0696864128    0.0046055107    0.0000154693    0.0000094994    0.0000181532
   20.0000000000   50.0000000000    0.0571428575    0.0030312920    0.0000110756    0.0000085288    0.0000139789
   20.0000000000   60.0000000000    0.0476190485    0.0019307605    0.0000092307    0.0000062167    0.0000111290
   20.0000000000   70.0000000000    0.0408163257    0.0012863652    0.0000074383    0.0000046683    0.0000087819
   20.0000000000   80.0000000000    0.0357142873    0.0008563570    0.0000062224    0.0000032035    0.0000069986
   20.0000000000   95.0000000000    0.0300751887    0.0004923880    0.0000030423    0.0000017897    0.0000035296
   20.0000000000  127.5000000000    0.0224089641    0.0001882643    0.0000012324    0.0000006803    0.0000014077
   20.0000000000  175.0000000000    0.0163265299    0.0000539516    0.0000006095    0.0000002194    0.0000006477
   20.0000000000  550.0000000000    0.0051948051    0.0000022826    0.0000000330    0.0000000168    0.0000000370
