3.935173999999999617e-03 6.039871999999999463e-01 6.040579000000000143e+00 2.083645100664066607e+00 1.337549387349069585e-01 2.207959459128900015e+00
3.975526000000000060e-03 7.157198999999999645e-01 1.487355999999999945e+01 7.860545515411075712e+00 2.833181348856123050e-01 1.196279679053201095e+00
5.403948000000000432e-03 5.577507999999999910e-01 6.165655000000000108e+00 1.219436853026474976e+00 7.107317291009560001e-02 1.080883407264174423e+00
5.480604000000000031e-03 7.004717000000000304e-01 1.665469999999999828e+01 2.386166970216917260e+00 1.234092043465363497e-01 8.160772723124549710e-01
7.401292999999999761e-03 4.933201999999999865e-01 6.352144000000000013e+00 1.295384415844239356e+00 4.052260873136474123e-02 5.751259513642288379e-01
7.522944999999999632e-03 6.517657000000000034e-01 1.779120999999999952e+01 9.821509308182206910e-01 5.783410559272612189e-02 3.289395215982909848e-01
1.012615000000000043e-02 4.387499999999999734e-01 6.424521999999999622e+00 1.025250730156329171e+00 2.381494056880531854e-02 1.968876301216341829e-01
1.024376999999999927e-02 6.352035000000000320e-01 1.992611000000000132e+01 1.202860975877795724e+00 2.858506688776390678e-02 1.532475594639703953e-01
1.389876999999999953e-02 3.875238999999999767e-01 6.516656000000000226e+00 7.488818101869356703e-01 1.451401749414465286e-02 1.044755014987669844e-01
1.397721000000000033e-02 5.957322000000000450e-01 2.206043999999999983e+01 8.528936203010661909e-01 1.505447932366785202e-02 1.403464973478265321e-01
1.906675000000000036e-02 3.303651000000000226e-01 6.620624000000000287e+00 5.909357076635721739e-01 9.202790431203181423e-03 1.253589628705399361e-01
1.919832000000000136e-02 5.514160000000000172e-01 2.468896000000000157e+01 5.278208303534487333e-01 8.286093402550645179e-03 1.579307707610786704e-01
2.617262999999999881e-02 2.662552999999999725e-01 6.657023999999999830e+00 6.089152815249635475e-01 6.027325757498040899e-03 1.397431013555015811e-01
2.635360000000000133e-02 5.129647999999999985e-01 2.727704999999999913e+01 4.993964893102612601e-01 4.607640811799186553e-03 1.483663254190330516e-01
2.670555000000000151e-02 7.656207000000000429e-01 1.353543999999999983e+02 4.632807762428750031e-01 2.541422535485044973e-02 1.646123665810958481e-01
3.596198999999999923e-02 2.205474000000000045e-01 6.723955000000000126e+00 5.373431334812981408e-01 4.003248314264188507e-03 1.351248625314677154e-01
3.614248999999999934e-02 4.682672999999999974e-01 3.050140000000000029e+01 4.346270170814697797e-01 2.679178695880884541e-03 1.262664441065363685e-01
3.671993999999999952e-02 7.141496999999999984e-01 1.463598000000000070e+02 2.353895009351450740e-01 1.037798852922569744e-02 1.115172988229508749e-01
4.934622000000000314e-02 1.760580999999999952e-01 6.716840000000000366e+00 2.427398384603510761e-01 2.704670193984469277e-03 1.129763823684819951e-01
4.955873000000000222e-02 4.143783999999999801e-01 3.318186000000000035e+01 2.039488144468794284e-01 1.613191528523125803e-03 1.025314670188617744e-01
5.025595000000000062e-02 6.678798000000000235e-01 1.598884999999999934e+02 3.260918276789700476e-01 4.633393187415146310e-03 8.383752566694459285e-02
6.758983000000000352e-02 1.378904999999999992e-01 6.730814999999999770e+00 1.217156735934599998e-01 1.856781385556891158e-03 9.502250999381324503e-02
6.784900000000000653e-02 3.599769999999999914e-01 3.598523000000000138e+01 8.774254654166269152e-02 9.998896749377407956e-04 7.856471566681903773e-02
6.874033000000000226e-02 6.239805000000000490e-01 1.736149000000000058e+02 1.720868393778528793e-01 2.192177555819311164e-03 6.589615640469906332e-02
9.272940000000000349e-02 1.028990000000000044e-01 6.790086999999999762e+00 1.762572996238336576e-01 1.286177531357642024e-03 7.512384948836245413e-02
9.293054000000000592e-02 3.042891999999999819e-01 3.833299000000000234e+01 1.103548262793542234e-01 6.341634266722660741e-04 6.133334149359914028e-02
9.391489999999999561e-02 5.715928999999999593e-01 1.902040000000000077e+02 1.084933189674003040e-01 1.116001438832013408e-03 4.938384174896154333e-02
1.272131999999999985e-01 7.880442000000000002e-02 6.777959000000000067e+00 7.317419084597720502e-02 8.901150569813581336e-04 5.887620298340118935e-02
1.276026000000000105e-01 2.466884000000000021e-01 3.980892000000000053e+01 9.007884496965198884e-02 4.112287632672068441e-04 4.589944229643081602e-02
1.285847999999999991e-01 5.163332999999999950e-01 2.117899999999999920e+02 5.495062033331248735e-02 6.004312736627424353e-04 3.601112039849007490e-02
1.749517999999999907e-01 5.887909999999999672e-02 6.824613000000000262e+00 8.073486930926976335e-02 6.163449819506941572e-04 4.407296458176467729e-02
1.751234999999999875e-01 1.955571000000000115e-01 4.121800999999999959e+01 8.548275182782227866e-02 2.679704862048591673e-04 3.256977400912696580e-02
1.763035000000000019e-01 4.496433000000000235e-01 2.321588000000000136e+02 4.871395714803118671e-02 3.297675066321160498e-04 2.493551987456083668e-02
1.796713000000000060e-01 7.578530999999999462e-01 1.185298999999999978e+03 3.405231150429218617e-02 2.450520499625685310e-03 1.539020322686970518e-02
2.399774000000000074e-01 4.489078999999999986e-02 6.821241999999999805e+00 3.568077397572642223e-02 4.106254325031987481e-04 3.075399375558861975e-02
2.401838000000000028e-01 1.511189000000000004e-01 4.187657999999999703e+01 8.106151278980136543e-03 1.703825520033913838e-04 2.086624166039054498e-02
2.411908000000000107e-01 3.884529999999999927e-01 2.580568999999999846e+02 2.448802553174697291e-02 1.820060390968540013e-04 1.480119338857749725e-02
2.465716000000000019e-01 6.757788000000000128e-01 1.285863000000000056e+03 2.395386188650422410e-02 8.476815183252247319e-04 7.107502055368336569e-03
3.281811000000000034e-01 3.211238999999999760e-02 6.756884999999999586e+00 1.055831563240609838e-02 2.624333743443765820e-04 1.877681456410433547e-02
3.279072000000000098e-01 1.159518999999999966e-01 4.248248999999999853e+01 2.178483688062948440e-02 1.028216795682940227e-04 1.122276232253267836e-02
3.291019000000000028e-01 3.220135000000000081e-01 2.745629999999999882e+02 4.792783743100945473e-03 9.680519912468801694e-05 6.888007836736696234e-03
3.351574999999999971e-01 6.009866000000000374e-01 1.383336999999999989e+03 6.627514828455592470e-03 3.142318298089081044e-04 2.891225676945583661e-03
4.455513999999999863e-01 2.458818999999999935e-02 6.758873999999999604e+00 4.457691537855765739e-03 1.554322560575759115e-04 9.217485012486243898e-03
4.441667999999999727e-01 8.773485999999999785e-02 4.211977000000000260e+01 2.883581061866920953e-04 5.699030317343716222e-05 3.943229970060723941e-03
4.438784000000000063e-01 2.644420000000000104e-01 2.903870000000000005e+02 4.871518678395574120e-03 4.839064984275895235e-05 1.526988593465336726e-03
4.464736000000000260e-01 5.231164999999999843e-01 1.470894000000000005e+03 4.098824935576204226e-03 1.210709553378887579e-04 6.072368722231581044e-04
5.910463999999999718e-01 1.954494999999999844e-02 7.181839000000000084e+00 7.769224247347835711e-03 8.943484529173684552e-05 2.765706457667107925e-03
5.998289999999999456e-01 6.514103999999999728e-02 4.088513999999999982e+01 2.328673167322073152e-03 2.607307001879235841e-05 1.335648679157640977e-03
5.990001999999999827e-01 2.103108999999999951e-01 2.971197000000000230e+02 5.261462230214547248e-04 1.960325935466136559e-05 1.741164932225578972e-03
