3.935173999999999617e-03 6.039871999999999463e-01 6.040579000000000143e+00 3.033891296769358092e+00 1.337549387349069585e-01 3.917806416999999874e-01
3.975526000000000060e-03 7.157198999999999645e-01 1.487355999999999945e+01 3.420044381982096038e+00 2.833181348856123050e-01 8.611731933640000280e-02
5.403948000000000432e-03 5.577507999999999910e-01 6.165655000000000108e+00 1.999703792215966613e+00 7.107317291009560001e-02 2.824085665600000183e-01
5.480604000000000031e-03 7.004717000000000304e-01 1.665469999999999828e+01 2.524761093376778121e+00 1.234092043465363497e-01 6.094742499999999952e-02
7.401292999999999761e-03 4.933201999999999865e-01 6.352144000000000013e+00 1.504429236634712286e+00 4.052260873136474123e-02 1.685652653999999973e-01
7.522944999999999632e-03 6.517657000000000034e-01 1.779120999999999952e+01 1.737107518754528845e+00 5.783410559272612189e-02 1.881950550480000067e-02
1.012615000000000043e-02 4.387499999999999734e-01 6.424521999999999622e+00 1.008907441369854663e+00 2.381494056880531854e-02 1.022651238945000152e-01
1.024376999999999927e-02 6.352035000000000320e-01 1.992611000000000132e+01 1.202878639854721987e+00 2.858506688776390678e-02 1.184332694399999920e-02
1.389876999999999953e-02 3.875238999999999767e-01 6.516656000000000226e+00 8.615215981856495508e-01 1.451401749414465286e-02 6.829848351610000312e-02
1.397721000000000033e-02 5.957322000000000450e-01 2.206043999999999983e+01 8.797368869751094334e-01 1.505447932366785202e-02 1.025052405857999893e-02
1.906675000000000036e-02 3.303651000000000226e-01 6.620624000000000287e+00 5.991604957111358321e-01 9.202790431203181423e-03 4.232135700467999639e-02
1.919832000000000136e-02 5.514160000000000172e-01 2.468896000000000157e+01 6.348453418002862891e-01 8.286093402550645179e-03 9.488195268859999851e-03
2.617262999999999881e-02 2.662552999999999725e-01 6.657023999999999830e+00 4.519106819331811797e-01 6.027325757498040899e-03 2.377584622875000137e-02
2.635360000000000133e-02 5.129647999999999985e-01 2.727704999999999913e+01 4.670888490249341385e-01 4.607640811799186553e-03 1.335076856735999996e-02
2.670555000000000151e-02 7.656207000000000429e-01 1.353543999999999983e+02 4.293351597211211290e-01 2.541422535485044973e-02 4.281689092439999733e-02
3.596198999999999923e-02 2.205474000000000045e-01 6.723955000000000126e+00 3.601541892191489902e-01 4.003248314264188507e-03 1.689369463180000197e-02
3.614248999999999934e-02 4.682672999999999974e-01 3.050140000000000029e+01 3.181806565308265555e-01 2.679178695880884541e-03 7.977613828049999814e-03
3.671993999999999952e-02 7.141496999999999984e-01 1.463598000000000070e+02 3.036936583582964255e-01 1.037798852922569744e-02 2.900573704512000167e-02
4.934622000000000314e-02 1.760580999999999952e-01 6.716840000000000366e+00 2.325177553675785436e-01 2.704670193984469277e-03 6.892644497880000103e-03
4.955873000000000222e-02 4.143783999999999801e-01 3.318186000000000035e+01 2.276725596046773048e-01 1.613191528523125803e-03 8.529306477200000389e-03
5.025595000000000062e-02 6.678798000000000235e-01 1.598884999999999934e+02 2.141842784356456086e-01 4.633393187415146310e-03 1.344824428968000030e-02
6.758983000000000352e-02 1.378904999999999992e-01 6.730814999999999770e+00 1.609793928952394648e-01 1.856781385556891158e-03 5.770807097540000576e-03
6.784900000000000653e-02 3.599769999999999914e-01 3.598523000000000138e+01 1.600581809702641967e-01 9.998896749377407956e-04 3.787910392720000418e-03
6.874033000000000226e-02 6.239805000000000490e-01 1.736149000000000058e+02 1.434090461244527936e-01 2.192177555819311164e-03 5.989857965909999894e-03
9.272940000000000349e-02 1.028990000000000044e-01 6.790086999999999762e+00 1.173662995711717144e-01 1.286177531357642024e-03 2.060193274260000221e-03
9.293054000000000592e-02 3.042891999999999819e-01 3.833299000000000234e+01 1.138647847023285670e-01 6.341634266722660741e-04 3.749386135029999720e-03
9.391489999999999561e-02 5.715928999999999593e-01 1.902040000000000077e+02 1.000551696506588178e-01 1.116001438832013408e-03 3.947586647861999832e-04
1.272131999999999985e-01 7.880442000000000002e-02 6.777959000000000067e+00 7.588705052997990474e-02 8.901150569813581336e-04 1.682340565500000176e-03
1.276026000000000105e-01 2.466884000000000021e-01 3.980892000000000053e+01 7.812799047946562825e-02 4.112287632672068441e-04 2.946920385820999723e-03
1.285847999999999991e-01 5.163332999999999950e-01 2.117899999999999920e+02 6.599847763271517176e-02 6.004312736627424353e-04 1.614680079284000220e-03
1.749517999999999907e-01 5.887909999999999672e-02 6.824613000000000262e+00 5.577456863608422355e-02 6.163449819506941572e-04 1.244383617509999896e-03
1.751234999999999875e-01 1.955571000000000115e-01 4.121800999999999959e+01 5.904117383447879397e-02 2.679704862048591673e-04 1.945361157234999812e-03
1.763035000000000019e-01 4.496433000000000235e-01 2.321588000000000136e+02 4.343264419777817520e-02 3.297675066321160498e-04 2.088551363387999935e-03
1.796713000000000060e-01 7.578530999999999462e-01 1.185298999999999978e+03 2.572057086037360038e-02 2.450520499625685310e-03 2.276936747756999786e-03
2.399774000000000074e-01 4.489078999999999986e-02 6.821241999999999805e+00 3.531111992389321386e-02 4.106254325031987481e-04 7.252952623890001086e-04
2.401838000000000028e-01 1.511189000000000004e-01 4.187657999999999703e+01 3.104157322188916268e-02 1.703825520033913838e-04 1.060284644684999925e-03
2.411908000000000107e-01 3.884529999999999927e-01 2.580568999999999846e+02 2.678293112413602031e-02 1.820060390968540013e-04 1.527616833648999745e-03
2.465716000000000019e-01 6.757788000000000128e-01 1.285863000000000056e+03 1.633108312047073726e-02 8.476815183252247319e-04 1.627091793745000063e-03
3.281811000000000034e-01 3.211238999999999760e-02 6.756884999999999586e+00 2.057553336120484383e-02 2.624333743443765820e-04 3.985041278329999820e-04
3.279072000000000098e-01 1.159518999999999966e-01 4.248248999999999853e+01 1.671379163878571050e-02 1.028216795682940227e-04 5.303888521360000186e-04
3.291019000000000028e-01 3.220135000000000081e-01 2.745629999999999882e+02 1.224153325066740239e-02 9.680519912468801694e-05 1.010423327130000049e-03
3.351574999999999971e-01 6.009866000000000374e-01 1.383336999999999989e+03 8.130473336318010807e-03 3.142318298089081044e-04 1.929091648302000048e-04
4.455513999999999863e-01 2.458818999999999935e-02 6.758873999999999604e+00 9.616924993525101384e-03 1.554322560575759115e-04 9.348797817600000559e-05
4.441667999999999727e-01 8.773485999999999785e-02 4.211977000000000260e+01 7.960533519031911739e-03 5.699030317343716222e-05 2.817162195523999668e-04
4.438784000000000063e-01 2.644420000000000104e-01 2.903870000000000005e+02 5.593957053788452954e-03 4.839064984275895235e-05 3.691135818239999638e-04
4.464736000000000260e-01 5.231164999999999843e-01 1.470894000000000005e+03 2.368063316108182277e-03 1.210709553378887579e-04 5.660179222320000075e-04
5.910463999999999718e-01 1.954494999999999844e-02 7.181839000000000084e+00 3.935045683187419693e-03 8.943484529173684552e-05 8.167258036799999619e-04
5.998289999999999456e-01 6.514103999999999728e-02 4.088513999999999982e+01 1.594120091977523990e-03 2.607307001879235841e-05 9.205839081510000304e-04
5.990001999999999827e-01 2.103108999999999951e-01 2.971197000000000230e+02 1.264047233692881149e-03 1.960325935466136559e-05 3.395765958839999828e-04
