CMS_WZ_13TEV_pTlead	2	9
   1	INC	0.000000000000e+00	0.000000000000e+00	1.300000000000e+04	4.000000000000e-02	7.000000000000e-03	1.000000000000e-03	2.500000000000e+00	2.000000000000e-03	5.000000000000e+00	
   2	INC	0.000000000000e+00	0.000000000000e+00	1.300000000000e+04	1.620000000000e-02	1.300000000000e-02	3.000000000000e-03	1.851851851852e+01	4.000000000000e-03	2.469135802469e+01	
   3	INC	0.000000000000e+00	0.000000000000e+00	1.300000000000e+04	3.150000000000e-01	1.400000000000e-02	5.000000000000e-03	1.587301587302e+00	3.000000000000e-03	9.523809523810e-01	
   4	INC	0.000000000000e+00	0.000000000000e+00	1.300000000000e+04	1.880000000000e-01	1.200000000000e-02	5.000000000000e-03	2.659574468085e+00	3.000000000000e-03	1.595744680851e+00	
   5	INC	0.000000000000e+00	0.000000000000e+00	1.300000000000e+04	1.260000000000e-01	1.000000000000e-02	3.000000000000e-03	2.380952380952e+00	3.000000000000e-03	2.380952380952e+00	
   6	INC	0.000000000000e+00	0.000000000000e+00	1.300000000000e+04	7.300000000000e-02	9.000000000000e-03	2.000000000000e-03	2.739726027397e+00	3.000000000000e-03	4.109589041096e+00	
   7	INC	0.000000000000e+00	0.000000000000e+00	1.300000000000e+04	5.700000000000e-02	6.000000000000e-03	1.000000000000e-03	1.754385964912e+00	3.000000000000e-03	5.263157894737e+00	
   8	INC	0.000000000000e+00	0.000000000000e+00	1.300000000000e+04	2.000000000000e-02	4.000000000000e-03	1.000000000000e-03	5.000000000000e+00	2.000000000000e-03	1.000000000000e+01	
   9	INC	0.000000000000e+00	0.000000000000e+00	1.300000000000e+04	2.000000000000e-02	2.000000000000e-03	1.000000000000e-03	5.000000000000e+00	5.000000000000e-03	2.500000000000e+01	
