FLArE10NB_DSIGMA_INCLUSIVE	1	39
   1	DIS_SNB	5.400903000000e-03	6.250716000000e+00	5.454504000000e-01	1.598939545366e+00	0.000000000000e+00	1.934502023296e-01	1.209865644328e+01	
   2	DIS_SNB	7.407910000000e-03	6.384382000000e+00	4.913547000000e-01	1.329867342767e+00	0.000000000000e+00	1.093307736781e-01	8.221178922297e+00	
   3	DIS_SNB	1.012327000000e-02	6.466649000000e+00	4.283858000000e-01	1.112260396750e+00	0.000000000000e+00	6.560455548993e-02	5.898309036413e+00	
   4	DIS_SNB	1.021861000000e-02	1.880974000000e+01	6.350370000000e-01	1.117482919248e+00	0.000000000000e+00	7.430987221931e-02	6.649754635118e+00	
   5	DIS_SNB	1.388862000000e-02	6.540854000000e+00	3.652545000000e-01	7.730067922795e-01	0.000000000000e+00	4.057859771512e-02	5.249449050178e+00	
   6	DIS_SNB	1.399056000000e-02	2.135880000000e+01	5.940533000000e-01	7.739118066707e-01	0.000000000000e+00	3.854042458932e-02	4.979950461683e+00	
   7	DIS_SNB	1.904186000000e-02	6.632113000000e+00	3.102535000000e-01	5.207882095226e-01	0.000000000000e+00	2.589009501188e-02	4.971328946868e+00	
   8	DIS_SNB	1.917185000000e-02	2.404552000000e+01	5.471104000000e-01	4.949298479572e-01	0.000000000000e+00	2.072825207401e-02	4.188119217211e+00	
   9	DIS_SNB	2.614892000000e-02	6.671027000000e+00	2.494748000000e-01	3.906222397258e-01	0.000000000000e+00	1.705135426855e-02	4.365177538411e+00	
  10	DIS_SNB	2.630818000000e-02	2.691785000000e+01	5.027400000000e-01	3.666945390959e-01	0.000000000000e+00	1.162977243157e-02	3.171515032715e+00	
  11	DIS_SNB	3.596034000000e-02	6.705126000000e+00	2.041716000000e-01	2.843333855073e-01	0.000000000000e+00	1.130351012471e-02	3.975442456236e+00	
  12	DIS_SNB	3.612124000000e-02	2.991541000000e+01	4.480402000000e-01	2.543495317886e-01	0.000000000000e+00	6.727681295054e-03	2.645053540199e+00	
  13	DIS_SNB	4.931844000000e-02	6.717452000000e+00	1.597910000000e-01	1.943927797813e-01	0.000000000000e+00	7.655822549440e-03	3.938326597342e+00	
  14	DIS_SNB	4.950799000000e-02	3.232551000000e+01	3.895578000000e-01	1.669876699840e-01	0.000000000000e+00	4.032245652566e-03	2.414696637753e+00	
  15	DIS_SNB	5.017436000000e-02	1.470953000000e+02	6.734088000000e-01	1.267685827828e-01	0.000000000000e+00	1.036259606332e-02	8.174419746473e+00	
  16	DIS_SNB	6.758056000000e-02	6.730438000000e+00	1.253596000000e-01	1.473098108477e-01	0.000000000000e+00	5.239531188787e-03	3.556810750509e+00	
  17	DIS_SNB	6.778894000000e-02	3.458198000000e+01	3.300814000000e-01	1.146719362768e-01	0.000000000000e+00	2.506306884769e-03	2.185632305641e+00	
  18	DIS_SNB	6.862820000000e-02	1.585780000000e+02	6.068704000000e-01	8.019176367371e-02	0.000000000000e+00	4.679133824746e-03	5.834930684134e+00	
  19	DIS_SNB	9.274173000000e-02	6.758562000000e+00	9.536329000000e-02	1.105175096720e-01	0.000000000000e+00	3.627833380046e-03	3.282586977224e+00	
  20	DIS_SNB	9.293341000000e-02	3.640282000000e+01	2.729192000000e-01	8.399002640618e-02	0.000000000000e+00	1.596452663180e-03	1.900764568712e+00	
  21	DIS_SNB	9.372546000000e-02	1.735769000000e+02	5.432464000000e-01	5.015289680104e-02	0.000000000000e+00	2.281336299071e-03	4.548762772609e+00	
  22	DIS_SNB	1.273308000000e-01	6.762983000000e+00	7.279305000000e-02	7.151989902599e-02	0.000000000000e+00	2.511392506848e-03	3.511459804963e+00	
  23	DIS_SNB	1.276017000000e-01	3.782189000000e+01	2.201460000000e-01	5.739912610469e-02	0.000000000000e+00	1.034885708500e-03	1.802964223902e+00	
  24	DIS_SNB	1.284485000000e-01	1.883674000000e+02	4.756467000000e-01	3.441085496898e-02	0.000000000000e+00	1.203214808037e-03	3.496614103664e+00	
  25	DIS_SNB	1.751975000000e-01	6.774114000000e+00	5.443805000000e-02	5.014885003820e-02	0.000000000000e+00	1.731120109382e-03	3.451963720131e+00	
  26	DIS_SNB	1.753566000000e-01	3.904138000000e+01	1.746925000000e-01	3.863388666388e-02	0.000000000000e+00	6.817228363184e-04	1.764572232272e+00	
  27	DIS_SNB	1.764741000000e-01	2.040779000000e+02	4.045630000000e-01	1.985137689258e-02	0.000000000000e+00	6.744286320595e-04	3.397389690947e+00	
  28	DIS_SNB	2.402512000000e-01	6.780888000000e+00	4.118382000000e-02	3.179279780668e-02	0.000000000000e+00	1.167003349210e-03	3.670653197326e+00	
  29	DIS_SNB	2.403748000000e-01	4.006690000000e+01	1.362062000000e-01	2.481817206857e-02	0.000000000000e+00	4.402941149128e-04	1.774079548229e+00	
  30	DIS_SNB	2.418629000000e-01	2.216430000000e+02	3.422046000000e-01	1.210374920111e-02	0.000000000000e+00	3.798996516226e-04	3.138694013815e+00	
  31	DIS_SNB	3.286255000000e-01	6.758413000000e+00	3.045662000000e-02	2.068797981660e-02	0.000000000000e+00	7.528206006443e-04	3.638927567206e+00	
  32	DIS_SNB	3.285079000000e-01	4.065878000000e+01	1.053151000000e-01	1.386618989595e-02	0.000000000000e+00	2.700414437752e-04	1.947481217274e+00	
  33	DIS_SNB	3.300310000000e-01	2.383118000000e+02	2.852610000000e-01	7.324386947199e-03	0.000000000000e+00	2.110070747437e-04	2.880883769043e+00	
  34	DIS_SNB	4.458559000000e-01	6.745842000000e+00	2.274997000000e-02	9.621084194711e-03	0.000000000000e+00	4.484077738988e-04	4.660678202414e+00	
  35	DIS_SNB	4.444499000000e-01	4.097386000000e+01	8.091582000000e-02	5.954691215824e-03	0.000000000000e+00	1.526445651313e-04	2.563433763377e+00	
  36	DIS_SNB	4.453155000000e-01	2.559670000000e+02	2.372466000000e-01	3.041952380944e-03	0.000000000000e+00	1.087399457408e-04	3.574676133065e+00	
  37	DIS_SNB	5.896130000000e-01	7.085058000000e+00	1.812664000000e-02	3.590091623966e-03	0.000000000000e+00	2.682720964324e-04	7.472569631415e+00	
  38	DIS_SNB	6.001048000000e-01	4.019377000000e+01	6.122700000000e-02	1.645155641472e-03	0.000000000000e+00	6.944316484780e-05	4.221069611727e+00	
  39	DIS_SNB	5.993560000000e-01	2.691910000000e+02	1.936508000000e-01	8.438779099535e-04	0.000000000000e+00	4.608631946680e-05	5.461254397492e+00	
