NMCPD	5	260
   1	DIS_F2R	1.500000000000e-03	1.600000000000e-01	0.000000000000e+00	9.815000000000e-01	2.030000000000e-02	9.815000000000e-04	1.000000000000e-01	0.000000000000e+00	0.000000000000e+00	1.079650000000e-02	1.100000000000e+00	0.000000000000e+00	0.000000000000e+00	0.000000000000e+00	0.000000000000e+00	
   2	DIS_F2R	1.500000000000e-03	2.500000000000e-01	0.000000000000e+00	1.003000000000e+00	2.120000000000e-02	1.003000000000e-03	1.000000000000e-01	0.000000000000e+00	0.000000000000e+00	1.303900000000e-02	1.300000000000e+00	1.003000000000e-03	1.000000000000e-01	1.003000000000e-03	1.000000000000e-01	
   3	DIS_F2R	1.500000000000e-03	3.500000000000e-01	0.000000000000e+00	9.675000000000e-01	2.050000000000e-02	1.935000000000e-03	2.000000000000e-01	0.000000000000e+00	0.000000000000e+00	1.064250000000e-02	1.100000000000e+00	0.000000000000e+00	0.000000000000e+00	0.000000000000e+00	0.000000000000e+00	
   4	DIS_F2R	1.500000000000e-03	4.500000000000e-01	0.000000000000e+00	1.033000000000e+00	2.580000000000e-02	1.033000000000e-03	1.000000000000e-01	0.000000000000e+00	0.000000000000e+00	1.962700000000e-02	1.900000000000e+00	0.000000000000e+00	0.000000000000e+00	0.000000000000e+00	0.000000000000e+00	
   5	DIS_F2R	1.500000000000e-03	6.000000000000e-01	0.000000000000e+00	9.912000000000e-01	1.760000000000e-02	9.912000000000e-04	1.000000000000e-01	0.000000000000e+00	0.000000000000e+00	1.189440000000e-02	1.200000000000e+00	0.000000000000e+00	0.000000000000e+00	0.000000000000e+00	0.000000000000e+00	
   6	DIS_F2R	3.000000000000e-03	1.700000000000e-01	0.000000000000e+00	1.008000000000e+00	2.770000000000e-02	1.008000000000e-03	1.000000000000e-01	0.000000000000e+00	0.000000000000e+00	7.056000000000e-03	7.000000000000e-01	1.008000000000e-03	1.000000000000e-01	1.008000000000e-03	1.000000000000e-01	
   7	DIS_F2R	3.000000000000e-03	2.500000000000e-01	0.000000000000e+00	9.824000000000e-01	1.710000000000e-02	9.824000000000e-04	1.000000000000e-01	0.000000000000e+00	0.000000000000e+00	4.912000000000e-03	5.000000000000e-01	0.000000000000e+00	0.000000000000e+00	0.000000000000e+00	0.000000000000e+00	
   8	DIS_F2R	3.000000000000e-03	3.500000000000e-01	0.000000000000e+00	9.825000000000e-01	1.370000000000e-02	1.965000000000e-03	2.000000000000e-01	0.000000000000e+00	0.000000000000e+00	1.080750000000e-02	1.100000000000e+00	0.000000000000e+00	0.000000000000e+00	0.000000000000e+00	0.000000000000e+00	
   9	DIS_F2R	3.000000000000e-03	4.500000000000e-01	0.000000000000e+00	9.736000000000e-01	1.290000000000e-02	1.947200000000e-03	2.000000000000e-01	0.000000000000e+00	0.000000000000e+00	9.736000000000e-03	1.000000000000e+00	0.000000000000e+00	0.000000000000e+00	0.000000000000e+00	0.000000000000e+00	
  10	DIS_F2R	3.000000000000e-03	6.300000000000e-01	0.000000000000e+00	9.704000000000e-01	1.180000000000e-02	1.940800000000e-03	2.000000000000e-01	0.000000000000e+00	0.000000000000e+00	5.822400000000e-03	6.000000000000e-01	0.000000000000e+00	0.000000000000e+00	0.000000000000e+00	0.000000000000e+00	
  11	DIS_F2R	3.000000000000e-03	8.800000000000e-01	0.000000000000e+00	9.921000000000e-01	1.080000000000e-02	9.921000000000e-04	1.000000000000e-01	0.000000000000e+00	0.000000000000e+00	6.944700000000e-03	7.000000000000e-01	0.000000000000e+00	0.000000000000e+00	0.000000000000e+00	0.000000000000e+00	
  12	DIS_F2R	3.000000000000e-03	1.120000000000e+00	0.000000000000e+00	9.959000000000e-01	1.160000000000e-02	9.959000000000e-04	1.000000000000e-01	0.000000000000e+00	0.000000000000e+00	7.967200000000e-03	8.000000000000e-01	0.000000000000e+00	0.000000000000e+00	0.000000000000e+00	0.000000000000e+00	
  13	DIS_F2R	5.000000000000e-03	1.600000000000e-01	0.000000000000e+00	1.005000000000e+00	6.150000000000e-02	2.010000000000e-03	2.000000000000e-01	0.000000000000e+00	0.000000000000e+00	2.010000000000e-03	2.000000000000e-01	0.000000000000e+00	0.000000000000e+00	0.000000000000e+00	0.000000000000e+00	
  14	DIS_F2R	5.000000000000e-03	2.500000000000e-01	0.000000000000e+00	1.000000000000e+00	2.500000000000e-02	1.000000000000e-03	1.000000000000e-01	0.000000000000e+00	0.000000000000e+00	3.000000000000e-03	3.000000000000e-01	-1.000000000000e-03	-1.000000000000e-01	-1.000000000000e-03	-1.000000000000e-01	
  15	DIS_F2R	5.000000000000e-03	3.500000000000e-01	0.000000000000e+00	1.014000000000e+00	2.080000000000e-02	2.028000000000e-03	2.000000000000e-01	0.000000000000e+00	0.000000000000e+00	4.056000000000e-03	4.000000000000e-01	-1.014000000000e-03	-1.000000000000e-01	-1.014000000000e-03	-1.000000000000e-01	
  16	DIS_F2R	5.000000000000e-03	4.500000000000e-01	0.000000000000e+00	9.945000000000e-01	1.720000000000e-02	1.989000000000e-03	2.000000000000e-01	0.000000000000e+00	0.000000000000e+00	3.978000000000e-03	4.000000000000e-01	0.000000000000e+00	0.000000000000e+00	0.000000000000e+00	0.000000000000e+00	
  17	DIS_F2R	5.000000000000e-03	6.100000000000e-01	0.000000000000e+00	9.795000000000e-01	9.200000000000e-03	1.959000000000e-03	2.000000000000e-01	0.000000000000e+00	0.000000000000e+00	8.815500000000e-03	9.000000000000e-01	0.000000000000e+00	0.000000000000e+00	0.000000000000e+00	0.000000000000e+00	
  18	DIS_F2R	5.000000000000e-03	8.800000000000e-01	0.000000000000e+00	9.966000000000e-01	1.570000000000e-02	1.993200000000e-03	2.000000000000e-01	0.000000000000e+00	0.000000000000e+00	1.993200000000e-03	2.000000000000e-01	0.000000000000e+00	0.000000000000e+00	0.000000000000e+00	0.000000000000e+00	
  19	DIS_F2R	5.000000000000e-03	1.130000000000e+00	0.000000000000e+00	9.893000000000e-01	1.370000000000e-02	1.978600000000e-03	2.000000000000e-01	0.000000000000e+00	0.000000000000e+00	2.967900000000e-03	3.000000000000e-01	0.000000000000e+00	0.000000000000e+00	0.000000000000e+00	0.000000000000e+00	
  20	DIS_F2R	5.000000000000e-03	1.380000000000e+00	0.000000000000e+00	9.959000000000e-01	1.280000000000e-02	9.959000000000e-04	1.000000000000e-01	0.000000000000e+00	0.000000000000e+00	2.987700000000e-03	3.000000000000e-01	0.000000000000e+00	0.000000000000e+00	0.000000000000e+00	0.000000000000e+00	
  21	DIS_F2R	5.000000000000e-03	1.710000000000e+00	0.000000000000e+00	9.842000000000e-01	9.800000000000e-03	9.842000000000e-04	1.000000000000e-01	0.000000000000e+00	0.000000000000e+00	4.921000000000e-03	5.000000000000e-01	0.000000000000e+00	0.000000000000e+00	0.000000000000e+00	0.000000000000e+00	
  22	DIS_F2R	8.000000000000e-03	1.600000000000e-01	0.000000000000e+00	9.817000000000e-01	5.470000000000e-02	1.963400000000e-03	2.000000000000e-01	-2.945100000000e-03	-3.000000000000e-01	1.963400000000e-03	2.000000000000e-01	0.000000000000e+00	0.000000000000e+00	0.000000000000e+00	0.000000000000e+00	
  23	DIS_F2R	8.000000000000e-03	2.500000000000e-01	0.000000000000e+00	1.011000000000e+00	2.500000000000e-02	1.011000000000e-03	1.000000000000e-01	0.000000000000e+00	0.000000000000e+00	2.022000000000e-03	2.000000000000e-01	1.011000000000e-03	1.000000000000e-01	1.011000000000e-03	1.000000000000e-01	
  24	DIS_F2R	8.000000000000e-03	3.500000000000e-01	0.000000000000e+00	9.993000000000e-01	2.130000000000e-02	1.998600000000e-03	2.000000000000e-01	0.000000000000e+00	0.000000000000e+00	1.998600000000e-03	2.000000000000e-01	0.000000000000e+00	0.000000000000e+00	0.000000000000e+00	0.000000000000e+00	
  25	DIS_F2R	8.000000000000e-03	4.500000000000e-01	0.000000000000e+00	1.020000000000e+00	1.800000000000e-02	2.040000000000e-03	2.000000000000e-01	0.000000000000e+00	0.000000000000e+00	3.060000000000e-03	3.000000000000e-01	-1.020000000000e-03	-1.000000000000e-01	-1.020000000000e-03	-1.000000000000e-01	
  26	DIS_F2R	8.000000000000e-03	6.400000000000e-01	0.000000000000e+00	9.618000000000e-01	9.100000000000e-03	1.923600000000e-03	2.000000000000e-01	0.000000000000e+00	0.000000000000e+00	2.885400000000e-03	3.000000000000e-01	0.000000000000e+00	0.000000000000e+00	0.000000000000e+00	0.000000000000e+00	
  27	DIS_F2R	8.000000000000e-03	8.600000000000e-01	0.000000000000e+00	9.775000000000e-01	8.300000000000e-03	1.955000000000e-03	2.000000000000e-01	0.000000000000e+00	0.000000000000e+00	4.887500000000e-03	5.000000000000e-01	0.000000000000e+00	0.000000000000e+00	0.000000000000e+00	0.000000000000e+00	
  28	DIS_F2R	8.000000000000e-03	1.120000000000e+00	0.000000000000e+00	9.642000000000e-01	8.800000000000e-03	1.928400000000e-03	2.000000000000e-01	0.000000000000e+00	0.000000000000e+00	4.821000000000e-03	5.000000000000e-01	0.000000000000e+00	0.000000000000e+00	0.000000000000e+00	0.000000000000e+00	
  29	DIS_F2R	8.000000000000e-03	1.370000000000e+00	0.000000000000e+00	9.714000000000e-01	1.000000000000e-02	1.942800000000e-03	2.000000000000e-01	0.000000000000e+00	0.000000000000e+00	3.885600000000e-03	4.000000000000e-01	0.000000000000e+00	0.000000000000e+00	0.000000000000e+00	0.000000000000e+00	
  30	DIS_F2R	8.000000000000e-03	1.750000000000e+00	0.000000000000e+00	9.891000000000e-01	8.300000000000e-03	9.891000000000e-04	1.000000000000e-01	0.000000000000e+00	0.000000000000e+00	1.978200000000e-03	2.000000000000e-01	0.000000000000e+00	0.000000000000e+00	0.000000000000e+00	0.000000000000e+00	
  31	DIS_F2R	8.000000000000e-03	2.240000000000e+00	0.000000000000e+00	9.750000000000e-01	8.600000000000e-03	9.750000000000e-04	1.000000000000e-01	0.000000000000e+00	0.000000000000e+00	1.950000000000e-03	2.000000000000e-01	0.000000000000e+00	0.000000000000e+00	0.000000000000e+00	0.000000000000e+00	
  32	DIS_F2R	8.000000000000e-03	2.730000000000e+00	0.000000000000e+00	9.837000000000e-01	9.700000000000e-03	1.967400000000e-03	2.000000000000e-01	0.000000000000e+00	0.000000000000e+00	3.934800000000e-03	4.000000000000e-01	0.000000000000e+00	0.000000000000e+00	0.000000000000e+00	0.000000000000e+00	
  33	DIS_F2R	8.000000000000e-03	3.460000000000e+00	0.000000000000e+00	9.924000000000e-01	1.220000000000e-02	2.977200000000e-03	3.000000000000e-01	0.000000000000e+00	0.000000000000e+00	7.939200000000e-03	8.000000000000e-01	0.000000000000e+00	0.000000000000e+00	0.000000000000e+00	0.000000000000e+00	
  34	DIS_F2R	1.250000000000e-02	1.600000000000e-01	0.000000000000e+00	9.683000000000e-01	5.430000000000e-02	1.936600000000e-03	2.000000000000e-01	-5.809800000000e-03	-6.000000000000e-01	1.936600000000e-03	2.000000000000e-01	0.000000000000e+00	0.000000000000e+00	0.000000000000e+00	0.000000000000e+00	
  35	DIS_F2R	1.250000000000e-02	2.600000000000e-01	0.000000000000e+00	1.008000000000e+00	3.200000000000e-02	2.016000000000e-03	2.000000000000e-01	-2.016000000000e-03	-2.000000000000e-01	2.016000000000e-03	2.000000000000e-01	0.000000000000e+00	0.000000000000e+00	0.000000000000e+00	0.000000000000e+00	
  36	DIS_F2R	1.250000000000e-02	3.500000000000e-01	0.000000000000e+00	9.530000000000e-01	2.330000000000e-02	1.906000000000e-03	2.000000000000e-01	-9.530000000000e-04	-1.000000000000e-01	1.906000000000e-03	2.000000000000e-01	0.000000000000e+00	0.000000000000e+00	0.000000000000e+00	0.000000000000e+00	
  37	DIS_F2R	1.250000000000e-02	4.500000000000e-01	0.000000000000e+00	9.690000000000e-01	2.050000000000e-02	1.938000000000e-03	2.000000000000e-01	0.000000000000e+00	0.000000000000e+00	1.938000000000e-03	2.000000000000e-01	0.000000000000e+00	0.000000000000e+00	0.000000000000e+00	0.000000000000e+00	
  38	DIS_F2R	1.250000000000e-02	6.200000000000e-01	0.000000000000e+00	9.872000000000e-01	1.270000000000e-02	1.974400000000e-03	2.000000000000e-01	9.872000000000e-04	1.000000000000e-01	9.872000000000e-04	1.000000000000e-01	0.000000000000e+00	0.000000000000e+00	0.000000000000e+00	0.000000000000e+00	
  39	DIS_F2R	1.250000000000e-02	8.800000000000e-01	0.000000000000e+00	9.680000000000e-01	1.080000000000e-02	1.936000000000e-03	2.000000000000e-01	0.000000000000e+00	0.000000000000e+00	9.680000000000e-04	1.000000000000e-01	0.000000000000e+00	0.000000000000e+00	0.000000000000e+00	0.000000000000e+00	
  40	DIS_F2R	1.250000000000e-02	1.120000000000e+00	0.000000000000e+00	9.624000000000e-01	9.200000000000e-03	1.924800000000e-03	2.000000000000e-01	0.000000000000e+00	0.000000000000e+00	2.887200000000e-03	3.000000000000e-01	0.000000000000e+00	0.000000000000e+00	0.000000000000e+00	0.000000000000e+00	
  41	DIS_F2R	1.250000000000e-02	1.370000000000e+00	0.000000000000e+00	9.797000000000e-01	9.800000000000e-03	1.959400000000e-03	2.000000000000e-01	0.000000000000e+00	0.000000000000e+00	2.939100000000e-03	3.000000000000e-01	0.000000000000e+00	0.000000000000e+00	0.000000000000e+00	0.000000000000e+00	
  42	DIS_F2R	1.250000000000e-02	1.740000000000e+00	0.000000000000e+00	9.747000000000e-01	7.200000000000e-03	1.949400000000e-03	2.000000000000e-01	0.000000000000e+00	0.000000000000e+00	1.949400000000e-03	2.000000000000e-01	0.000000000000e+00	0.000000000000e+00	0.000000000000e+00	0.000000000000e+00	
  43	DIS_F2R	1.250000000000e-02	2.230000000000e+00	0.000000000000e+00	9.738000000000e-01	8.500000000000e-03	1.947600000000e-03	2.000000000000e-01	0.000000000000e+00	0.000000000000e+00	3.895200000000e-03	4.000000000000e-01	0.000000000000e+00	0.000000000000e+00	0.000000000000e+00	0.000000000000e+00	
  44	DIS_F2R	1.250000000000e-02	2.740000000000e+00	0.000000000000e+00	9.813000000000e-01	1.030000000000e-02	9.813000000000e-04	1.000000000000e-01	0.000000000000e+00	0.000000000000e+00	9.813000000000e-04	1.000000000000e-01	0.000000000000e+00	0.000000000000e+00	0.000000000000e+00	0.000000000000e+00	
  45	DIS_F2R	1.250000000000e-02	3.460000000000e+00	0.000000000000e+00	9.844000000000e-01	8.700000000000e-03	9.844000000000e-04	1.000000000000e-01	0.000000000000e+00	0.000000000000e+00	1.968800000000e-03	2.000000000000e-01	0.000000000000e+00	0.000000000000e+00	0.000000000000e+00	0.000000000000e+00	
  46	DIS_F2R	1.250000000000e-02	4.470000000000e+00	0.000000000000e+00	9.734000000000e-01	9.500000000000e-03	1.946800000000e-03	2.000000000000e-01	0.000000000000e+00	0.000000000000e+00	3.893600000000e-03	4.000000000000e-01	0.000000000000e+00	0.000000000000e+00	0.000000000000e+00	0.000000000000e+00	
  47	DIS_F2R	1.250000000000e-02	5.410000000000e+00	0.000000000000e+00	9.821000000000e-01	1.340000000000e-02	9.821000000000e-04	1.000000000000e-01	0.000000000000e+00	0.000000000000e+00	5.892600000000e-03	6.000000000000e-01	0.000000000000e+00	0.000000000000e+00	0.000000000000e+00	0.000000000000e+00	
  48	DIS_F2R	1.750000000000e-02	2.500000000000e-01	0.000000000000e+00	9.573000000000e-01	4.020000000000e-02	1.914600000000e-03	2.000000000000e-01	-5.743800000000e-03	-6.000000000000e-01	1.914600000000e-03	2.000000000000e-01	0.000000000000e+00	0.000000000000e+00	0.000000000000e+00	0.000000000000e+00	
  49	DIS_F2R	1.750000000000e-02	3.500000000000e-01	0.000000000000e+00	9.747000000000e-01	3.010000000000e-02	1.949400000000e-03	2.000000000000e-01	-1.949400000000e-03	-2.000000000000e-01	1.949400000000e-03	2.000000000000e-01	0.000000000000e+00	0.000000000000e+00	0.000000000000e+00	0.000000000000e+00	
  50	DIS_F2R	1.750000000000e-02	4.500000000000e-01	0.000000000000e+00	1.007000000000e+00	2.680000000000e-02	2.014000000000e-03	2.000000000000e-01	-1.007000000000e-03	-1.000000000000e-01	2.014000000000e-03	2.000000000000e-01	-1.007000000000e-03	-1.000000000000e-01	-1.007000000000e-03	-1.000000000000e-01	
  51	DIS_F2R	1.750000000000e-02	6.200000000000e-01	0.000000000000e+00	9.939000000000e-01	1.610000000000e-02	1.987800000000e-03	2.000000000000e-01	9.939000000000e-04	1.000000000000e-01	9.939000000000e-04	1.000000000000e-01	0.000000000000e+00	0.000000000000e+00	0.000000000000e+00	0.000000000000e+00	
  52	DIS_F2R	1.750000000000e-02	8.800000000000e-01	0.000000000000e+00	9.645000000000e-01	1.550000000000e-02	1.929000000000e-03	2.000000000000e-01	0.000000000000e+00	0.000000000000e+00	9.645000000000e-04	1.000000000000e-01	0.000000000000e+00	0.000000000000e+00	0.000000000000e+00	0.000000000000e+00	
  53	DIS_F2R	1.750000000000e-02	1.120000000000e+00	0.000000000000e+00	9.685000000000e-01	1.290000000000e-02	1.937000000000e-03	2.000000000000e-01	0.000000000000e+00	0.000000000000e+00	9.685000000000e-04	1.000000000000e-01	0.000000000000e+00	0.000000000000e+00	0.000000000000e+00	0.000000000000e+00	
  54	DIS_F2R	1.750000000000e-02	1.370000000000e+00	0.000000000000e+00	9.834000000000e-01	1.190000000000e-02	1.966800000000e-03	2.000000000000e-01	0.000000000000e+00	0.000000000000e+00	9.834000000000e-04	1.000000000000e-01	0.000000000000e+00	0.000000000000e+00	0.000000000000e+00	0.000000000000e+00	
  55	DIS_F2R	1.750000000000e-02	1.750000000000e+00	0.000000000000e+00	9.925000000000e-01	8.400000000000e-03	1.985000000000e-03	2.000000000000e-01	0.000000000000e+00	0.000000000000e+00	1.985000000000e-03	2.000000000000e-01	0.000000000000e+00	0.000000000000e+00	0.000000000000e+00	0.000000000000e+00	
  56	DIS_F2R	1.750000000000e-02	2.240000000000e+00	0.000000000000e+00	9.763000000000e-01	8.700000000000e-03	1.952600000000e-03	2.000000000000e-01	0.000000000000e+00	0.000000000000e+00	9.763000000000e-04	1.000000000000e-01	0.000000000000e+00	0.000000000000e+00	0.000000000000e+00	0.000000000000e+00	
  57	DIS_F2R	1.750000000000e-02	2.730000000000e+00	0.000000000000e+00	9.680000000000e-01	9.800000000000e-03	9.680000000000e-04	1.000000000000e-01	0.000000000000e+00	0.000000000000e+00	9.680000000000e-04	1.000000000000e-01	0.000000000000e+00	0.000000000000e+00	0.000000000000e+00	0.000000000000e+00	
  58	DIS_F2R	1.750000000000e-02	3.480000000000e+00	0.000000000000e+00	9.761000000000e-01	9.200000000000e-03	1.952200000000e-03	2.000000000000e-01	0.000000000000e+00	0.000000000000e+00	9.761000000000e-04	1.000000000000e-01	0.000000000000e+00	0.000000000000e+00	0.000000000000e+00	0.000000000000e+00	
  59	DIS_F2R	1.750000000000e-02	4.470000000000e+00	0.000000000000e+00	9.716000000000e-01	1.000000000000e-02	9.716000000000e-04	1.000000000000e-01	0.000000000000e+00	0.000000000000e+00	2.914800000000e-03	3.000000000000e-01	0.000000000000e+00	0.000000000000e+00	0.000000000000e+00	0.000000000000e+00	
  60	DIS_F2R	1.750000000000e-02	5.490000000000e+00	0.000000000000e+00	9.817000000000e-01	1.430000000000e-02	1.963400000000e-03	2.000000000000e-01	0.000000000000e+00	0.000000000000e+00	1.963400000000e-03	2.000000000000e-01	0.000000000000e+00	0.000000000000e+00	0.000000000000e+00	0.000000000000e+00	
  61	DIS_F2R	1.750000000000e-02	6.830000000000e+00	0.000000000000e+00	9.942000000000e-01	1.070000000000e-02	9.942000000000e-04	1.000000000000e-01	0.000000000000e+00	0.000000000000e+00	3.976800000000e-03	4.000000000000e-01	0.000000000000e+00	0.000000000000e+00	0.000000000000e+00	0.000000000000e+00	
  62	DIS_F2R	2.500000000000e-02	2.600000000000e-01	0.000000000000e+00	9.493000000000e-01	3.750000000000e-02	1.898600000000e-03	2.000000000000e-01	-5.695800000000e-03	-6.000000000000e-01	9.493000000000e-04	1.000000000000e-01	0.000000000000e+00	0.000000000000e+00	0.000000000000e+00	0.000000000000e+00	
  63	DIS_F2R	2.500000000000e-02	3.500000000000e-01	0.000000000000e+00	9.601000000000e-01	2.870000000000e-02	1.920200000000e-03	2.000000000000e-01	-5.760600000000e-03	-6.000000000000e-01	1.920200000000e-03	2.000000000000e-01	0.000000000000e+00	0.000000000000e+00	0.000000000000e+00	0.000000000000e+00	
  64	DIS_F2R	2.500000000000e-02	4.500000000000e-01	0.000000000000e+00	9.408000000000e-01	3.130000000000e-02	1.881600000000e-03	2.000000000000e-01	-2.822400000000e-03	-3.000000000000e-01	1.881600000000e-03	2.000000000000e-01	0.000000000000e+00	0.000000000000e+00	0.000000000000e+00	0.000000000000e+00	
  65	DIS_F2R	2.500000000000e-02	6.200000000000e-01	0.000000000000e+00	9.620000000000e-01	1.310000000000e-02	1.924000000000e-03	2.000000000000e-01	-9.620000000000e-04	-1.000000000000e-01	9.620000000000e-04	1.000000000000e-01	0.000000000000e+00	0.000000000000e+00	0.000000000000e+00	0.000000000000e+00	
  66	DIS_F2R	2.500000000000e-02	8.600000000000e-01	0.000000000000e+00	9.585000000000e-01	1.540000000000e-02	1.917000000000e-03	2.000000000000e-01	0.000000000000e+00	0.000000000000e+00	9.585000000000e-04	1.000000000000e-01	0.000000000000e+00	0.000000000000e+00	0.000000000000e+00	0.000000000000e+00	
  67	DIS_F2R	2.500000000000e-02	1.130000000000e+00	0.000000000000e+00	9.631000000000e-01	1.240000000000e-02	1.926200000000e-03	2.000000000000e-01	0.000000000000e+00	0.000000000000e+00	9.631000000000e-04	1.000000000000e-01	0.000000000000e+00	0.000000000000e+00	0.000000000000e+00	0.000000000000e+00	
  68	DIS_F2R	2.500000000000e-02	1.370000000000e+00	0.000000000000e+00	9.849000000000e-01	1.070000000000e-02	2.954700000000e-03	3.000000000000e-01	0.000000000000e+00	0.000000000000e+00	9.849000000000e-04	1.000000000000e-01	0.000000000000e+00	0.000000000000e+00	0.000000000000e+00	0.000000000000e+00	
  69	DIS_F2R	2.500000000000e-02	1.740000000000e+00	0.000000000000e+00	9.802000000000e-01	7.600000000000e-03	1.960400000000e-03	2.000000000000e-01	0.000000000000e+00	0.000000000000e+00	9.802000000000e-04	1.000000000000e-01	0.000000000000e+00	0.000000000000e+00	0.000000000000e+00	0.000000000000e+00	
  70	DIS_F2R	2.500000000000e-02	2.240000000000e+00	0.000000000000e+00	9.677000000000e-01	7.100000000000e-03	1.935400000000e-03	2.000000000000e-01	0.000000000000e+00	0.000000000000e+00	9.677000000000e-04	1.000000000000e-01	0.000000000000e+00	0.000000000000e+00	0.000000000000e+00	0.000000000000e+00	
  71	DIS_F2R	2.500000000000e-02	2.740000000000e+00	0.000000000000e+00	9.581000000000e-01	7.400000000000e-03	1.916200000000e-03	2.000000000000e-01	0.000000000000e+00	0.000000000000e+00	9.581000000000e-04	1.000000000000e-01	0.000000000000e+00	0.000000000000e+00	0.000000000000e+00	0.000000000000e+00	
  72	DIS_F2R	2.500000000000e-02	3.450000000000e+00	0.000000000000e+00	9.790000000000e-01	6.500000000000e-03	9.790000000000e-04	1.000000000000e-01	0.000000000000e+00	0.000000000000e+00	1.958000000000e-03	2.000000000000e-01	0.000000000000e+00	0.000000000000e+00	0.000000000000e+00	0.000000000000e+00	
  73	DIS_F2R	2.500000000000e-02	4.470000000000e+00	0.000000000000e+00	9.764000000000e-01	8.500000000000e-03	1.952800000000e-03	2.000000000000e-01	0.000000000000e+00	0.000000000000e+00	9.764000000000e-04	1.000000000000e-01	0.000000000000e+00	0.000000000000e+00	0.000000000000e+00	0.000000000000e+00	
  74	DIS_F2R	2.500000000000e-02	5.480000000000e+00	0.000000000000e+00	9.592000000000e-01	9.700000000000e-03	1.918400000000e-03	2.000000000000e-01	0.000000000000e+00	0.000000000000e+00	9.592000000000e-04	1.000000000000e-01	0.000000000000e+00	0.000000000000e+00	0.000000000000e+00	0.000000000000e+00	
  75	DIS_F2R	2.500000000000e-02	6.920000000000e+00	0.000000000000e+00	9.893000000000e-01	8.500000000000e-03	1.978600000000e-03	2.000000000000e-01	0.000000000000e+00	0.000000000000e+00	2.967900000000e-03	3.000000000000e-01	0.000000000000e+00	0.000000000000e+00	0.000000000000e+00	0.000000000000e+00	
  76	DIS_F2R	2.500000000000e-02	8.920000000000e+00	0.000000000000e+00	9.738000000000e-01	1.000000000000e-02	9.738000000000e-04	1.000000000000e-01	0.000000000000e+00	0.000000000000e+00	3.895200000000e-03	4.000000000000e-01	0.000000000000e+00	0.000000000000e+00	0.000000000000e+00	0.000000000000e+00	
  77	DIS_F2R	3.500000000000e-02	3.600000000000e-01	0.000000000000e+00	9.557000000000e-01	3.750000000000e-02	1.911400000000e-03	2.000000000000e-01	-5.734200000000e-03	-6.000000000000e-01	1.911400000000e-03	2.000000000000e-01	-9.557000000000e-04	-1.000000000000e-01	9.557000000000e-04	1.000000000000e-01	
  78	DIS_F2R	3.500000000000e-02	4.500000000000e-01	0.000000000000e+00	9.264000000000e-01	3.400000000000e-02	1.852800000000e-03	2.000000000000e-01	-5.558400000000e-03	-6.000000000000e-01	9.264000000000e-04	1.000000000000e-01	0.000000000000e+00	0.000000000000e+00	0.000000000000e+00	0.000000000000e+00	
  79	DIS_F2R	3.500000000000e-02	6.400000000000e-01	0.000000000000e+00	9.308000000000e-01	2.070000000000e-02	1.861600000000e-03	2.000000000000e-01	-1.861600000000e-03	-2.000000000000e-01	9.308000000000e-04	1.000000000000e-01	0.000000000000e+00	0.000000000000e+00	0.000000000000e+00	0.000000000000e+00	
  80	DIS_F2R	3.500000000000e-02	8.600000000000e-01	0.000000000000e+00	9.618000000000e-01	1.790000000000e-02	1.923600000000e-03	2.000000000000e-01	-9.618000000000e-04	-1.000000000000e-01	9.618000000000e-04	1.000000000000e-01	0.000000000000e+00	0.000000000000e+00	0.000000000000e+00	0.000000000000e+00	
  81	DIS_F2R	3.500000000000e-02	1.130000000000e+00	0.000000000000e+00	9.723000000000e-01	1.830000000000e-02	1.944600000000e-03	2.000000000000e-01	0.000000000000e+00	0.000000000000e+00	9.723000000000e-04	1.000000000000e-01	0.000000000000e+00	0.000000000000e+00	0.000000000000e+00	0.000000000000e+00	
  82	DIS_F2R	3.500000000000e-02	1.380000000000e+00	0.000000000000e+00	9.633000000000e-01	1.380000000000e-02	1.926600000000e-03	2.000000000000e-01	0.000000000000e+00	0.000000000000e+00	9.633000000000e-04	1.000000000000e-01	0.000000000000e+00	0.000000000000e+00	0.000000000000e+00	0.000000000000e+00	
  83	DIS_F2R	3.500000000000e-02	1.740000000000e+00	0.000000000000e+00	9.554000000000e-01	8.900000000000e-03	1.910800000000e-03	2.000000000000e-01	0.000000000000e+00	0.000000000000e+00	9.554000000000e-04	1.000000000000e-01	0.000000000000e+00	0.000000000000e+00	0.000000000000e+00	0.000000000000e+00	
  84	DIS_F2R	3.500000000000e-02	2.240000000000e+00	0.000000000000e+00	9.572000000000e-01	8.700000000000e-03	1.914400000000e-03	2.000000000000e-01	0.000000000000e+00	0.000000000000e+00	9.572000000000e-04	1.000000000000e-01	0.000000000000e+00	0.000000000000e+00	0.000000000000e+00	0.000000000000e+00	
  85	DIS_F2R	3.500000000000e-02	2.740000000000e+00	0.000000000000e+00	9.766000000000e-01	9.000000000000e-03	1.953200000000e-03	2.000000000000e-01	0.000000000000e+00	0.000000000000e+00	9.766000000000e-04	1.000000000000e-01	0.000000000000e+00	0.000000000000e+00	0.000000000000e+00	0.000000000000e+00	
  86	DIS_F2R	3.500000000000e-02	3.460000000000e+00	0.000000000000e+00	9.565000000000e-01	6.900000000000e-03	1.913000000000e-03	2.000000000000e-01	0.000000000000e+00	0.000000000000e+00	9.565000000000e-04	1.000000000000e-01	0.000000000000e+00	0.000000000000e+00	0.000000000000e+00	0.000000000000e+00	
  87	DIS_F2R	3.500000000000e-02	4.450000000000e+00	0.000000000000e+00	9.611000000000e-01	8.800000000000e-03	9.611000000000e-04	1.000000000000e-01	0.000000000000e+00	0.000000000000e+00	9.611000000000e-04	1.000000000000e-01	0.000000000000e+00	0.000000000000e+00	0.000000000000e+00	0.000000000000e+00	
  88	DIS_F2R	3.500000000000e-02	5.470000000000e+00	0.000000000000e+00	9.669000000000e-01	1.110000000000e-02	1.933800000000e-03	2.000000000000e-01	0.000000000000e+00	0.000000000000e+00	9.669000000000e-04	1.000000000000e-01	0.000000000000e+00	0.000000000000e+00	0.000000000000e+00	0.000000000000e+00	
  89	DIS_F2R	3.500000000000e-02	6.920000000000e+00	0.000000000000e+00	9.817000000000e-01	1.010000000000e-02	1.963400000000e-03	2.000000000000e-01	0.000000000000e+00	0.000000000000e+00	9.817000000000e-04	1.000000000000e-01	0.000000000000e+00	0.000000000000e+00	0.000000000000e+00	0.000000000000e+00	
  90	DIS_F2R	3.500000000000e-02	8.960000000000e+00	0.000000000000e+00	9.686000000000e-01	1.150000000000e-02	1.937200000000e-03	2.000000000000e-01	0.000000000000e+00	0.000000000000e+00	9.686000000000e-04	1.000000000000e-01	0.000000000000e+00	0.000000000000e+00	0.000000000000e+00	0.000000000000e+00	
  91	DIS_F2R	3.500000000000e-02	1.145000000000e+01	0.000000000000e+00	9.572000000000e-01	1.070000000000e-02	9.572000000000e-04	1.000000000000e-01	0.000000000000e+00	0.000000000000e+00	9.572000000000e-04	1.000000000000e-01	0.000000000000e+00	0.000000000000e+00	0.000000000000e+00	0.000000000000e+00	
  92	DIS_F2R	3.500000000000e-02	1.436000000000e+01	0.000000000000e+00	9.439000000000e-01	1.440000000000e-02	9.439000000000e-04	1.000000000000e-01	0.000000000000e+00	0.000000000000e+00	2.831700000000e-03	3.000000000000e-01	0.000000000000e+00	0.000000000000e+00	0.000000000000e+00	0.000000000000e+00	
  93	DIS_F2R	5.000000000000e-02	4.600000000000e-01	0.000000000000e+00	9.101000000000e-01	4.120000000000e-02	1.820200000000e-03	2.000000000000e-01	-5.460600000000e-03	-6.000000000000e-01	9.101000000000e-04	1.000000000000e-01	-9.101000000000e-04	-1.000000000000e-01	9.101000000000e-04	1.000000000000e-01	
  94	DIS_F2R	5.000000000000e-02	6.100000000000e-01	0.000000000000e+00	9.539000000000e-01	2.140000000000e-02	1.907800000000e-03	2.000000000000e-01	-5.723400000000e-03	-6.000000000000e-01	9.539000000000e-04	1.000000000000e-01	-9.539000000000e-04	-1.000000000000e-01	9.539000000000e-04	1.000000000000e-01	
  95	DIS_F2R	5.000000000000e-02	8.800000000000e-01	0.000000000000e+00	9.204000000000e-01	2.130000000000e-02	1.840800000000e-03	2.000000000000e-01	-1.840800000000e-03	-2.000000000000e-01	9.204000000000e-04	1.000000000000e-01	0.000000000000e+00	0.000000000000e+00	0.000000000000e+00	0.000000000000e+00	
  96	DIS_F2R	5.000000000000e-02	1.130000000000e+00	0.000000000000e+00	9.738000000000e-01	1.670000000000e-02	1.947600000000e-03	2.000000000000e-01	-9.738000000000e-04	-1.000000000000e-01	9.738000000000e-04	1.000000000000e-01	0.000000000000e+00	0.000000000000e+00	0.000000000000e+00	0.000000000000e+00	
  97	DIS_F2R	5.000000000000e-02	1.370000000000e+00	0.000000000000e+00	9.400000000000e-01	1.380000000000e-02	1.880000000000e-03	2.000000000000e-01	0.000000000000e+00	0.000000000000e+00	9.400000000000e-04	1.000000000000e-01	0.000000000000e+00	0.000000000000e+00	0.000000000000e+00	0.000000000000e+00	
  98	DIS_F2R	5.000000000000e-02	1.740000000000e+00	0.000000000000e+00	9.532000000000e-01	9.200000000000e-03	2.859600000000e-03	3.000000000000e-01	0.000000000000e+00	0.000000000000e+00	9.532000000000e-04	1.000000000000e-01	0.000000000000e+00	0.000000000000e+00	0.000000000000e+00	0.000000000000e+00	
  99	DIS_F2R	5.000000000000e-02	2.250000000000e+00	0.000000000000e+00	9.526000000000e-01	7.700000000000e-03	1.905200000000e-03	2.000000000000e-01	0.000000000000e+00	0.000000000000e+00	9.526000000000e-04	1.000000000000e-01	0.000000000000e+00	0.000000000000e+00	0.000000000000e+00	0.000000000000e+00	
 100	DIS_F2R	5.000000000000e-02	2.740000000000e+00	0.000000000000e+00	9.642000000000e-01	7.700000000000e-03	1.928400000000e-03	2.000000000000e-01	0.000000000000e+00	0.000000000000e+00	9.642000000000e-04	1.000000000000e-01	0.000000000000e+00	0.000000000000e+00	0.000000000000e+00	0.000000000000e+00	
 101	DIS_F2R	5.000000000000e-02	3.460000000000e+00	0.000000000000e+00	9.597000000000e-01	5.800000000000e-03	1.919400000000e-03	2.000000000000e-01	0.000000000000e+00	0.000000000000e+00	9.597000000000e-04	1.000000000000e-01	0.000000000000e+00	0.000000000000e+00	0.000000000000e+00	0.000000000000e+00	
 102	DIS_F2R	5.000000000000e-02	4.460000000000e+00	0.000000000000e+00	9.551000000000e-01	6.900000000000e-03	9.551000000000e-04	1.000000000000e-01	0.000000000000e+00	0.000000000000e+00	9.551000000000e-04	1.000000000000e-01	0.000000000000e+00	0.000000000000e+00	0.000000000000e+00	0.000000000000e+00	
 103	DIS_F2R	5.000000000000e-02	5.460000000000e+00	0.000000000000e+00	9.577000000000e-01	8.500000000000e-03	9.577000000000e-04	1.000000000000e-01	0.000000000000e+00	0.000000000000e+00	9.577000000000e-04	1.000000000000e-01	0.000000000000e+00	0.000000000000e+00	0.000000000000e+00	0.000000000000e+00	
 104	DIS_F2R	5.000000000000e-02	6.900000000000e+00	0.000000000000e+00	9.682000000000e-01	7.600000000000e-03	9.682000000000e-04	1.000000000000e-01	0.000000000000e+00	0.000000000000e+00	9.682000000000e-04	1.000000000000e-01	0.000000000000e+00	0.000000000000e+00	0.000000000000e+00	0.000000000000e+00	
 105	DIS_F2R	5.000000000000e-02	8.930000000000e+00	0.000000000000e+00	9.578000000000e-01	9.700000000000e-03	1.915600000000e-03	2.000000000000e-01	0.000000000000e+00	0.000000000000e+00	9.578000000000e-04	1.000000000000e-01	0.000000000000e+00	0.000000000000e+00	0.000000000000e+00	0.000000000000e+00	
 106	DIS_F2R	5.000000000000e-02	1.144000000000e+01	0.000000000000e+00	9.532000000000e-01	8.700000000000e-03	9.532000000000e-04	1.000000000000e-01	0.000000000000e+00	0.000000000000e+00	0.000000000000e+00	0.000000000000e+00	0.000000000000e+00	0.000000000000e+00	0.000000000000e+00	0.000000000000e+00	
 107	DIS_F2R	5.000000000000e-02	1.482000000000e+01	0.000000000000e+00	9.698000000000e-01	9.000000000000e-03	9.698000000000e-04	1.000000000000e-01	0.000000000000e+00	0.000000000000e+00	9.698000000000e-04	1.000000000000e-01	0.000000000000e+00	0.000000000000e+00	0.000000000000e+00	0.000000000000e+00	
 108	DIS_F2R	5.000000000000e-02	1.919000000000e+01	0.000000000000e+00	9.635000000000e-01	1.190000000000e-02	9.635000000000e-04	1.000000000000e-01	0.000000000000e+00	0.000000000000e+00	1.927000000000e-03	2.000000000000e-01	0.000000000000e+00	0.000000000000e+00	0.000000000000e+00	0.000000000000e+00	
 109	DIS_F2R	7.000000000000e-02	6.800000000000e-01	0.000000000000e+00	9.488000000000e-01	4.380000000000e-02	1.897600000000e-03	2.000000000000e-01	-5.692800000000e-03	-6.000000000000e-01	9.488000000000e-04	1.000000000000e-01	-9.488000000000e-04	-1.000000000000e-01	9.488000000000e-04	1.000000000000e-01	
 110	DIS_F2R	7.000000000000e-02	8.600000000000e-01	0.000000000000e+00	9.595000000000e-01	3.440000000000e-02	1.919000000000e-03	2.000000000000e-01	-5.757000000000e-03	-6.000000000000e-01	9.595000000000e-04	1.000000000000e-01	-9.595000000000e-04	-1.000000000000e-01	9.595000000000e-04	1.000000000000e-01	
 111	DIS_F2R	7.000000000000e-02	1.110000000000e+00	0.000000000000e+00	1.001000000000e+00	5.420000000000e-02	2.002000000000e-03	2.000000000000e-01	-6.006000000000e-03	-6.000000000000e-01	1.001000000000e-03	1.000000000000e-01	-1.001000000000e-03	-1.000000000000e-01	-1.001000000000e-03	-1.000000000000e-01	
 112	DIS_F2R	7.000000000000e-02	1.380000000000e+00	0.000000000000e+00	9.810000000000e-01	1.970000000000e-02	1.962000000000e-03	2.000000000000e-01	-9.810000000000e-04	-1.000000000000e-01	9.810000000000e-04	1.000000000000e-01	0.000000000000e+00	0.000000000000e+00	9.810000000000e-04	1.000000000000e-01	
 113	DIS_F2R	7.000000000000e-02	1.740000000000e+00	0.000000000000e+00	9.710000000000e-01	1.170000000000e-02	2.913000000000e-03	3.000000000000e-01	0.000000000000e+00	0.000000000000e+00	9.710000000000e-04	1.000000000000e-01	0.000000000000e+00	0.000000000000e+00	0.000000000000e+00	0.000000000000e+00	
 114	DIS_F2R	7.000000000000e-02	2.240000000000e+00	0.000000000000e+00	9.477000000000e-01	1.110000000000e-02	1.895400000000e-03	2.000000000000e-01	0.000000000000e+00	0.000000000000e+00	9.477000000000e-04	1.000000000000e-01	0.000000000000e+00	0.000000000000e+00	0.000000000000e+00	0.000000000000e+00	
 115	DIS_F2R	7.000000000000e-02	2.750000000000e+00	0.000000000000e+00	9.449000000000e-01	9.600000000000e-03	1.889800000000e-03	2.000000000000e-01	-9.449000000000e-04	-1.000000000000e-01	9.449000000000e-04	1.000000000000e-01	0.000000000000e+00	0.000000000000e+00	0.000000000000e+00	0.000000000000e+00	
 116	DIS_F2R	7.000000000000e-02	3.470000000000e+00	0.000000000000e+00	9.486000000000e-01	6.900000000000e-03	1.897200000000e-03	2.000000000000e-01	0.000000000000e+00	0.000000000000e+00	9.486000000000e-04	1.000000000000e-01	0.000000000000e+00	0.000000000000e+00	0.000000000000e+00	0.000000000000e+00	
 117	DIS_F2R	7.000000000000e-02	4.470000000000e+00	0.000000000000e+00	9.370000000000e-01	7.900000000000e-03	1.874000000000e-03	2.000000000000e-01	0.000000000000e+00	0.000000000000e+00	0.000000000000e+00	0.000000000000e+00	0.000000000000e+00	0.000000000000e+00	0.000000000000e+00	0.000000000000e+00	
 118	DIS_F2R	7.000000000000e-02	5.470000000000e+00	0.000000000000e+00	9.450000000000e-01	9.500000000000e-03	9.450000000000e-04	1.000000000000e-01	0.000000000000e+00	0.000000000000e+00	0.000000000000e+00	0.000000000000e+00	0.000000000000e+00	0.000000000000e+00	0.000000000000e+00	0.000000000000e+00	
 119	DIS_F2R	7.000000000000e-02	6.910000000000e+00	0.000000000000e+00	9.367000000000e-01	8.200000000000e-03	1.873400000000e-03	2.000000000000e-01	0.000000000000e+00	0.000000000000e+00	0.000000000000e+00	0.000000000000e+00	0.000000000000e+00	0.000000000000e+00	0.000000000000e+00	0.000000000000e+00	
 120	DIS_F2R	7.000000000000e-02	8.910000000000e+00	0.000000000000e+00	9.394000000000e-01	1.050000000000e-02	1.878800000000e-03	2.000000000000e-01	0.000000000000e+00	0.000000000000e+00	0.000000000000e+00	0.000000000000e+00	0.000000000000e+00	0.000000000000e+00	0.000000000000e+00	0.000000000000e+00	
 121	DIS_F2R	7.000000000000e-02	1.140000000000e+01	0.000000000000e+00	9.328000000000e-01	1.050000000000e-02	1.865600000000e-03	2.000000000000e-01	0.000000000000e+00	0.000000000000e+00	0.000000000000e+00	0.000000000000e+00	0.000000000000e+00	0.000000000000e+00	0.000000000000e+00	0.000000000000e+00	
 122	DIS_F2R	7.000000000000e-02	1.489000000000e+01	0.000000000000e+00	9.432000000000e-01	1.030000000000e-02	9.432000000000e-04	1.000000000000e-01	0.000000000000e+00	0.000000000000e+00	9.432000000000e-04	1.000000000000e-01	0.000000000000e+00	0.000000000000e+00	0.000000000000e+00	0.000000000000e+00	
 123	DIS_F2R	7.000000000000e-02	1.963000000000e+01	0.000000000000e+00	9.371000000000e-01	1.030000000000e-02	9.371000000000e-04	1.000000000000e-01	0.000000000000e+00	0.000000000000e+00	9.371000000000e-04	1.000000000000e-01	0.000000000000e+00	0.000000000000e+00	0.000000000000e+00	0.000000000000e+00	
 124	DIS_F2R	7.000000000000e-02	2.607000000000e+01	0.000000000000e+00	9.592000000000e-01	1.570000000000e-02	9.592000000000e-04	1.000000000000e-01	0.000000000000e+00	0.000000000000e+00	1.918400000000e-03	2.000000000000e-01	0.000000000000e+00	0.000000000000e+00	0.000000000000e+00	0.000000000000e+00	
 125	DIS_F2R	9.000000000000e-02	9.000000000000e-01	0.000000000000e+00	9.678000000000e-01	5.400000000000e-02	1.935600000000e-03	2.000000000000e-01	-5.806800000000e-03	-6.000000000000e-01	9.678000000000e-04	1.000000000000e-01	-9.678000000000e-04	-1.000000000000e-01	9.678000000000e-04	1.000000000000e-01	
 126	DIS_F2R	9.000000000000e-02	1.110000000000e+00	0.000000000000e+00	9.351000000000e-01	5.370000000000e-02	1.870200000000e-03	2.000000000000e-01	-5.610600000000e-03	-6.000000000000e-01	9.351000000000e-04	1.000000000000e-01	-9.351000000000e-04	-1.000000000000e-01	9.351000000000e-04	1.000000000000e-01	
 127	DIS_F2R	9.000000000000e-02	1.380000000000e+00	0.000000000000e+00	9.385000000000e-01	2.810000000000e-02	2.815500000000e-03	3.000000000000e-01	-9.385000000000e-04	-1.000000000000e-01	9.385000000000e-04	1.000000000000e-01	-9.385000000000e-04	-1.000000000000e-01	9.385000000000e-04	1.000000000000e-01	
 128	DIS_F2R	9.000000000000e-02	1.760000000000e+00	0.000000000000e+00	9.413000000000e-01	1.400000000000e-02	2.823900000000e-03	3.000000000000e-01	0.000000000000e+00	0.000000000000e+00	9.413000000000e-04	1.000000000000e-01	-9.413000000000e-04	-1.000000000000e-01	9.413000000000e-04	1.000000000000e-01	
 129	DIS_F2R	9.000000000000e-02	2.240000000000e+00	0.000000000000e+00	9.313000000000e-01	1.360000000000e-02	1.862600000000e-03	2.000000000000e-01	0.000000000000e+00	0.000000000000e+00	9.313000000000e-04	1.000000000000e-01	0.000000000000e+00	0.000000000000e+00	9.313000000000e-04	1.000000000000e-01	
 130	DIS_F2R	9.000000000000e-02	2.750000000000e+00	0.000000000000e+00	9.445000000000e-01	1.240000000000e-02	1.889000000000e-03	2.000000000000e-01	-9.445000000000e-04	-1.000000000000e-01	9.445000000000e-04	1.000000000000e-01	0.000000000000e+00	0.000000000000e+00	0.000000000000e+00	0.000000000000e+00	
 131	DIS_F2R	9.000000000000e-02	3.490000000000e+00	0.000000000000e+00	9.360000000000e-01	8.200000000000e-03	1.872000000000e-03	2.000000000000e-01	-9.360000000000e-04	-1.000000000000e-01	9.360000000000e-04	1.000000000000e-01	0.000000000000e+00	0.000000000000e+00	0.000000000000e+00	0.000000000000e+00	
 132	DIS_F2R	9.000000000000e-02	4.470000000000e+00	0.000000000000e+00	9.397000000000e-01	8.900000000000e-03	1.879400000000e-03	2.000000000000e-01	-9.397000000000e-04	-1.000000000000e-01	0.000000000000e+00	0.000000000000e+00	0.000000000000e+00	0.000000000000e+00	0.000000000000e+00	0.000000000000e+00	
 133	DIS_F2R	9.000000000000e-02	5.460000000000e+00	0.000000000000e+00	9.420000000000e-01	1.060000000000e-02	9.420000000000e-04	1.000000000000e-01	-9.420000000000e-04	-1.000000000000e-01	0.000000000000e+00	0.000000000000e+00	0.000000000000e+00	0.000000000000e+00	0.000000000000e+00	0.000000000000e+00	
 134	DIS_F2R	9.000000000000e-02	6.910000000000e+00	0.000000000000e+00	9.245000000000e-01	9.200000000000e-03	1.849000000000e-03	2.000000000000e-01	0.000000000000e+00	0.000000000000e+00	0.000000000000e+00	0.000000000000e+00	0.000000000000e+00	0.000000000000e+00	0.000000000000e+00	0.000000000000e+00	
 135	DIS_F2R	9.000000000000e-02	8.920000000000e+00	0.000000000000e+00	9.218000000000e-01	1.140000000000e-02	9.218000000000e-04	1.000000000000e-01	0.000000000000e+00	0.000000000000e+00	0.000000000000e+00	0.000000000000e+00	0.000000000000e+00	0.000000000000e+00	0.000000000000e+00	0.000000000000e+00	
 136	DIS_F2R	9.000000000000e-02	1.137000000000e+01	0.000000000000e+00	9.254000000000e-01	1.150000000000e-02	1.850800000000e-03	2.000000000000e-01	0.000000000000e+00	0.000000000000e+00	0.000000000000e+00	0.000000000000e+00	0.000000000000e+00	0.000000000000e+00	0.000000000000e+00	0.000000000000e+00	
 137	DIS_F2R	9.000000000000e-02	1.487000000000e+01	0.000000000000e+00	9.291000000000e-01	1.160000000000e-02	9.291000000000e-04	1.000000000000e-01	0.000000000000e+00	0.000000000000e+00	0.000000000000e+00	0.000000000000e+00	0.000000000000e+00	0.000000000000e+00	0.000000000000e+00	0.000000000000e+00	
 138	DIS_F2R	9.000000000000e-02	1.974000000000e+01	0.000000000000e+00	9.319000000000e-01	1.140000000000e-02	9.319000000000e-04	1.000000000000e-01	0.000000000000e+00	0.000000000000e+00	9.319000000000e-04	1.000000000000e-01	0.000000000000e+00	0.000000000000e+00	0.000000000000e+00	0.000000000000e+00	
 139	DIS_F2R	9.000000000000e-02	2.636000000000e+01	0.000000000000e+00	9.554000000000e-01	1.470000000000e-02	9.554000000000e-04	1.000000000000e-01	0.000000000000e+00	0.000000000000e+00	9.554000000000e-04	1.000000000000e-01	0.000000000000e+00	0.000000000000e+00	0.000000000000e+00	0.000000000000e+00	
 140	DIS_F2R	9.000000000000e-02	3.474000000000e+01	0.000000000000e+00	9.233000000000e-01	2.220000000000e-02	9.233000000000e-04	1.000000000000e-01	0.000000000000e+00	0.000000000000e+00	1.846600000000e-03	2.000000000000e-01	0.000000000000e+00	0.000000000000e+00	0.000000000000e+00	0.000000000000e+00	
 141	DIS_F2R	1.100000000000e-01	1.130000000000e+00	0.000000000000e+00	9.264000000000e-01	6.800000000000e-02	1.852800000000e-03	2.000000000000e-01	-5.558400000000e-03	-6.000000000000e-01	9.264000000000e-04	1.000000000000e-01	-9.264000000000e-04	-1.000000000000e-01	1.852800000000e-03	2.000000000000e-01	
 142	DIS_F2R	1.100000000000e-01	1.380000000000e+00	0.000000000000e+00	9.005000000000e-01	3.060000000000e-02	2.701500000000e-03	3.000000000000e-01	-9.005000000000e-04	-1.000000000000e-01	9.005000000000e-04	1.000000000000e-01	-9.005000000000e-04	-1.000000000000e-01	9.005000000000e-04	1.000000000000e-01	
 143	DIS_F2R	1.100000000000e-01	1.750000000000e+00	0.000000000000e+00	9.227000000000e-01	1.690000000000e-02	2.768100000000e-03	3.000000000000e-01	0.000000000000e+00	0.000000000000e+00	9.227000000000e-04	1.000000000000e-01	-9.227000000000e-04	-1.000000000000e-01	9.227000000000e-04	1.000000000000e-01	
 144	DIS_F2R	1.100000000000e-01	2.240000000000e+00	0.000000000000e+00	9.150000000000e-01	1.510000000000e-02	2.745000000000e-03	3.000000000000e-01	0.000000000000e+00	0.000000000000e+00	9.150000000000e-04	1.000000000000e-01	-9.150000000000e-04	-1.000000000000e-01	9.150000000000e-04	1.000000000000e-01	
 145	DIS_F2R	1.100000000000e-01	2.740000000000e+00	0.000000000000e+00	9.292000000000e-01	1.530000000000e-02	2.787600000000e-03	3.000000000000e-01	0.000000000000e+00	0.000000000000e+00	9.292000000000e-04	1.000000000000e-01	0.000000000000e+00	0.000000000000e+00	9.292000000000e-04	1.000000000000e-01	
 146	DIS_F2R	1.100000000000e-01	3.490000000000e+00	0.000000000000e+00	9.205000000000e-01	9.700000000000e-03	1.841000000000e-03	2.000000000000e-01	-9.205000000000e-04	-1.000000000000e-01	9.205000000000e-04	1.000000000000e-01	0.000000000000e+00	0.000000000000e+00	9.205000000000e-04	1.000000000000e-01	
 147	DIS_F2R	1.100000000000e-01	4.470000000000e+00	0.000000000000e+00	9.114000000000e-01	9.800000000000e-03	1.822800000000e-03	2.000000000000e-01	-9.114000000000e-04	-1.000000000000e-01	0.000000000000e+00	0.000000000000e+00	-9.114000000000e-04	-1.000000000000e-01	9.114000000000e-04	1.000000000000e-01	
 148	DIS_F2R	1.100000000000e-01	5.460000000000e+00	0.000000000000e+00	9.409000000000e-01	1.170000000000e-02	1.881800000000e-03	2.000000000000e-01	-9.409000000000e-04	-1.000000000000e-01	0.000000000000e+00	0.000000000000e+00	0.000000000000e+00	0.000000000000e+00	9.409000000000e-04	1.000000000000e-01	
 149	DIS_F2R	1.100000000000e-01	6.900000000000e+00	0.000000000000e+00	9.291000000000e-01	1.020000000000e-02	1.858200000000e-03	2.000000000000e-01	0.000000000000e+00	0.000000000000e+00	0.000000000000e+00	0.000000000000e+00	0.000000000000e+00	0.000000000000e+00	0.000000000000e+00	0.000000000000e+00	
 150	DIS_F2R	1.100000000000e-01	8.920000000000e+00	0.000000000000e+00	9.266000000000e-01	1.270000000000e-02	9.266000000000e-04	1.000000000000e-01	0.000000000000e+00	0.000000000000e+00	0.000000000000e+00	0.000000000000e+00	0.000000000000e+00	0.000000000000e+00	0.000000000000e+00	0.000000000000e+00	
 151	DIS_F2R	1.100000000000e-01	1.137000000000e+01	0.000000000000e+00	9.263000000000e-01	1.260000000000e-02	1.852600000000e-03	2.000000000000e-01	0.000000000000e+00	0.000000000000e+00	0.000000000000e+00	0.000000000000e+00	0.000000000000e+00	0.000000000000e+00	0.000000000000e+00	0.000000000000e+00	
 152	DIS_F2R	1.100000000000e-01	1.485000000000e+01	0.000000000000e+00	9.272000000000e-01	1.300000000000e-02	1.854400000000e-03	2.000000000000e-01	0.000000000000e+00	0.000000000000e+00	0.000000000000e+00	0.000000000000e+00	0.000000000000e+00	0.000000000000e+00	0.000000000000e+00	0.000000000000e+00	
 153	DIS_F2R	1.100000000000e-01	1.974000000000e+01	0.000000000000e+00	9.123000000000e-01	1.240000000000e-02	9.123000000000e-04	1.000000000000e-01	0.000000000000e+00	0.000000000000e+00	0.000000000000e+00	0.000000000000e+00	0.000000000000e+00	0.000000000000e+00	0.000000000000e+00	0.000000000000e+00	
 154	DIS_F2R	1.100000000000e-01	2.652000000000e+01	0.000000000000e+00	9.272000000000e-01	1.470000000000e-02	9.272000000000e-04	1.000000000000e-01	0.000000000000e+00	0.000000000000e+00	0.000000000000e+00	0.000000000000e+00	0.000000000000e+00	0.000000000000e+00	0.000000000000e+00	0.000000000000e+00	
 155	DIS_F2R	1.100000000000e-01	3.532000000000e+01	0.000000000000e+00	9.050000000000e-01	2.090000000000e-02	9.050000000000e-04	1.000000000000e-01	0.000000000000e+00	0.000000000000e+00	9.050000000000e-04	1.000000000000e-01	0.000000000000e+00	0.000000000000e+00	0.000000000000e+00	0.000000000000e+00	
 156	DIS_F2R	1.100000000000e-01	4.494000000000e+01	0.000000000000e+00	9.039000000000e-01	3.450000000000e-02	9.039000000000e-04	1.000000000000e-01	0.000000000000e+00	0.000000000000e+00	1.807800000000e-03	2.000000000000e-01	0.000000000000e+00	0.000000000000e+00	0.000000000000e+00	0.000000000000e+00	
 157	DIS_F2R	1.400000000000e-01	1.400000000000e+00	0.000000000000e+00	9.140000000000e-01	3.100000000000e-02	2.742000000000e-03	3.000000000000e-01	9.140000000000e-04	1.000000000000e-01	9.140000000000e-04	1.000000000000e-01	-1.828000000000e-03	-2.000000000000e-01	1.828000000000e-03	2.000000000000e-01	
 158	DIS_F2R	1.400000000000e-01	1.750000000000e+00	0.000000000000e+00	9.427000000000e-01	1.430000000000e-02	2.828100000000e-03	3.000000000000e-01	0.000000000000e+00	0.000000000000e+00	9.427000000000e-04	1.000000000000e-01	-1.885400000000e-03	-2.000000000000e-01	1.885400000000e-03	2.000000000000e-01	
 159	DIS_F2R	1.400000000000e-01	2.240000000000e+00	0.000000000000e+00	9.056000000000e-01	1.270000000000e-02	2.716800000000e-03	3.000000000000e-01	0.000000000000e+00	0.000000000000e+00	9.056000000000e-04	1.000000000000e-01	-9.056000000000e-04	-1.000000000000e-01	9.056000000000e-04	1.000000000000e-01	
 160	DIS_F2R	1.400000000000e-01	2.740000000000e+00	0.000000000000e+00	9.223000000000e-01	1.250000000000e-02	2.766900000000e-03	3.000000000000e-01	0.000000000000e+00	0.000000000000e+00	9.223000000000e-04	1.000000000000e-01	-9.223000000000e-04	-1.000000000000e-01	9.223000000000e-04	1.000000000000e-01	
 161	DIS_F2R	1.400000000000e-01	3.470000000000e+00	0.000000000000e+00	8.966000000000e-01	9.000000000000e-03	1.793200000000e-03	2.000000000000e-01	0.000000000000e+00	0.000000000000e+00	8.966000000000e-04	1.000000000000e-01	-8.966000000000e-04	-1.000000000000e-01	8.966000000000e-04	1.000000000000e-01	
 162	DIS_F2R	1.400000000000e-01	4.480000000000e+00	0.000000000000e+00	9.132000000000e-01	8.700000000000e-03	1.826400000000e-03	2.000000000000e-01	-9.132000000000e-04	-1.000000000000e-01	0.000000000000e+00	0.000000000000e+00	-9.132000000000e-04	-1.000000000000e-01	9.132000000000e-04	1.000000000000e-01	
 163	DIS_F2R	1.400000000000e-01	5.470000000000e+00	0.000000000000e+00	9.242000000000e-01	9.500000000000e-03	1.848400000000e-03	2.000000000000e-01	-9.242000000000e-04	-1.000000000000e-01	0.000000000000e+00	0.000000000000e+00	-9.242000000000e-04	-1.000000000000e-01	9.242000000000e-04	1.000000000000e-01	
 164	DIS_F2R	1.400000000000e-01	6.900000000000e+00	0.000000000000e+00	9.212000000000e-01	8.100000000000e-03	1.842400000000e-03	2.000000000000e-01	-9.212000000000e-04	-1.000000000000e-01	0.000000000000e+00	0.000000000000e+00	-9.212000000000e-04	-1.000000000000e-01	9.212000000000e-04	1.000000000000e-01	
 165	DIS_F2R	1.400000000000e-01	8.920000000000e+00	0.000000000000e+00	9.147000000000e-01	1.000000000000e-02	9.147000000000e-04	1.000000000000e-01	0.000000000000e+00	0.000000000000e+00	0.000000000000e+00	0.000000000000e+00	0.000000000000e+00	0.000000000000e+00	9.147000000000e-04	1.000000000000e-01	
 166	DIS_F2R	1.400000000000e-01	1.137000000000e+01	0.000000000000e+00	8.981000000000e-01	9.700000000000e-03	1.796200000000e-03	2.000000000000e-01	0.000000000000e+00	0.000000000000e+00	0.000000000000e+00	0.000000000000e+00	0.000000000000e+00	0.000000000000e+00	0.000000000000e+00	0.000000000000e+00	
 167	DIS_F2R	1.400000000000e-01	1.484000000000e+01	0.000000000000e+00	9.068000000000e-01	1.010000000000e-02	1.813600000000e-03	2.000000000000e-01	0.000000000000e+00	0.000000000000e+00	0.000000000000e+00	0.000000000000e+00	0.000000000000e+00	0.000000000000e+00	0.000000000000e+00	0.000000000000e+00	
 168	DIS_F2R	1.400000000000e-01	1.976000000000e+01	0.000000000000e+00	9.018000000000e-01	9.800000000000e-03	9.018000000000e-04	1.000000000000e-01	0.000000000000e+00	0.000000000000e+00	0.000000000000e+00	0.000000000000e+00	0.000000000000e+00	0.000000000000e+00	0.000000000000e+00	0.000000000000e+00	
 169	DIS_F2R	1.400000000000e-01	2.655000000000e+01	0.000000000000e+00	8.924000000000e-01	1.100000000000e-02	8.924000000000e-04	1.000000000000e-01	0.000000000000e+00	0.000000000000e+00	0.000000000000e+00	0.000000000000e+00	0.000000000000e+00	0.000000000000e+00	0.000000000000e+00	0.000000000000e+00	
 170	DIS_F2R	1.400000000000e-01	3.528000000000e+01	0.000000000000e+00	9.050000000000e-01	1.490000000000e-02	9.050000000000e-04	1.000000000000e-01	0.000000000000e+00	0.000000000000e+00	0.000000000000e+00	0.000000000000e+00	0.000000000000e+00	0.000000000000e+00	0.000000000000e+00	0.000000000000e+00	
 171	DIS_F2R	1.400000000000e-01	4.695000000000e+01	0.000000000000e+00	8.453000000000e-01	1.910000000000e-02	8.453000000000e-04	1.000000000000e-01	0.000000000000e+00	0.000000000000e+00	8.453000000000e-04	1.000000000000e-01	0.000000000000e+00	0.000000000000e+00	0.000000000000e+00	0.000000000000e+00	
 172	DIS_F2R	1.800000000000e-01	1.820000000000e+00	0.000000000000e+00	8.859000000000e-01	1.930000000000e-02	2.657700000000e-03	3.000000000000e-01	2.657700000000e-03	3.000000000000e-01	8.859000000000e-04	1.000000000000e-01	-1.771800000000e-03	-2.000000000000e-01	2.657700000000e-03	3.000000000000e-01	
 173	DIS_F2R	1.800000000000e-01	2.240000000000e+00	0.000000000000e+00	8.781000000000e-01	1.460000000000e-02	2.634300000000e-03	3.000000000000e-01	8.781000000000e-04	1.000000000000e-01	0.000000000000e+00	0.000000000000e+00	-1.756200000000e-03	-2.000000000000e-01	1.756200000000e-03	2.000000000000e-01	
 174	DIS_F2R	1.800000000000e-01	2.750000000000e+00	0.000000000000e+00	9.173000000000e-01	1.500000000000e-02	2.751900000000e-03	3.000000000000e-01	0.000000000000e+00	0.000000000000e+00	0.000000000000e+00	0.000000000000e+00	-1.834600000000e-03	-2.000000000000e-01	1.834600000000e-03	2.000000000000e-01	
 175	DIS_F2R	1.800000000000e-01	3.470000000000e+00	0.000000000000e+00	8.983000000000e-01	1.060000000000e-02	1.796600000000e-03	2.000000000000e-01	-8.983000000000e-04	-1.000000000000e-01	0.000000000000e+00	0.000000000000e+00	-8.983000000000e-04	-1.000000000000e-01	8.983000000000e-04	1.000000000000e-01	
 176	DIS_F2R	1.800000000000e-01	4.470000000000e+00	0.000000000000e+00	8.811000000000e-01	1.170000000000e-02	1.762200000000e-03	2.000000000000e-01	-8.811000000000e-04	-1.000000000000e-01	0.000000000000e+00	0.000000000000e+00	-8.811000000000e-04	-1.000000000000e-01	8.811000000000e-04	1.000000000000e-01	
 177	DIS_F2R	1.800000000000e-01	5.490000000000e+00	0.000000000000e+00	9.134000000000e-01	1.200000000000e-02	1.826800000000e-03	2.000000000000e-01	-9.134000000000e-04	-1.000000000000e-01	0.000000000000e+00	0.000000000000e+00	-9.134000000000e-04	-1.000000000000e-01	9.134000000000e-04	1.000000000000e-01	
 178	DIS_F2R	1.800000000000e-01	6.920000000000e+00	0.000000000000e+00	8.869000000000e-01	9.300000000000e-03	1.773800000000e-03	2.000000000000e-01	-8.869000000000e-04	-1.000000000000e-01	0.000000000000e+00	0.000000000000e+00	-8.869000000000e-04	-1.000000000000e-01	8.869000000000e-04	1.000000000000e-01	
 179	DIS_F2R	1.800000000000e-01	8.930000000000e+00	0.000000000000e+00	8.622000000000e-01	1.080000000000e-02	1.724400000000e-03	2.000000000000e-01	-8.622000000000e-04	-1.000000000000e-01	0.000000000000e+00	0.000000000000e+00	-8.622000000000e-04	-1.000000000000e-01	8.622000000000e-04	1.000000000000e-01	
 180	DIS_F2R	1.800000000000e-01	1.137000000000e+01	0.000000000000e+00	8.676000000000e-01	1.090000000000e-02	1.735200000000e-03	2.000000000000e-01	0.000000000000e+00	0.000000000000e+00	0.000000000000e+00	0.000000000000e+00	-8.676000000000e-04	-1.000000000000e-01	8.676000000000e-04	1.000000000000e-01	
 181	DIS_F2R	1.800000000000e-01	1.485000000000e+01	0.000000000000e+00	8.787000000000e-01	1.140000000000e-02	1.757400000000e-03	2.000000000000e-01	0.000000000000e+00	0.000000000000e+00	0.000000000000e+00	0.000000000000e+00	-8.787000000000e-04	-1.000000000000e-01	8.787000000000e-04	1.000000000000e-01	
 182	DIS_F2R	1.800000000000e-01	1.975000000000e+01	0.000000000000e+00	8.620000000000e-01	1.080000000000e-02	8.620000000000e-04	1.000000000000e-01	0.000000000000e+00	0.000000000000e+00	0.000000000000e+00	0.000000000000e+00	-8.620000000000e-04	-1.000000000000e-01	8.620000000000e-04	1.000000000000e-01	
 183	DIS_F2R	1.800000000000e-01	2.661000000000e+01	0.000000000000e+00	8.684000000000e-01	1.220000000000e-02	8.684000000000e-04	1.000000000000e-01	0.000000000000e+00	0.000000000000e+00	0.000000000000e+00	0.000000000000e+00	0.000000000000e+00	0.000000000000e+00	8.684000000000e-04	1.000000000000e-01	
 184	DIS_F2R	1.800000000000e-01	3.537000000000e+01	0.000000000000e+00	8.641000000000e-01	1.530000000000e-02	8.641000000000e-04	1.000000000000e-01	0.000000000000e+00	0.000000000000e+00	0.000000000000e+00	0.000000000000e+00	0.000000000000e+00	0.000000000000e+00	8.641000000000e-04	1.000000000000e-01	
 185	DIS_F2R	1.800000000000e-01	4.701000000000e+01	0.000000000000e+00	8.715000000000e-01	2.020000000000e-02	8.715000000000e-04	1.000000000000e-01	0.000000000000e+00	0.000000000000e+00	0.000000000000e+00	0.000000000000e+00	0.000000000000e+00	0.000000000000e+00	0.000000000000e+00	0.000000000000e+00	
 186	DIS_F2R	1.800000000000e-01	6.304000000000e+01	0.000000000000e+00	8.970000000000e-01	2.970000000000e-02	8.970000000000e-04	1.000000000000e-01	0.000000000000e+00	0.000000000000e+00	8.970000000000e-04	1.000000000000e-01	0.000000000000e+00	0.000000000000e+00	0.000000000000e+00	0.000000000000e+00	
 187	DIS_F2R	2.250000000000e-01	2.280000000000e+00	0.000000000000e+00	8.552000000000e-01	1.720000000000e-02	2.565600000000e-03	3.000000000000e-01	2.565600000000e-03	3.000000000000e-01	0.000000000000e+00	0.000000000000e+00	-2.565600000000e-03	-3.000000000000e-01	2.565600000000e-03	3.000000000000e-01	
 188	DIS_F2R	2.250000000000e-01	2.740000000000e+00	0.000000000000e+00	8.761000000000e-01	1.610000000000e-02	1.752200000000e-03	2.000000000000e-01	8.761000000000e-04	1.000000000000e-01	0.000000000000e+00	0.000000000000e+00	-2.628300000000e-03	-3.000000000000e-01	2.628300000000e-03	3.000000000000e-01	
 189	DIS_F2R	2.250000000000e-01	3.480000000000e+00	0.000000000000e+00	8.714000000000e-01	1.090000000000e-02	1.742800000000e-03	2.000000000000e-01	0.000000000000e+00	0.000000000000e+00	0.000000000000e+00	0.000000000000e+00	-1.742800000000e-03	-2.000000000000e-01	1.742800000000e-03	2.000000000000e-01	
 190	DIS_F2R	2.250000000000e-01	4.470000000000e+00	0.000000000000e+00	8.702000000000e-01	1.210000000000e-02	1.740400000000e-03	2.000000000000e-01	-8.702000000000e-04	-1.000000000000e-01	0.000000000000e+00	0.000000000000e+00	-8.702000000000e-04	-1.000000000000e-01	1.740400000000e-03	2.000000000000e-01	
 191	DIS_F2R	2.250000000000e-01	5.470000000000e+00	0.000000000000e+00	8.445000000000e-01	1.370000000000e-02	1.689000000000e-03	2.000000000000e-01	-8.445000000000e-04	-1.000000000000e-01	0.000000000000e+00	0.000000000000e+00	-8.445000000000e-04	-1.000000000000e-01	8.445000000000e-04	1.000000000000e-01	
 192	DIS_F2R	2.250000000000e-01	6.970000000000e+00	0.000000000000e+00	8.607000000000e-01	1.010000000000e-02	1.721400000000e-03	2.000000000000e-01	-8.607000000000e-04	-1.000000000000e-01	0.000000000000e+00	0.000000000000e+00	-8.607000000000e-04	-1.000000000000e-01	1.721400000000e-03	2.000000000000e-01	
 193	DIS_F2R	2.250000000000e-01	8.930000000000e+00	0.000000000000e+00	8.464000000000e-01	1.120000000000e-02	1.692800000000e-03	2.000000000000e-01	-8.464000000000e-04	-1.000000000000e-01	0.000000000000e+00	0.000000000000e+00	-8.464000000000e-04	-1.000000000000e-01	8.464000000000e-04	1.000000000000e-01	
 194	DIS_F2R	2.250000000000e-01	1.138000000000e+01	0.000000000000e+00	8.534000000000e-01	1.120000000000e-02	1.706800000000e-03	2.000000000000e-01	0.000000000000e+00	0.000000000000e+00	0.000000000000e+00	0.000000000000e+00	-8.534000000000e-04	-1.000000000000e-01	8.534000000000e-04	1.000000000000e-01	
 195	DIS_F2R	2.250000000000e-01	1.485000000000e+01	0.000000000000e+00	8.549000000000e-01	1.160000000000e-02	1.709800000000e-03	2.000000000000e-01	0.000000000000e+00	0.000000000000e+00	0.000000000000e+00	0.000000000000e+00	-8.549000000000e-04	-1.000000000000e-01	8.549000000000e-04	1.000000000000e-01	
 196	DIS_F2R	2.250000000000e-01	1.974000000000e+01	0.000000000000e+00	8.617000000000e-01	1.120000000000e-02	8.617000000000e-04	1.000000000000e-01	0.000000000000e+00	0.000000000000e+00	0.000000000000e+00	0.000000000000e+00	-8.617000000000e-04	-1.000000000000e-01	8.617000000000e-04	1.000000000000e-01	
 197	DIS_F2R	2.250000000000e-01	2.664000000000e+01	0.000000000000e+00	8.651000000000e-01	1.260000000000e-02	8.651000000000e-04	1.000000000000e-01	0.000000000000e+00	0.000000000000e+00	0.000000000000e+00	0.000000000000e+00	-8.651000000000e-04	-1.000000000000e-01	8.651000000000e-04	1.000000000000e-01	
 198	DIS_F2R	2.250000000000e-01	3.542000000000e+01	0.000000000000e+00	8.670000000000e-01	1.550000000000e-02	8.670000000000e-04	1.000000000000e-01	0.000000000000e+00	0.000000000000e+00	0.000000000000e+00	0.000000000000e+00	-8.670000000000e-04	-1.000000000000e-01	8.670000000000e-04	1.000000000000e-01	
 199	DIS_F2R	2.250000000000e-01	4.695000000000e+01	0.000000000000e+00	8.343000000000e-01	1.860000000000e-02	8.343000000000e-04	1.000000000000e-01	0.000000000000e+00	0.000000000000e+00	0.000000000000e+00	0.000000000000e+00	0.000000000000e+00	0.000000000000e+00	8.343000000000e-04	1.000000000000e-01	
 200	DIS_F2R	2.250000000000e-01	6.323000000000e+01	0.000000000000e+00	8.218000000000e-01	2.480000000000e-02	8.218000000000e-04	1.000000000000e-01	0.000000000000e+00	0.000000000000e+00	0.000000000000e+00	0.000000000000e+00	0.000000000000e+00	0.000000000000e+00	8.218000000000e-04	1.000000000000e-01	
 201	DIS_F2R	2.750000000000e-01	2.780000000000e+00	0.000000000000e+00	8.219000000000e-01	2.030000000000e-02	1.643800000000e-03	2.000000000000e-01	4.109500000000e-03	5.000000000000e-01	0.000000000000e+00	0.000000000000e+00	-3.287600000000e-03	-4.000000000000e-01	4.109500000000e-03	5.000000000000e-01	
 202	DIS_F2R	2.750000000000e-01	3.460000000000e+00	0.000000000000e+00	8.637000000000e-01	1.550000000000e-02	1.727400000000e-03	2.000000000000e-01	8.637000000000e-04	1.000000000000e-01	0.000000000000e+00	0.000000000000e+00	-3.454800000000e-03	-4.000000000000e-01	3.454800000000e-03	4.000000000000e-01	
 203	DIS_F2R	2.750000000000e-01	4.470000000000e+00	0.000000000000e+00	8.542000000000e-01	1.410000000000e-02	1.708400000000e-03	2.000000000000e-01	0.000000000000e+00	0.000000000000e+00	0.000000000000e+00	0.000000000000e+00	-1.708400000000e-03	-2.000000000000e-01	1.708400000000e-03	2.000000000000e-01	
 204	DIS_F2R	2.750000000000e-01	5.470000000000e+00	0.000000000000e+00	8.505000000000e-01	1.630000000000e-02	1.701000000000e-03	2.000000000000e-01	-8.505000000000e-04	-1.000000000000e-01	0.000000000000e+00	0.000000000000e+00	-1.701000000000e-03	-2.000000000000e-01	1.701000000000e-03	2.000000000000e-01	
 205	DIS_F2R	2.750000000000e-01	6.890000000000e+00	0.000000000000e+00	8.302000000000e-01	1.420000000000e-02	1.660400000000e-03	2.000000000000e-01	-8.302000000000e-04	-1.000000000000e-01	0.000000000000e+00	0.000000000000e+00	-8.302000000000e-04	-1.000000000000e-01	1.660400000000e-03	2.000000000000e-01	
 206	DIS_F2R	2.750000000000e-01	8.940000000000e+00	0.000000000000e+00	8.377000000000e-01	1.340000000000e-02	1.675400000000e-03	2.000000000000e-01	0.000000000000e+00	0.000000000000e+00	0.000000000000e+00	0.000000000000e+00	-1.675400000000e-03	-2.000000000000e-01	1.675400000000e-03	2.000000000000e-01	
 207	DIS_F2R	2.750000000000e-01	1.137000000000e+01	0.000000000000e+00	8.202000000000e-01	1.280000000000e-02	1.640400000000e-03	2.000000000000e-01	0.000000000000e+00	0.000000000000e+00	0.000000000000e+00	0.000000000000e+00	-8.202000000000e-04	-1.000000000000e-01	8.202000000000e-04	1.000000000000e-01	
 208	DIS_F2R	2.750000000000e-01	1.487000000000e+01	0.000000000000e+00	8.459000000000e-01	1.350000000000e-02	1.691800000000e-03	2.000000000000e-01	0.000000000000e+00	0.000000000000e+00	0.000000000000e+00	0.000000000000e+00	-8.459000000000e-04	-1.000000000000e-01	8.459000000000e-04	1.000000000000e-01	
 209	DIS_F2R	2.750000000000e-01	1.974000000000e+01	0.000000000000e+00	8.269000000000e-01	1.270000000000e-02	8.269000000000e-04	1.000000000000e-01	0.000000000000e+00	0.000000000000e+00	0.000000000000e+00	0.000000000000e+00	-8.269000000000e-04	-1.000000000000e-01	8.269000000000e-04	1.000000000000e-01	
 210	DIS_F2R	2.750000000000e-01	2.660000000000e+01	0.000000000000e+00	8.334000000000e-01	1.400000000000e-02	8.334000000000e-04	1.000000000000e-01	0.000000000000e+00	0.000000000000e+00	0.000000000000e+00	0.000000000000e+00	-8.334000000000e-04	-1.000000000000e-01	8.334000000000e-04	1.000000000000e-01	
 211	DIS_F2R	2.750000000000e-01	3.543000000000e+01	0.000000000000e+00	8.320000000000e-01	1.690000000000e-02	8.320000000000e-04	1.000000000000e-01	0.000000000000e+00	0.000000000000e+00	0.000000000000e+00	0.000000000000e+00	-8.320000000000e-04	-1.000000000000e-01	8.320000000000e-04	1.000000000000e-01	
 212	DIS_F2R	2.750000000000e-01	4.698000000000e+01	0.000000000000e+00	8.444000000000e-01	2.140000000000e-02	8.444000000000e-04	1.000000000000e-01	0.000000000000e+00	0.000000000000e+00	0.000000000000e+00	0.000000000000e+00	-8.444000000000e-04	-1.000000000000e-01	8.444000000000e-04	1.000000000000e-01	
 213	DIS_F2R	2.750000000000e-01	6.348000000000e+01	0.000000000000e+00	8.104000000000e-01	2.650000000000e-02	8.104000000000e-04	1.000000000000e-01	0.000000000000e+00	0.000000000000e+00	0.000000000000e+00	0.000000000000e+00	0.000000000000e+00	0.000000000000e+00	8.104000000000e-04	1.000000000000e-01	
 214	DIS_F2R	2.750000000000e-01	9.068000000000e+01	0.000000000000e+00	8.027000000000e-01	3.490000000000e-02	8.027000000000e-04	1.000000000000e-01	0.000000000000e+00	0.000000000000e+00	8.027000000000e-04	1.000000000000e-01	0.000000000000e+00	0.000000000000e+00	0.000000000000e+00	0.000000000000e+00	
 215	DIS_F2R	3.500000000000e-01	3.570000000000e+00	0.000000000000e+00	8.205000000000e-01	1.580000000000e-02	1.641000000000e-03	2.000000000000e-01	4.102500000000e-03	5.000000000000e-01	0.000000000000e+00	0.000000000000e+00	-4.923000000000e-03	-6.000000000000e-01	4.923000000000e-03	6.000000000000e-01	
 216	DIS_F2R	3.500000000000e-01	4.510000000000e+00	0.000000000000e+00	7.953000000000e-01	1.340000000000e-02	1.590600000000e-03	2.000000000000e-01	1.590600000000e-03	2.000000000000e-01	0.000000000000e+00	0.000000000000e+00	-2.385900000000e-03	-3.000000000000e-01	3.181200000000e-03	4.000000000000e-01	
 217	DIS_F2R	3.500000000000e-01	5.480000000000e+00	0.000000000000e+00	8.332000000000e-01	1.430000000000e-02	1.666400000000e-03	2.000000000000e-01	0.000000000000e+00	0.000000000000e+00	0.000000000000e+00	0.000000000000e+00	-2.499600000000e-03	-3.000000000000e-01	2.499600000000e-03	3.000000000000e-01	
 218	DIS_F2R	3.500000000000e-01	6.900000000000e+00	0.000000000000e+00	7.939000000000e-01	1.200000000000e-02	1.587800000000e-03	2.000000000000e-01	0.000000000000e+00	0.000000000000e+00	0.000000000000e+00	0.000000000000e+00	-1.587800000000e-03	-2.000000000000e-01	2.381700000000e-03	3.000000000000e-01	
 219	DIS_F2R	3.500000000000e-01	8.910000000000e+00	0.000000000000e+00	8.222000000000e-01	1.650000000000e-02	8.222000000000e-04	1.000000000000e-01	0.000000000000e+00	0.000000000000e+00	0.000000000000e+00	0.000000000000e+00	-1.644400000000e-03	-2.000000000000e-01	1.644400000000e-03	2.000000000000e-01	
 220	DIS_F2R	3.500000000000e-01	1.143000000000e+01	0.000000000000e+00	8.188000000000e-01	1.180000000000e-02	1.637600000000e-03	2.000000000000e-01	0.000000000000e+00	0.000000000000e+00	0.000000000000e+00	0.000000000000e+00	-1.637600000000e-03	-2.000000000000e-01	1.637600000000e-03	2.000000000000e-01	
 221	DIS_F2R	3.500000000000e-01	1.485000000000e+01	0.000000000000e+00	7.828000000000e-01	1.130000000000e-02	1.565600000000e-03	2.000000000000e-01	0.000000000000e+00	0.000000000000e+00	0.000000000000e+00	0.000000000000e+00	-1.565600000000e-03	-2.000000000000e-01	1.565600000000e-03	2.000000000000e-01	
 222	DIS_F2R	3.500000000000e-01	1.974000000000e+01	0.000000000000e+00	7.920000000000e-01	1.090000000000e-02	7.920000000000e-04	1.000000000000e-01	0.000000000000e+00	0.000000000000e+00	0.000000000000e+00	0.000000000000e+00	-1.584000000000e-03	-2.000000000000e-01	1.584000000000e-03	2.000000000000e-01	
 223	DIS_F2R	3.500000000000e-01	2.663000000000e+01	0.000000000000e+00	8.055000000000e-01	1.200000000000e-02	8.055000000000e-04	1.000000000000e-01	0.000000000000e+00	0.000000000000e+00	0.000000000000e+00	0.000000000000e+00	-8.055000000000e-04	-1.000000000000e-01	1.611000000000e-03	2.000000000000e-01	
 224	DIS_F2R	3.500000000000e-01	3.545000000000e+01	0.000000000000e+00	8.197000000000e-01	1.470000000000e-02	8.197000000000e-04	1.000000000000e-01	0.000000000000e+00	0.000000000000e+00	0.000000000000e+00	0.000000000000e+00	-8.197000000000e-04	-1.000000000000e-01	8.197000000000e-04	1.000000000000e-01	
 225	DIS_F2R	3.500000000000e-01	4.712000000000e+01	0.000000000000e+00	7.620000000000e-01	1.620000000000e-02	7.620000000000e-04	1.000000000000e-01	0.000000000000e+00	0.000000000000e+00	0.000000000000e+00	0.000000000000e+00	-7.620000000000e-04	-1.000000000000e-01	7.620000000000e-04	1.000000000000e-01	
 226	DIS_F2R	3.500000000000e-01	6.352000000000e+01	0.000000000000e+00	7.732000000000e-01	2.130000000000e-02	7.732000000000e-04	1.000000000000e-01	0.000000000000e+00	0.000000000000e+00	0.000000000000e+00	0.000000000000e+00	0.000000000000e+00	0.000000000000e+00	7.732000000000e-04	1.000000000000e-01	
 227	DIS_F2R	3.500000000000e-01	9.635000000000e+01	0.000000000000e+00	7.614000000000e-01	2.530000000000e-02	7.614000000000e-04	1.000000000000e-01	0.000000000000e+00	0.000000000000e+00	7.614000000000e-04	1.000000000000e-01	0.000000000000e+00	0.000000000000e+00	7.614000000000e-04	1.000000000000e-01	
 228	DIS_F2R	4.500000000000e-01	4.540000000000e+00	0.000000000000e+00	7.771000000000e-01	2.420000000000e-02	1.554200000000e-03	2.000000000000e-01	5.439700000000e-03	7.000000000000e-01	0.000000000000e+00	0.000000000000e+00	-5.439700000000e-03	-7.000000000000e-01	5.439700000000e-03	7.000000000000e-01	
 229	DIS_F2R	4.500000000000e-01	5.470000000000e+00	0.000000000000e+00	7.608000000000e-01	2.450000000000e-02	1.521600000000e-03	2.000000000000e-01	3.043200000000e-03	4.000000000000e-01	0.000000000000e+00	0.000000000000e+00	-3.804000000000e-03	-5.000000000000e-01	4.564800000000e-03	6.000000000000e-01	
 230	DIS_F2R	4.500000000000e-01	6.930000000000e+00	0.000000000000e+00	7.698000000000e-01	1.610000000000e-02	1.539600000000e-03	2.000000000000e-01	1.539600000000e-03	2.000000000000e-01	0.000000000000e+00	0.000000000000e+00	-2.309400000000e-03	-3.000000000000e-01	3.079200000000e-03	4.000000000000e-01	
 231	DIS_F2R	4.500000000000e-01	8.920000000000e+00	0.000000000000e+00	7.793000000000e-01	2.110000000000e-02	7.793000000000e-04	1.000000000000e-01	7.793000000000e-04	1.000000000000e-01	0.000000000000e+00	0.000000000000e+00	-2.337900000000e-03	-3.000000000000e-01	2.337900000000e-03	3.000000000000e-01	
 232	DIS_F2R	4.500000000000e-01	1.134000000000e+01	0.000000000000e+00	7.754000000000e-01	2.270000000000e-02	7.754000000000e-04	1.000000000000e-01	7.754000000000e-04	1.000000000000e-01	0.000000000000e+00	0.000000000000e+00	-1.550800000000e-03	-2.000000000000e-01	1.550800000000e-03	2.000000000000e-01	
 233	DIS_F2R	4.500000000000e-01	1.489000000000e+01	0.000000000000e+00	7.626000000000e-01	1.580000000000e-02	1.525200000000e-03	2.000000000000e-01	1.525200000000e-03	2.000000000000e-01	0.000000000000e+00	0.000000000000e+00	-2.287800000000e-03	-3.000000000000e-01	2.287800000000e-03	3.000000000000e-01	
 234	DIS_F2R	4.500000000000e-01	1.977000000000e+01	0.000000000000e+00	7.529000000000e-01	1.460000000000e-02	7.529000000000e-04	1.000000000000e-01	7.529000000000e-04	1.000000000000e-01	0.000000000000e+00	0.000000000000e+00	-1.505800000000e-03	-2.000000000000e-01	1.505800000000e-03	2.000000000000e-01	
 235	DIS_F2R	4.500000000000e-01	2.664000000000e+01	0.000000000000e+00	7.705000000000e-01	1.600000000000e-02	7.705000000000e-04	1.000000000000e-01	7.705000000000e-04	1.000000000000e-01	0.000000000000e+00	0.000000000000e+00	-1.541000000000e-03	-2.000000000000e-01	1.541000000000e-03	2.000000000000e-01	
 236	DIS_F2R	4.500000000000e-01	3.550000000000e+01	0.000000000000e+00	7.474000000000e-01	1.870000000000e-02	7.474000000000e-04	1.000000000000e-01	7.474000000000e-04	1.000000000000e-01	0.000000000000e+00	0.000000000000e+00	-7.474000000000e-04	-1.000000000000e-01	1.494800000000e-03	2.000000000000e-01	
 237	DIS_F2R	4.500000000000e-01	4.726000000000e+01	0.000000000000e+00	7.575000000000e-01	2.220000000000e-02	7.575000000000e-04	1.000000000000e-01	0.000000000000e+00	0.000000000000e+00	0.000000000000e+00	0.000000000000e+00	-7.575000000000e-04	-1.000000000000e-01	7.575000000000e-04	1.000000000000e-01	
 238	DIS_F2R	4.500000000000e-01	6.365000000000e+01	0.000000000000e+00	7.632000000000e-01	2.810000000000e-02	7.632000000000e-04	1.000000000000e-01	0.000000000000e+00	0.000000000000e+00	0.000000000000e+00	0.000000000000e+00	-7.632000000000e-04	-1.000000000000e-01	7.632000000000e-04	1.000000000000e-01	
 239	DIS_F2R	4.500000000000e-01	9.805000000000e+01	0.000000000000e+00	7.254000000000e-01	2.960000000000e-02	7.254000000000e-04	1.000000000000e-01	0.000000000000e+00	0.000000000000e+00	7.254000000000e-04	1.000000000000e-01	0.000000000000e+00	0.000000000000e+00	7.254000000000e-04	1.000000000000e-01	
 240	DIS_F2R	5.500000000000e-01	5.530000000000e+00	0.000000000000e+00	7.209000000000e-01	3.560000000000e-02	1.441800000000e-03	2.000000000000e-01	5.767200000000e-03	8.000000000000e-01	7.209000000000e-04	1.000000000000e-01	-2.883600000000e-03	-4.000000000000e-01	2.883600000000e-03	4.000000000000e-01	
 241	DIS_F2R	5.500000000000e-01	6.880000000000e+00	0.000000000000e+00	7.323000000000e-01	2.960000000000e-02	1.464600000000e-03	2.000000000000e-01	3.661500000000e-03	5.000000000000e-01	7.323000000000e-04	1.000000000000e-01	-2.196900000000e-03	-3.000000000000e-01	2.929200000000e-03	4.000000000000e-01	
 242	DIS_F2R	5.500000000000e-01	8.910000000000e+00	0.000000000000e+00	7.442000000000e-01	2.800000000000e-02	7.442000000000e-04	1.000000000000e-01	2.976800000000e-03	4.000000000000e-01	7.442000000000e-04	1.000000000000e-01	-1.488400000000e-03	-2.000000000000e-01	2.232600000000e-03	3.000000000000e-01	
 243	DIS_F2R	5.500000000000e-01	1.134000000000e+01	0.000000000000e+00	7.280000000000e-01	3.000000000000e-02	7.280000000000e-04	1.000000000000e-01	2.184000000000e-03	3.000000000000e-01	7.280000000000e-04	1.000000000000e-01	-1.456000000000e-03	-2.000000000000e-01	1.456000000000e-03	2.000000000000e-01	
 244	DIS_F2R	5.500000000000e-01	1.485000000000e+01	0.000000000000e+00	7.345000000000e-01	2.820000000000e-02	1.469000000000e-03	2.000000000000e-01	2.938000000000e-03	4.000000000000e-01	7.345000000000e-04	1.000000000000e-01	-1.469000000000e-03	-2.000000000000e-01	1.469000000000e-03	2.000000000000e-01	
 245	DIS_F2R	5.500000000000e-01	1.974000000000e+01	0.000000000000e+00	7.419000000000e-01	2.050000000000e-02	7.419000000000e-04	1.000000000000e-01	2.225700000000e-03	3.000000000000e-01	7.419000000000e-04	1.000000000000e-01	-1.483800000000e-03	-2.000000000000e-01	1.483800000000e-03	2.000000000000e-01	
 246	DIS_F2R	5.500000000000e-01	2.664000000000e+01	0.000000000000e+00	7.263000000000e-01	2.160000000000e-02	7.263000000000e-04	1.000000000000e-01	1.452600000000e-03	2.000000000000e-01	0.000000000000e+00	0.000000000000e+00	-1.452600000000e-03	-2.000000000000e-01	1.452600000000e-03	2.000000000000e-01	
 247	DIS_F2R	5.500000000000e-01	3.557000000000e+01	0.000000000000e+00	7.281000000000e-01	2.670000000000e-02	7.281000000000e-04	1.000000000000e-01	7.281000000000e-04	1.000000000000e-01	0.000000000000e+00	0.000000000000e+00	-1.456200000000e-03	-2.000000000000e-01	1.456200000000e-03	2.000000000000e-01	
 248	DIS_F2R	5.500000000000e-01	4.716000000000e+01	0.000000000000e+00	7.641000000000e-01	3.310000000000e-02	7.641000000000e-04	1.000000000000e-01	7.641000000000e-04	1.000000000000e-01	0.000000000000e+00	0.000000000000e+00	-7.641000000000e-04	-1.000000000000e-01	1.528200000000e-03	2.000000000000e-01	
 249	DIS_F2R	5.500000000000e-01	6.356000000000e+01	0.000000000000e+00	6.626000000000e-01	3.450000000000e-02	6.626000000000e-04	1.000000000000e-01	0.000000000000e+00	0.000000000000e+00	0.000000000000e+00	0.000000000000e+00	-6.626000000000e-04	-1.000000000000e-01	6.626000000000e-04	1.000000000000e-01	
 250	DIS_F2R	5.500000000000e-01	9.882000000000e+01	0.000000000000e+00	7.622000000000e-01	4.580000000000e-02	7.622000000000e-04	1.000000000000e-01	0.000000000000e+00	0.000000000000e+00	0.000000000000e+00	0.000000000000e+00	-7.622000000000e-04	-1.000000000000e-01	7.622000000000e-04	1.000000000000e-01	
 251	DIS_F2R	6.750000000000e-01	7.040000000000e+00	0.000000000000e+00	6.989000000000e-01	3.610000000000e-02	6.989000000000e-04	1.000000000000e-01	4.892300000000e-03	7.000000000000e-01	1.397800000000e-03	2.000000000000e-01	2.795600000000e-03	4.000000000000e-01	-2.795600000000e-03	-4.000000000000e-01	
 252	DIS_F2R	6.750000000000e-01	8.880000000000e+00	0.000000000000e+00	7.365000000000e-01	4.650000000000e-02	7.365000000000e-04	1.000000000000e-01	4.419000000000e-03	6.000000000000e-01	1.473000000000e-03	2.000000000000e-01	2.209500000000e-03	3.000000000000e-01	-2.209500000000e-03	-3.000000000000e-01	
 253	DIS_F2R	6.750000000000e-01	1.136000000000e+01	0.000000000000e+00	7.418000000000e-01	3.530000000000e-02	7.418000000000e-04	1.000000000000e-01	4.450800000000e-03	6.000000000000e-01	1.483600000000e-03	2.000000000000e-01	7.418000000000e-04	1.000000000000e-01	-7.418000000000e-04	-1.000000000000e-01	
 254	DIS_F2R	6.750000000000e-01	1.485000000000e+01	0.000000000000e+00	7.988000000000e-01	3.950000000000e-02	1.597600000000e-03	2.000000000000e-01	4.792800000000e-03	6.000000000000e-01	7.988000000000e-04	1.000000000000e-01	0.000000000000e+00	0.000000000000e+00	-7.988000000000e-04	-1.000000000000e-01	
 255	DIS_F2R	6.750000000000e-01	1.979000000000e+01	0.000000000000e+00	7.357000000000e-01	2.810000000000e-02	1.471400000000e-03	2.000000000000e-01	4.414200000000e-03	6.000000000000e-01	7.357000000000e-04	1.000000000000e-01	-7.357000000000e-04	-1.000000000000e-01	7.357000000000e-04	1.000000000000e-01	
 256	DIS_F2R	6.750000000000e-01	2.649000000000e+01	0.000000000000e+00	6.717000000000e-01	2.350000000000e-02	6.717000000000e-04	1.000000000000e-01	2.686800000000e-03	4.000000000000e-01	0.000000000000e+00	0.000000000000e+00	-1.343400000000e-03	-2.000000000000e-01	1.343400000000e-03	2.000000000000e-01	
 257	DIS_F2R	6.750000000000e-01	3.540000000000e+01	0.000000000000e+00	7.194000000000e-01	3.300000000000e-02	7.194000000000e-04	1.000000000000e-01	2.158200000000e-03	3.000000000000e-01	0.000000000000e+00	0.000000000000e+00	-1.438800000000e-03	-2.000000000000e-01	2.158200000000e-03	3.000000000000e-01	
 258	DIS_F2R	6.750000000000e-01	4.703000000000e+01	0.000000000000e+00	6.959000000000e-01	3.730000000000e-02	6.959000000000e-04	1.000000000000e-01	6.959000000000e-04	1.000000000000e-01	6.959000000000e-04	1.000000000000e-01	-1.391800000000e-03	-2.000000000000e-01	2.087700000000e-03	3.000000000000e-01	
 259	DIS_F2R	6.750000000000e-01	6.353000000000e+01	0.000000000000e+00	7.020000000000e-01	5.130000000000e-02	7.020000000000e-04	1.000000000000e-01	0.000000000000e+00	0.000000000000e+00	7.020000000000e-04	1.000000000000e-01	-1.404000000000e-03	-2.000000000000e-01	2.106000000000e-03	3.000000000000e-01	
 260	DIS_F2R	6.750000000000e-01	9.903000000000e+01	0.000000000000e+00	7.724000000000e-01	6.450000000000e-02	7.724000000000e-04	1.000000000000e-01	0.000000000000e+00	0.000000000000e+00	1.544800000000e-03	2.000000000000e-01	-1.544800000000e-03	-2.000000000000e-01	2.317200000000e-03	3.000000000000e-01	
