FASERV_SUM_DSIGMA_CHARM	1	58
   1	DIS	6.522737000000e-04	4.150569000000e+00	8.931740000000e-01	6.636973067346e+01	1.928546093048e+02	1.040781292394e+01	1.568156570522e+01	
   2	DIS	8.172470000000e-04	4.834327000000e+00	8.283996000000e-01	1.132032444997e+02	6.164530236623e+01	1.847526453557e+00	1.632043729597e+00	
   3	DIS	1.128112000000e-03	5.173592000000e+00	7.816485000000e-01	3.774203653580e+01	1.939539538982e+01	8.865471106939e-01	2.348964687830e+00	
   4	DIS	1.041377000000e-03	1.006477000000e+01	9.553560000000e-01	3.996569078000e+02	4.686817666446e+02	1.028975639763e+01	2.574647453054e+00	
   5	DIS	1.531420000000e-03	5.547838000000e+00	7.277375000000e-01	1.667963845223e+00	7.978123558421e+00	8.774853988534e-01	5.260817861049e+01	
   6	DIS	1.544313000000e-03	1.102586000000e+01	8.758732000000e-01	7.025877073259e+01	5.506623532295e+01	4.898887268550e+00	6.972634473205e+00	
   7	DIS	2.076740000000e-03	5.840040000000e+00	6.671058000000e-01	1.400237340236e+00	4.270793545149e+00	3.716708995083e-01	2.654342152065e+01	
   8	DIS	2.130519000000e-03	1.192955000000e+01	8.109321000000e-01	2.225887556936e+01	1.557373818994e+01	1.501507694253e+00	6.745658331095e+00	
   9	DIS	2.883547000000e-03	6.130146000000e+00	6.079787000000e-01	7.709502302583e-01	2.102015016105e+00	2.680680747338e-01	3.477112584089e+01	
  10	DIS	2.930751000000e-03	1.328744000000e+01	7.804776000000e-01	7.069562799289e+00	4.938625939723e+00	3.665522914084e-01	5.184935784787e+00	
  11	DIS	3.928246000000e-03	6.294084000000e+00	5.497910000000e-01	1.149127825041e+00	1.078860151972e+00	2.427058513202e-01	2.112087498287e+01	
  12	DIS	3.988852000000e-03	1.447220000000e+01	7.351747000000e-01	5.880086863438e+00	1.882069026223e+00	1.572286284153e-01	2.673916764613e+00	
  13	DIS	5.309392000000e-03	6.449188000000e+00	4.872793000000e-01	1.556810085542e+00	6.790665534876e-01	1.207182029691e-01	7.754202268486e+00	
  14	DIS	5.380531000000e-03	1.610978000000e+01	6.911270000000e-01	2.063686560703e+00	9.496667131556e-01	3.319872532715e-02	1.608709673228e+00	
  15	DIS	7.422616000000e-03	6.538731000000e+00	4.216830000000e-01	2.970908825310e-01	3.993545006844e-01	4.596278902504e-02	1.547095240132e+01	
  16	DIS	7.484450000000e-03	1.847207000000e+01	6.487276000000e-01	4.926299288213e-01	4.579155253647e-01	4.416664173249e-02	8.965480809940e+00	
  17	DIS	1.012251000000e-02	6.665582000000e+00	3.633023000000e-01	7.055353625164e-01	2.208033080023e-01	7.407951128708e-02	1.049975879634e+01	
  18	DIS	1.022540000000e-02	2.115731000000e+01	6.127955000000e-01	3.662163156699e-01	2.135318064692e-01	4.649041260318e-02	1.269479556588e+01	
  19	DIS	1.124451000000e-02	1.058302000000e+02	9.714603000000e-01	1.874749196360e+01	2.369525842766e+01	3.475719873682e+00	1.853965255956e+01	
  20	DIS	1.375989000000e-02	6.729839000000e+00	3.099752000000e-01	2.441788971829e-01	1.401941641560e-01	4.593929707745e-02	1.881378677988e+01	
  21	DIS	1.387930000000e-02	2.461454000000e+01	5.804380000000e-01	3.656109658845e-01	1.250462445203e-01	3.433285486941e-02	9.390542974100e+00	
  22	DIS	1.467318000000e-02	1.113981000000e+02	8.850298000000e-01	3.211270841301e-01	2.230915803882e+00	4.839920284052e-01	1.507166640012e+02	
  23	DIS	1.910030000000e-02	6.810912000000e+00	2.596459000000e-01	3.160346975467e-01	9.442903595845e-02	1.056387173392e-02	3.342630355440e+00	
  24	DIS	1.927811000000e-02	2.858258000000e+01	5.443425000000e-01	2.242271887093e-01	7.173206419608e-02	2.338930437091e-02	1.043107417327e+01	
  25	DIS	1.991304000000e-02	1.189030000000e+02	8.362949000000e-01	1.282658417521e-02	4.872449628310e-01	1.564165980230e-01	1.219471964526e+03	
  26	DIS	2.595245000000e-02	7.323908000000e+00	2.238482000000e-01	1.111853231841e-01	5.881567186443e-02	2.103731708851e-02	1.892094791474e+01	
  27	DIS	2.636376000000e-02	3.248063000000e+01	5.047918000000e-01	1.890629982136e-01	3.501062577904e-02	1.242347172582e-02	6.571075167118e+00	
  28	DIS	2.698639000000e-02	1.263809000000e+02	7.838129000000e-01	3.380101032643e-01	1.318165017207e-01	3.358481885491e-02	9.936039938028e+00	
  29	DIS	3.501390000000e-02	8.259825000000e+00	1.992775000000e-01	7.262487808166e-02	4.712809268935e-02	1.750238489480e-02	2.409970984752e+01	
  30	DIS	3.583684000000e-02	3.607225000000e+01	4.609201000000e-01	1.056311506826e-01	1.907346925855e-02	1.354624746287e-02	1.282410290462e+01	
  31	DIS	3.653377000000e-02	1.369057000000e+02	7.419417000000e-01	9.366496965067e-02	4.842299202075e-02	7.944247833674e-03	8.481557046676e+00	
  32	DIS	4.510075000000e-02	9.221584000000e+00	1.815015000000e-01	2.181244385588e-01	7.522249899703e-02	1.136273745527e-02	5.209291324874e+00	
  33	DIS	4.926881000000e-02	3.946132000000e+01	4.155832000000e-01	4.116755281906e-02	1.221413541651e-02	6.893097443482e-03	1.674400582852e+01	
  34	DIS	5.010652000000e-02	1.513992000000e+02	6.976513000000e-01	8.270173234026e-02	2.274863034720e-02	6.658940146077e-03	8.051754126116e+00	
  35	DIS	6.797040000000e-02	4.429149000000e+01	3.733829000000e-01	2.641270274890e-02	6.108641511678e-03	2.771326942456e-03	1.049240196584e+01	
  36	DIS	6.898297000000e-02	1.690741000000e+02	6.520113000000e-01	2.003930751396e-02	8.631632709261e-03	7.258719204257e-04	3.622240538601e+00	
  37	DIS	9.238918000000e-02	4.959894000000e+01	3.363082000000e-01	2.352993572923e-02	3.321063698551e-03	3.133372665708e-03	1.331653729005e+01	
  38	DIS	9.359538000000e-02	1.903896000000e+02	6.141546000000e-01	1.284872987657e-02	3.594185810269e-03	1.898005234016e-03	1.477192883848e+01	
  39	DIS	1.239827000000e-01	5.529650000000e+01	3.026869000000e-01	1.076262299948e-02	2.434953857848e-03	9.791920287587e-04	9.098079797149e+00	
  40	DIS	1.256520000000e-01	2.153105000000e+02	5.781160000000e-01	7.891598746903e-03	2.057815629008e-03	8.404457465660e-04	1.064987936565e+01	
  41	DIS	1.361013000000e-01	1.102470000000e+03	9.052237000000e-01	6.426791961654e-02	4.163202056089e-02	1.729613423703e-02	2.691254725566e+01	
  42	DIS	1.753012000000e-01	6.269839000000e+01	2.643044000000e-01	4.681132202227e-03	1.301951392529e-03	5.180193281258e-04	1.106611190941e+01	
  43	DIS	1.776940000000e-01	2.498501000000e+02	5.356117000000e-01	3.647224853473e-03	8.161467162881e-04	1.919023538018e-04	5.261599202448e+00	
  44	DIS	1.849402000000e-01	1.159465000000e+03	8.427969000000e-01	7.943850714290e-03	5.420520839529e-03	2.803898824490e-03	3.529646924818e+01	
  45	DIS	2.382876000000e-01	7.044549000000e+01	2.314500000000e-01	1.396065355285e-03	7.021658338940e-04	5.789372410429e-04	4.146920764498e+01	
  46	DIS	2.416947000000e-01	2.835999000000e+02	4.979182000000e-01	1.200660203999e-03	3.229154257736e-04	3.314209213089e-04	2.760322364354e+01	
  47	DIS	2.479392000000e-01	1.230749000000e+03	7.961655000000e-01	2.254880125492e-03	1.125346016318e-03	3.979442573793e-04	1.764813361386e+01	
  48	DIS	3.134740000000e-01	7.851845000000e+01	2.088251000000e-01	1.449107859772e-03	5.387817599837e-04	1.740900510183e-04	1.201360201343e+01	
  49	DIS	3.174735000000e-01	3.092059000000e+02	4.530095000000e-01	6.556817559403e-04	1.826861952623e-04	8.516435660180e-05	1.298867260378e+01	
  50	DIS	3.217455000000e-01	1.297823000000e+03	7.522281000000e-01	2.618777067860e-04	4.204426193204e-04	4.612567490773e-05	1.761344082084e+01	
  51	DIS	4.332946000000e-01	9.033765000000e+01	1.743758000000e-01	9.363091157446e-05	5.269051958598e-04	9.437432543755e-05	1.007939833657e+02	
  52	DIS	4.588740000000e-01	3.329586000000e+02	3.792578000000e-01	5.042197963247e-04	7.852523343487e-05	2.692911920018e-05	5.340750084878e+00	
  53	DIS	4.670731000000e-01	1.420345000000e+03	6.835932000000e-01	1.641501340237e-04	1.174063362845e-04	2.058825962419e-05	1.254233494638e+01	
  54	DIS	5.309837000000e-01	9.964989000000e+01	4.059028000000e-01	2.325930698732e-02	6.107151572810e-02	1.204632443604e-04	5.179141598072e-01	
  55	DIS	6.231894000000e-01	3.740374000000e+02	3.421045000000e-01	7.126636931197e-05	1.823170429174e-05	1.909979348842e-05	2.680057041324e+01	
  56	DIS	6.337885000000e-01	1.551087000000e+03	6.385224000000e-01	4.093092640679e-05	1.716453750106e-05	4.955868592026e-06	1.210788278470e+01	
  57	DIS	8.213496000000e-01	4.300767000000e+02	3.169252000000e-01	4.500401519119e-06	1.056144747186e-06	7.938771811142e-07	1.764014116833e+01	
  58	DIS	8.303219000000e-01	1.677210000000e+03	5.988812000000e-01	3.567710469501e-06	7.102348072338e-07	4.037857488311e-07	1.131778355567e+01	
