EIC_NC_EMP_140_OPT	2	181
   1	DIS_NCE	1.290000000000e-04	1.290000000000e+00	5.050505050505e-01	0.000000000000e+00	0.000000000000e+00	0.000000000000e+00	1.500000000000e+00	0.000000000000e+00	2.500000000000e+00	
   2	DIS_NCE	2.050000000000e-04	1.290000000000e+00	3.178122690318e-01	0.000000000000e+00	0.000000000000e+00	0.000000000000e+00	1.500000000000e+00	0.000000000000e+00	2.500000000000e+00	
   3	DIS_NCE	2.050000000000e-04	2.050000000000e+00	5.050505050505e-01	0.000000000000e+00	0.000000000000e+00	0.000000000000e+00	1.500000000000e+00	0.000000000000e+00	2.500000000000e+00	
   4	DIS_NCE	3.250000000000e-04	1.290000000000e+00	2.004662004662e-01	0.000000000000e+00	0.000000000000e+00	0.000000000000e+00	1.500000000000e+00	0.000000000000e+00	2.500000000000e+00	
   5	DIS_NCE	3.250000000000e-04	2.050000000000e+00	3.185703185703e-01	0.000000000000e+00	0.000000000000e+00	0.000000000000e+00	1.500000000000e+00	0.000000000000e+00	2.500000000000e+00	
   6	DIS_NCE	3.250000000000e-04	3.250000000000e+00	5.050505050505e-01	7.161320833558e-01	2.287254573815e-05	1.074198125034e-02	1.500000000000e+00	1.790330208390e-02	2.500000000000e+00	
   7	DIS_NCE	5.150000000000e-04	1.290000000000e+00	1.265077964107e-01	0.000000000000e+00	0.000000000000e+00	0.000000000000e+00	1.500000000000e+00	0.000000000000e+00	2.500000000000e+00	
   8	DIS_NCE	5.150000000000e-04	2.050000000000e+00	2.010395214279e-01	0.000000000000e+00	0.000000000000e+00	0.000000000000e+00	1.500000000000e+00	0.000000000000e+00	2.500000000000e+00	
   9	DIS_NCE	5.150000000000e-04	3.250000000000e+00	3.187211925076e-01	6.638627602905e-01	2.042636780125e-05	9.957941404358e-03	1.500000000000e+00	1.659656900726e-02	2.500000000000e+00	
  10	DIS_NCE	5.150000000000e-04	5.150000000000e+00	5.050505050505e-01	7.918813974732e-01	3.055061600333e-05	1.187822096210e-02	1.500000000000e+00	1.979703493683e-02	2.500000000000e+00	
  11	DIS_NCE	8.150000000000e-04	1.290000000000e+00	7.994050938836e-02	0.000000000000e+00	0.000000000000e+00	0.000000000000e+00	1.500000000000e+00	0.000000000000e+00	2.500000000000e+00	
  12	DIS_NCE	8.150000000000e-04	2.050000000000e+00	1.270372436017e-01	0.000000000000e+00	0.000000000000e+00	0.000000000000e+00	1.500000000000e+00	0.000000000000e+00	2.500000000000e+00	
  13	DIS_NCE	8.150000000000e-04	3.250000000000e+00	2.014005081490e-01	6.187112381494e-01	1.884144867615e-05	9.280668572241e-03	1.500000000000e+00	1.546778095373e-02	2.500000000000e+00	
  14	DIS_NCE	8.150000000000e-04	5.150000000000e+00	3.191423436822e-01	7.372425707498e-01	2.751011539697e-05	1.105863856125e-02	1.500000000000e+00	1.843106426874e-02	2.500000000000e+00	
  15	DIS_NCE	8.150000000000e-04	8.150000000000e+00	5.050505050505e-01	8.437457765986e-01	4.002237630299e-05	1.265618664898e-02	1.500000000000e+00	2.109364441497e-02	2.500000000000e+00	
  16	DIS_NCE	1.290000000000e-03	1.290000000000e+00	5.050505050505e-02	0.000000000000e+00	0.000000000000e+00	0.000000000000e+00	1.500000000000e+00	0.000000000000e+00	2.500000000000e+00	
  17	DIS_NCE	1.290000000000e-03	2.050000000000e+00	8.025996398089e-02	0.000000000000e+00	0.000000000000e+00	0.000000000000e+00	1.500000000000e+00	0.000000000000e+00	2.500000000000e+00	
  18	DIS_NCE	1.290000000000e-03	3.250000000000e+00	1.272414063112e-01	5.782755806390e-01	1.779293915424e-05	8.674133709584e-03	1.500000000000e+00	1.445688951597e-02	2.500000000000e+00	
  19	DIS_NCE	1.290000000000e-03	5.150000000000e+00	2.016286900008e-01	6.946659394073e-01	2.570170100317e-05	1.041998909111e-02	1.500000000000e+00	1.736664848518e-02	2.500000000000e+00	
  20	DIS_NCE	1.290000000000e-03	8.150000000000e+00	3.190822958265e-01	7.802871911298e-01	3.577852891887e-05	1.170430786695e-02	1.500000000000e+00	1.950717977825e-02	2.500000000000e+00	
  21	DIS_NCE	1.290000000000e-03	1.290000000000e+01	5.050505050505e-01	8.970163381690e-01	5.276103392216e-05	1.345524507253e-02	1.500000000000e+00	2.242540845422e-02	2.500000000000e+00	
  22	DIS_NCE	2.050000000000e-03	1.290000000000e+00	3.178122690318e-02	0.000000000000e+00	0.000000000000e+00	0.000000000000e+00	1.500000000000e+00	0.000000000000e+00	2.500000000000e+00	
  23	DIS_NCE	2.050000000000e-03	2.050000000000e+00	5.050505050505e-02	0.000000000000e+00	0.000000000000e+00	0.000000000000e+00	1.500000000000e+00	0.000000000000e+00	2.500000000000e+00	
  24	DIS_NCE	2.050000000000e-03	3.250000000000e+00	8.006898250801e-02	5.280668330937e-01	1.661544479621e-05	7.921002496405e-03	1.500000000000e+00	1.320167082734e-02	2.500000000000e+00	
  25	DIS_NCE	2.050000000000e-03	5.150000000000e+00	1.268785415127e-01	6.301624094915e-01	2.371370726677e-05	9.452436142373e-03	1.500000000000e+00	1.575406023729e-02	2.500000000000e+00	
  26	DIS_NCE	2.050000000000e-03	8.150000000000e+00	2.007883715201e-01	7.182536984823e-01	3.293410556313e-05	1.077380547723e-02	1.500000000000e+00	1.795634246206e-02	2.500000000000e+00	
  27	DIS_NCE	2.050000000000e-03	1.290000000000e+01	3.178122690318e-01	8.072294333531e-01	4.645884158775e-05	1.210844150030e-02	1.500000000000e+00	2.018073583383e-02	2.500000000000e+00	
  28	DIS_NCE	2.050000000000e-03	2.050000000000e+01	5.050505050505e-01	9.149488683665e-01	6.799307561585e-05	1.372423302550e-02	1.500000000000e+00	2.287372170916e-02	2.500000000000e+00	
  29	DIS_NCE	3.250000000000e-03	1.290000000000e+00	2.004662004662e-02	0.000000000000e+00	0.000000000000e+00	0.000000000000e+00	1.500000000000e+00	0.000000000000e+00	2.500000000000e+00	
  30	DIS_NCE	3.250000000000e-03	2.050000000000e+00	3.185703185703e-02	0.000000000000e+00	0.000000000000e+00	0.000000000000e+00	1.500000000000e+00	0.000000000000e+00	2.500000000000e+00	
  31	DIS_NCE	3.250000000000e-03	3.250000000000e+00	5.050505050505e-02	4.882344794177e-01	1.590250976802e-05	7.323517191265e-03	1.500000000000e+00	1.220586198544e-02	2.500000000000e+00	
  32	DIS_NCE	3.250000000000e-03	5.150000000000e+00	8.003108003108e-02	5.614717339176e-01	2.166146015600e-05	8.422076008764e-03	1.500000000000e+00	1.403679334794e-02	2.500000000000e+00	
  33	DIS_NCE	3.250000000000e-03	8.150000000000e+00	1.266511266511e-01	6.588298125190e-01	3.062602113033e-05	9.882447187785e-03	1.500000000000e+00	1.647074531297e-02	2.500000000000e+00	
  34	DIS_NCE	3.250000000000e-03	1.290000000000e+01	2.004662004662e-01	7.157719166716e-01	4.119514566197e-05	1.073657875007e-02	1.500000000000e+00	1.789429791679e-02	2.500000000000e+00	
  35	DIS_NCE	3.250000000000e-03	2.050000000000e+01	3.185703185703e-01	8.218459976293e-01	5.977482048324e-05	1.232768996444e-02	1.500000000000e+00	2.054614994073e-02	2.500000000000e+00	
  36	DIS_NCE	3.250000000000e-03	3.250000000000e+01	5.050505050505e-01	8.980688038538e-01	8.519828747163e-05	1.347103205781e-02	1.500000000000e+00	2.245172009634e-02	2.500000000000e+00	
  37	DIS_NCE	5.150000000000e-03	1.290000000000e+00	1.265077964107e-02	0.000000000000e+00	0.000000000000e+00	0.000000000000e+00	1.500000000000e+00	0.000000000000e+00	2.500000000000e+00	
  38	DIS_NCE	5.150000000000e-03	2.050000000000e+00	2.010395214279e-02	0.000000000000e+00	0.000000000000e+00	0.000000000000e+00	1.500000000000e+00	0.000000000000e+00	2.500000000000e+00	
  39	DIS_NCE	5.150000000000e-03	3.250000000000e+00	3.187211925076e-02	4.411641304398e-01	1.478788482607e-05	6.617461956597e-03	1.500000000000e+00	1.102910326100e-02	2.500000000000e+00	
  40	DIS_NCE	5.150000000000e-03	5.150000000000e+00	5.050505050505e-02	5.132090572765e-01	2.028636921027e-05	7.698135859148e-03	1.500000000000e+00	1.283022643191e-02	2.500000000000e+00	
  41	DIS_NCE	5.150000000000e-03	8.150000000000e+00	7.992546827498e-02	5.816568433633e-01	2.777434266894e-05	8.724852650449e-03	1.500000000000e+00	1.454142108408e-02	2.500000000000e+00	
  42	DIS_NCE	5.150000000000e-03	1.290000000000e+01	1.265077964107e-01	6.596049455785e-01	3.858829870288e-05	9.894074183677e-03	1.500000000000e+00	1.649012363946e-02	2.500000000000e+00	
  43	DIS_NCE	5.150000000000e-03	2.050000000000e+01	2.010395214279e-01	7.350101131795e-01	5.392390061301e-05	1.102515169769e-02	1.500000000000e+00	1.837525282949e-02	2.500000000000e+00	
  44	DIS_NCE	5.150000000000e-03	3.250000000000e+01	3.187211925076e-01	8.211133572888e-01	7.711867625874e-05	1.231670035933e-02	1.500000000000e+00	2.052783393222e-02	2.500000000000e+00	
  45	DIS_NCE	5.150000000000e-03	5.150000000000e+01	5.050505050505e-01	8.354645853063e-01	1.025084745663e-04	1.253196877960e-02	1.500000000000e+00	2.088661463266e-02	2.500000000000e+00	
  46	DIS_NCE	8.150000000000e-03	1.290000000000e+00	7.994050938836e-03	0.000000000000e+00	0.000000000000e+00	0.000000000000e+00	2.500000000000e+00	0.000000000000e+00	2.500000000000e+00	
  47	DIS_NCE	8.150000000000e-03	2.050000000000e+00	1.270372436017e-02	0.000000000000e+00	0.000000000000e+00	0.000000000000e+00	1.500000000000e+00	0.000000000000e+00	2.500000000000e+00	
  48	DIS_NCE	8.150000000000e-03	3.250000000000e+00	2.014005081490e-02	4.196230300020e-01	1.446391341480e-05	6.294345450029e-03	1.500000000000e+00	1.049057575005e-02	2.500000000000e+00	
  49	DIS_NCE	8.150000000000e-03	5.150000000000e+00	3.191423436822e-02	4.799019477083e-01	1.972858170802e-05	7.198529215624e-03	1.500000000000e+00	1.199754869271e-02	2.500000000000e+00	
  50	DIS_NCE	8.150000000000e-03	8.150000000000e+00	5.050505050505e-02	5.389435490439e-01	2.675733958016e-05	8.084153235659e-03	1.500000000000e+00	1.347358872610e-02	2.500000000000e+00	
  51	DIS_NCE	8.150000000000e-03	1.290000000000e+01	7.994050938836e-02	5.998552688632e-01	3.623096029676e-05	8.997829032949e-03	1.500000000000e+00	1.499638172158e-02	2.500000000000e+00	
  52	DIS_NCE	8.150000000000e-03	2.050000000000e+01	1.270372436017e-01	6.636860910069e-01	4.974060486525e-05	9.955291365104e-03	1.500000000000e+00	1.659215227517e-02	2.500000000000e+00	
  53	DIS_NCE	8.150000000000e-03	3.250000000000e+01	2.014005081490e-01	6.976746984768e-01	6.596660928043e-05	1.046512047715e-02	1.500000000000e+00	1.744186746192e-02	2.500000000000e+00	
  54	DIS_NCE	8.150000000000e-03	5.150000000000e+01	3.191423436822e-01	7.653880356758e-01	9.318422523324e-05	1.148082053514e-02	1.500000000000e+00	1.913470089189e-02	2.500000000000e+00	
  55	DIS_NCE	8.150000000000e-03	8.150000000000e+01	5.050505050505e-01	8.143456181134e-01	1.321070908334e-04	1.221518427170e-02	1.500000000000e+00	2.035864045284e-02	2.500000000000e+00	
  56	DIS_NCE	1.290000000000e-02	1.290000000000e+00	5.050505050505e-03	0.000000000000e+00	0.000000000000e+00	0.000000000000e+00	2.500000000000e+00	0.000000000000e+00	2.500000000000e+00	
  57	DIS_NCE	1.290000000000e-02	2.050000000000e+00	8.025996398089e-03	0.000000000000e+00	0.000000000000e+00	0.000000000000e+00	2.500000000000e+00	0.000000000000e+00	2.500000000000e+00	
  58	DIS_NCE	1.290000000000e-02	3.250000000000e+00	1.272414063112e-02	3.965525919129e-01	1.417030624811e-05	5.948288878694e-03	1.500000000000e+00	9.913814797823e-03	2.500000000000e+00	
  59	DIS_NCE	1.290000000000e-02	5.150000000000e+00	2.016286900008e-02	4.460027292269e-01	1.904019030461e-05	6.690040938404e-03	1.500000000000e+00	1.115006823067e-02	2.500000000000e+00	
  60	DIS_NCE	1.290000000000e-02	8.150000000000e+00	3.190822958265e-02	4.941510318233e-01	2.547107712955e-05	7.412265477349e-03	1.500000000000e+00	1.235377579558e-02	2.500000000000e+00	
  61	DIS_NCE	1.290000000000e-02	1.290000000000e+01	5.050505050505e-02	5.384073343410e-01	3.371135101205e-05	8.076110015115e-03	1.500000000000e+00	1.346018335852e-02	2.500000000000e+00	
  62	DIS_NCE	1.290000000000e-02	2.050000000000e+01	8.025996398089e-02	5.798965606206e-01	4.511133089593e-05	8.698448409309e-03	1.500000000000e+00	1.449741401552e-02	2.500000000000e+00	
  63	DIS_NCE	1.290000000000e-02	3.250000000000e+01	1.272414063112e-01	6.180723985809e-01	6.019910938269e-05	9.271085978714e-03	1.500000000000e+00	1.545180996452e-02	2.500000000000e+00	
  64	DIS_NCE	1.290000000000e-02	5.150000000000e+01	2.016286900008e-01	6.605933880829e-01	8.188800477271e-05	9.908900821243e-03	1.500000000000e+00	1.651483470207e-02	2.500000000000e+00	
  65	DIS_NCE	1.290000000000e-02	8.150000000000e+01	3.190822958265e-01	7.137653053965e-01	1.148876156648e-04	1.070647958095e-02	1.500000000000e+00	1.784413263491e-02	2.500000000000e+00	
  66	DIS_NCE	1.290000000000e-02	1.290000000000e+02	5.050505050505e-01	7.236512547555e-01	1.565256158520e-04	1.085476882133e-02	1.500000000000e+00	1.809128136889e-02	2.500000000000e+00	
  67	DIS_NCE	2.050000000000e-02	1.290000000000e+00	3.178122690318e-03	0.000000000000e+00	0.000000000000e+00	0.000000000000e+00	2.500000000000e+00	0.000000000000e+00	2.500000000000e+00	
  68	DIS_NCE	2.050000000000e-02	2.050000000000e+00	5.050505050505e-03	0.000000000000e+00	0.000000000000e+00	0.000000000000e+00	2.500000000000e+00	0.000000000000e+00	2.500000000000e+00	
  69	DIS_NCE	2.050000000000e-02	3.250000000000e+00	8.006898250801e-03	3.945766515287e-01	1.447402679210e-05	9.864416288218e-03	2.500000000000e+00	9.864416288218e-03	2.500000000000e+00	
  70	DIS_NCE	2.050000000000e-02	5.150000000000e+00	1.268785415127e-02	4.203660675166e-01	1.847746771917e-05	6.305491012748e-03	1.500000000000e+00	1.050915168791e-02	2.500000000000e+00	
  71	DIS_NCE	2.050000000000e-02	8.150000000000e+00	2.007883715201e-02	4.594550039022e-01	2.455442058030e-05	6.891825058533e-03	1.500000000000e+00	1.148637509755e-02	2.500000000000e+00	
  72	DIS_NCE	2.050000000000e-02	1.290000000000e+01	3.178122690318e-02	4.975847201189e-01	3.257147162059e-05	7.463770801783e-03	1.500000000000e+00	1.243961800297e-02	2.500000000000e+00	
  73	DIS_NCE	2.050000000000e-02	2.050000000000e+01	5.050505050505e-02	5.325330643994e-01	4.294244402770e-05	7.987995965991e-03	1.500000000000e+00	1.331332660999e-02	2.500000000000e+00	
  74	DIS_NCE	2.050000000000e-02	3.250000000000e+01	8.006898250801e-02	5.768006419857e-01	5.836812110471e-05	8.652009629785e-03	1.500000000000e+00	1.442001604964e-02	2.500000000000e+00	
  75	DIS_NCE	2.050000000000e-02	5.150000000000e+01	1.268785415127e-01	6.029199041602e-01	7.797994588129e-05	9.043798562403e-03	1.500000000000e+00	1.507299760401e-02	2.500000000000e+00	
  76	DIS_NCE	2.050000000000e-02	8.150000000000e+01	2.007883715201e-01	6.297727847381e-01	1.027622466610e-04	9.446591771072e-03	1.500000000000e+00	1.574431961845e-02	2.500000000000e+00	
  77	DIS_NCE	2.050000000000e-02	1.290000000000e+02	3.178122690318e-01	6.375452319223e-01	1.368928535049e-04	9.563178478834e-03	1.500000000000e+00	1.593863079806e-02	2.500000000000e+00	
  78	DIS_NCE	2.050000000000e-02	2.050000000000e+02	5.050505050505e-01	6.671909342678e-01	1.915737431744e-04	1.000786401402e-02	1.500000000000e+00	1.667977335670e-02	2.500000000000e+00	
  79	DIS_NCE	3.250000000000e-02	1.290000000000e+00	2.004662004662e-03	0.000000000000e+00	0.000000000000e+00	0.000000000000e+00	2.500000000000e+00	0.000000000000e+00	2.500000000000e+00	
  80	DIS_NCE	3.250000000000e-02	2.050000000000e+00	3.185703185703e-03	0.000000000000e+00	0.000000000000e+00	0.000000000000e+00	2.500000000000e+00	0.000000000000e+00	2.500000000000e+00	
  81	DIS_NCE	3.250000000000e-02	3.250000000000e+00	5.050505050505e-03	3.644819120809e-01	1.383111609731e-05	9.112047802023e-03	2.500000000000e+00	9.112047802023e-03	2.500000000000e+00	
  82	DIS_NCE	3.250000000000e-02	5.150000000000e+00	8.003108003108e-03	3.888185619566e-01	1.770555243361e-05	9.720464048916e-03	2.500000000000e+00	9.720464048916e-03	2.500000000000e+00	
  83	DIS_NCE	3.250000000000e-02	8.150000000000e+00	1.266511266511e-02	4.187277144532e-01	2.317233269940e-05	6.280915716798e-03	1.500000000000e+00	1.046819286133e-02	2.500000000000e+00	
  84	DIS_NCE	3.250000000000e-02	1.290000000000e+01	2.004662004662e-02	4.437477798917e-01	3.031027972778e-05	6.656216698376e-03	1.500000000000e+00	1.109369449729e-02	2.500000000000e+00	
  85	DIS_NCE	3.250000000000e-02	2.050000000000e+01	3.185703185703e-02	4.722514070631e-01	4.002285399763e-05	7.083771105946e-03	1.500000000000e+00	1.180628517658e-02	2.500000000000e+00	
  86	DIS_NCE	3.250000000000e-02	3.250000000000e+01	5.050505050505e-02	4.912026785304e-01	5.172553125582e-05	7.368040177955e-03	1.500000000000e+00	1.228006696326e-02	2.500000000000e+00	
  87	DIS_NCE	3.250000000000e-02	5.150000000000e+01	8.003108003108e-02	5.098620545048e-01	6.787889869705e-05	7.647930817571e-03	1.500000000000e+00	1.274655136262e-02	2.500000000000e+00	
  88	DIS_NCE	3.250000000000e-02	8.150000000000e+01	1.266511266511e-01	5.354646201085e-01	9.126821274231e-05	8.031969301628e-03	1.500000000000e+00	1.338661550271e-02	2.500000000000e+00	
  89	DIS_NCE	3.250000000000e-02	1.290000000000e+02	2.004662004662e-01	5.621111222099e-01	1.226510496565e-04	8.431666833148e-03	1.500000000000e+00	1.405277805525e-02	2.500000000000e+00	
  90	DIS_NCE	3.250000000000e-02	2.050000000000e+02	3.185703185703e-01	5.702340416591e-01	1.639143679245e-04	8.553510624887e-03	1.500000000000e+00	1.425585104148e-02	2.500000000000e+00	
  91	DIS_NCE	3.250000000000e-02	3.250000000000e+02	5.050505050505e-01	5.878695263726e-01	2.323758337927e-04	8.818042895589e-03	1.500000000000e+00	1.469673815931e-02	2.500000000000e+00	
  92	DIS_NCE	5.150000000000e-02	2.050000000000e+00	2.010395214279e-03	0.000000000000e+00	0.000000000000e+00	0.000000000000e+00	2.500000000000e+00	0.000000000000e+00	2.500000000000e+00	
  93	DIS_NCE	5.150000000000e-02	3.250000000000e+00	3.187211925076e-03	3.525270110223e-01	1.360041715705e-05	8.813175275558e-03	2.500000000000e+00	8.813175275558e-03	2.500000000000e+00	
  94	DIS_NCE	5.150000000000e-02	5.150000000000e+00	5.050505050505e-03	3.917044889170e-01	1.833243964941e-05	9.792612222926e-03	2.500000000000e+00	9.792612222926e-03	2.500000000000e+00	
  95	DIS_NCE	5.150000000000e-02	8.150000000000e+00	7.992546827498e-03	3.993712111143e-01	2.285890012828e-05	9.984280277858e-03	2.500000000000e+00	9.984280277858e-03	2.500000000000e+00	
  96	DIS_NCE	5.150000000000e-02	1.290000000000e+01	1.265077964107e-02	4.179324883076e-01	2.960425599564e-05	6.268987324614e-03	1.500000000000e+00	1.044831220769e-02	2.500000000000e+00	
  97	DIS_NCE	5.150000000000e-02	2.050000000000e+01	2.010395214279e-02	4.456721716310e-01	3.917962842859e-05	6.685082574466e-03	1.500000000000e+00	1.114180429078e-02	2.500000000000e+00	
  98	DIS_NCE	5.150000000000e-02	3.250000000000e+01	3.187211925076e-02	4.337790754129e-01	4.787337279897e-05	6.506686131193e-03	1.500000000000e+00	1.084447688532e-02	2.500000000000e+00	
  99	DIS_NCE	5.150000000000e-02	5.150000000000e+01	5.050505050505e-02	4.677789134661e-01	6.493893486908e-05	7.016683701991e-03	1.500000000000e+00	1.169447283665e-02	2.500000000000e+00	
 100	DIS_NCE	5.150000000000e-02	8.150000000000e+01	7.992546827498e-02	4.866059957685e-01	8.555634979658e-05	7.299089936527e-03	1.500000000000e+00	1.216514989421e-02	2.500000000000e+00	
 101	DIS_NCE	5.150000000000e-02	1.290000000000e+02	1.265077964107e-01	4.896199712123e-01	1.113237979498e-04	7.344299568184e-03	1.500000000000e+00	1.224049928031e-02	2.500000000000e+00	
 102	DIS_NCE	5.150000000000e-02	2.050000000000e+02	2.010395214279e-01	4.946472449875e-01	1.448460249484e-04	7.419708674813e-03	1.500000000000e+00	1.236618112469e-02	2.500000000000e+00	
 103	DIS_NCE	5.150000000000e-02	3.250000000000e+02	3.187211925076e-01	4.935166972141e-01	1.903976928355e-04	7.402750458212e-03	1.500000000000e+00	1.233791743035e-02	2.500000000000e+00	
 104	DIS_NCE	5.150000000000e-02	5.150000000000e+02	5.050505050505e-01	5.048639748993e-01	2.761979719799e-04	7.572959623490e-03	1.500000000000e+00	1.262159937248e-02	2.500000000000e+00	
 105	DIS_NCE	8.150000000000e-02	3.250000000000e+00	2.014005081490e-03	3.406513381942e-01	1.346542645847e-05	8.516283454855e-03	2.500000000000e+00	8.516283454855e-03	2.500000000000e+00	
 106	DIS_NCE	8.150000000000e-02	5.150000000000e+00	3.191423436822e-03	3.716652815503e-01	1.786469401698e-05	9.291632038756e-03	2.500000000000e+00	9.291632038756e-03	2.500000000000e+00	
 107	DIS_NCE	8.150000000000e-02	8.150000000000e+00	5.050505050505e-03	3.828924025847e-01	2.276326730971e-05	9.572310064617e-03	2.500000000000e+00	9.572310064617e-03	2.500000000000e+00	
 108	DIS_NCE	8.150000000000e-02	1.290000000000e+01	7.994050938836e-03	4.051694767769e-01	2.998144620885e-05	1.012923691942e-02	2.500000000000e+00	1.012923691942e-02	2.500000000000e+00	
 109	DIS_NCE	8.150000000000e-02	2.050000000000e+01	1.270372436017e-02	4.012290481825e-01	3.692201178023e-05	6.018435722737e-03	1.500000000000e+00	1.003072620456e-02	2.500000000000e+00	
 110	DIS_NCE	8.150000000000e-02	3.250000000000e+01	2.014005081490e-02	4.050178119048e-01	4.687650329518e-05	6.075267178572e-03	1.500000000000e+00	1.012544529762e-02	2.500000000000e+00	
 111	DIS_NCE	8.150000000000e-02	5.150000000000e+01	3.191423436822e-02	4.096089943200e-01	5.984273859297e-05	6.144134914800e-03	1.500000000000e+00	1.024022485800e-02	2.500000000000e+00	
 112	DIS_NCE	8.150000000000e-02	8.150000000000e+01	5.050505050505e-02	4.168281541920e-01	7.763764261170e-05	6.252422312881e-03	1.500000000000e+00	1.042070385480e-02	2.500000000000e+00	
 113	DIS_NCE	8.150000000000e-02	1.290000000000e+02	7.994050938836e-02	4.186846165581e-01	9.863777721504e-05	6.280269248371e-03	1.500000000000e+00	1.046711541395e-02	2.500000000000e+00	
 114	DIS_NCE	8.150000000000e-02	2.050000000000e+02	1.270372436017e-01	4.253970050017e-01	1.303521518805e-04	6.380955075025e-03	1.500000000000e+00	1.063492512504e-02	2.500000000000e+00	
 115	DIS_NCE	8.150000000000e-02	3.250000000000e+02	2.014005081490e-01	4.227163309010e-01	1.657565548148e-04	6.340744963515e-03	1.500000000000e+00	1.056790827252e-02	2.500000000000e+00	
 116	DIS_NCE	8.150000000000e-02	5.150000000000e+02	3.191423436822e-01	4.359516959011e-01	2.288476512709e-04	6.539275438517e-03	1.500000000000e+00	1.089879239753e-02	2.500000000000e+00	
 117	DIS_NCE	8.150000000000e-02	8.150000000000e+02	5.050505050505e-01	4.546738785225e-01	3.249439410093e-04	6.820108177837e-03	1.500000000000e+00	1.136684696306e-02	2.500000000000e+00	
 118	DIS_NCE	1.290000000000e-01	5.150000000000e+00	2.016286900008e-03	3.615727146002e-01	1.795127509113e-05	9.039317865005e-03	2.500000000000e+00	9.039317865005e-03	2.500000000000e+00	
 119	DIS_NCE	1.290000000000e-01	8.150000000000e+00	3.190822958265e-03	3.728365424433e-01	2.287284577982e-05	9.320913561082e-03	2.500000000000e+00	9.320913561082e-03	2.500000000000e+00	
 120	DIS_NCE	1.290000000000e-01	1.290000000000e+01	5.050505050505e-03	3.672336615858e-01	2.833559321991e-05	9.180841539646e-03	2.500000000000e+00	9.180841539646e-03	2.500000000000e+00	
 121	DIS_NCE	1.290000000000e-01	2.050000000000e+01	8.025996398089e-03	3.673803226304e-01	3.566598862211e-05	9.184508065759e-03	2.500000000000e+00	9.184508065759e-03	2.500000000000e+00	
 122	DIS_NCE	1.290000000000e-01	3.250000000000e+01	1.272414063112e-02	3.690830574332e-01	4.481829531908e-05	5.536245861498e-03	1.500000000000e+00	9.227076435831e-03	2.500000000000e+00	
 123	DIS_NCE	1.290000000000e-01	5.150000000000e+01	2.016286900008e-02	3.671678585114e-01	5.631270575037e-05	5.507517877671e-03	1.500000000000e+00	9.179196462784e-03	2.500000000000e+00	
 124	DIS_NCE	1.290000000000e-01	8.150000000000e+01	3.190822958265e-02	3.578023249961e-01	6.981171745395e-05	5.367034874942e-03	1.500000000000e+00	8.945058124903e-03	2.500000000000e+00	
 125	DIS_NCE	1.290000000000e-01	1.290000000000e+02	5.050505050505e-02	3.747879437158e-01	9.291838967029e-05	5.621819155737e-03	1.500000000000e+00	9.369698592894e-03	2.500000000000e+00	
 126	DIS_NCE	1.290000000000e-01	2.050000000000e+02	8.025996398089e-02	3.683379647890e-01	1.188082655793e-04	5.525069471836e-03	1.500000000000e+00	9.208449119726e-03	2.500000000000e+00	
 127	DIS_NCE	1.290000000000e-01	3.250000000000e+02	1.272414063112e-01	3.717799073969e-01	1.540129397315e-04	5.576698610953e-03	1.500000000000e+00	9.294497684922e-03	2.500000000000e+00	
 128	DIS_NCE	1.290000000000e-01	5.150000000000e+02	2.016286900008e-01	3.699378145069e-01	2.012135268722e-04	5.549067217603e-03	1.500000000000e+00	9.248445362671e-03	2.500000000000e+00	
 129	DIS_NCE	1.290000000000e-01	8.150000000000e+02	3.190822958265e-01	3.794236418237e-01	2.819630829755e-04	5.691354627355e-03	1.500000000000e+00	9.485591045592e-03	2.500000000000e+00	
 130	DIS_NCE	1.290000000000e-01	1.290000000000e+03	5.050505050505e-01	3.808289433847e-01	3.781460740434e-04	5.712434150771e-03	1.500000000000e+00	9.520723584618e-03	2.500000000000e+00	
 131	DIS_NCE	2.050000000000e-01	8.150000000000e+00	2.007883715201e-03	3.396116423750e-01	2.212329398220e-05	8.490291059375e-03	2.500000000000e+00	8.490291059375e-03	2.500000000000e+00	
 132	DIS_NCE	2.050000000000e-01	1.290000000000e+01	3.178122690318e-03	3.343573539113e-01	2.727913440230e-05	8.358933847783e-03	2.500000000000e+00	8.358933847783e-03	2.500000000000e+00	
 133	DIS_NCE	2.050000000000e-01	2.050000000000e+01	5.050505050505e-03	3.258909426341e-01	3.369923507466e-05	8.147273565852e-03	2.500000000000e+00	8.147273565852e-03	2.500000000000e+00	
 134	DIS_NCE	2.050000000000e-01	3.250000000000e+01	8.006898250801e-03	3.255028685169e-01	4.251134756153e-05	8.137571712922e-03	2.500000000000e+00	8.137571712922e-03	2.500000000000e+00	
 135	DIS_NCE	2.050000000000e-01	5.150000000000e+01	1.268785415127e-02	3.181914730579e-01	5.302725576999e-05	4.772872095868e-03	1.500000000000e+00	7.954786826447e-03	2.500000000000e+00	
 136	DIS_NCE	2.050000000000e-01	8.150000000000e+01	2.007883715201e-02	3.139478223942e-01	6.701333750206e-05	4.709217335913e-03	1.500000000000e+00	7.848695559855e-03	2.500000000000e+00	
 137	DIS_NCE	2.050000000000e-01	1.290000000000e+02	3.178122690318e-02	3.036491495412e-01	8.133088150384e-05	4.554737243118e-03	1.500000000000e+00	7.591228738530e-03	2.500000000000e+00	
 138	DIS_NCE	2.050000000000e-01	2.050000000000e+02	5.050505050505e-02	3.100695329161e-01	1.078578552743e-04	4.651042993741e-03	1.500000000000e+00	7.751738322902e-03	2.500000000000e+00	
 139	DIS_NCE	2.050000000000e-01	3.250000000000e+02	8.006898250801e-02	2.955805356231e-01	1.308590814414e-04	4.433708034347e-03	1.500000000000e+00	7.389513390578e-03	2.500000000000e+00	
 140	DIS_NCE	2.050000000000e-01	5.150000000000e+02	1.268785415127e-01	2.887413046626e-01	1.661805922690e-04	4.331119569938e-03	1.500000000000e+00	7.218532616564e-03	2.500000000000e+00	
 141	DIS_NCE	2.050000000000e-01	8.150000000000e+02	2.007883715201e-01	2.936606852061e-01	2.293732462507e-04	4.404910278091e-03	1.500000000000e+00	7.341517130152e-03	2.500000000000e+00	
 142	DIS_NCE	2.050000000000e-01	1.290000000000e+03	3.178122690318e-01	2.959237844792e-01	3.050685743234e-04	4.438856767188e-03	1.500000000000e+00	7.398094611980e-03	2.500000000000e+00	
 143	DIS_NCE	2.050000000000e-01	2.050000000000e+03	5.050505050505e-01	3.115340013137e-01	4.147511023624e-04	4.673010019706e-03	1.500000000000e+00	7.788350032843e-03	2.500000000000e+00	
 144	DIS_NCE	3.250000000000e-01	1.290000000000e+01	2.004662004662e-03	2.614104176372e-01	2.479956971488e-05	6.535260440931e-03	2.500000000000e+00	6.535260440931e-03	2.500000000000e+00	
 145	DIS_NCE	3.250000000000e-01	2.050000000000e+01	3.185703185703e-03	2.355149123418e-01	2.844996745472e-05	5.887872808545e-03	2.500000000000e+00	5.887872808545e-03	2.500000000000e+00	
 146	DIS_NCE	3.250000000000e-01	3.250000000000e+01	5.050505050505e-03	2.282474677393e-01	3.500642060877e-05	5.706186693483e-03	2.500000000000e+00	5.706186693483e-03	2.500000000000e+00	
 147	DIS_NCE	3.250000000000e-01	5.150000000000e+01	8.003108003108e-03	2.285063134355e-01	4.480122543144e-05	5.712657835887e-03	2.500000000000e+00	5.712657835887e-03	2.500000000000e+00	
 148	DIS_NCE	3.250000000000e-01	8.150000000000e+01	1.266511266511e-02	2.154695537124e-01	5.505506413702e-05	3.232043305686e-03	1.500000000000e+00	5.386738842810e-03	2.500000000000e+00	
 149	DIS_NCE	3.250000000000e-01	1.290000000000e+02	2.004662004662e-02	2.142575920568e-01	6.910928368205e-05	3.213863880853e-03	1.500000000000e+00	5.356439801421e-03	2.500000000000e+00	
 150	DIS_NCE	3.250000000000e-01	2.050000000000e+02	3.185703185703e-02	2.054986538879e-01	8.577938191473e-05	3.082479808318e-03	1.500000000000e+00	5.137466347197e-03	2.500000000000e+00	
 151	DIS_NCE	3.250000000000e-01	3.250000000000e+02	5.050505050505e-02	1.960696048905e-01	1.041644572724e-04	2.941044073358e-03	1.500000000000e+00	4.901740122264e-03	2.500000000000e+00	
 152	DIS_NCE	3.250000000000e-01	5.150000000000e+02	8.003108003108e-02	1.975843450011e-01	1.330859273218e-04	2.963765175017e-03	1.500000000000e+00	4.939608625028e-03	2.500000000000e+00	
 153	DIS_NCE	3.250000000000e-01	8.150000000000e+02	1.266511266511e-01	1.877080037158e-01	1.828241266499e-04	2.815620055737e-03	1.500000000000e+00	4.692700092895e-03	2.500000000000e+00	
 154	DIS_NCE	3.250000000000e-01	1.290000000000e+03	2.004662004662e-01	1.884727161702e-01	2.044290495444e-04	2.827090742553e-03	1.500000000000e+00	4.711817904255e-03	2.500000000000e+00	
 155	DIS_NCE	3.250000000000e-01	2.050000000000e+03	3.185703185703e-01	1.907566495915e-01	2.955804908506e-04	2.861349743873e-03	1.500000000000e+00	4.768916239788e-03	2.500000000000e+00	
 156	DIS_NCE	3.250000000000e-01	3.250000000000e+03	5.050505050505e-01	2.084931312028e-01	4.845951807594e-04	3.127396968042e-03	1.500000000000e+00	5.212328280071e-03	2.500000000000e+00	
 157	DIS_NCE	5.150000000000e-01	2.050000000000e+01	2.010395214279e-03	1.070458253905e-01	1.919343888139e-05	2.676145634763e-03	2.500000000000e+00	2.676145634763e-03	2.500000000000e+00	
 158	DIS_NCE	5.150000000000e-01	3.250000000000e+01	3.187211925076e-03	1.010342166457e-01	2.354702074576e-05	2.525855416142e-03	2.500000000000e+00	2.525855416142e-03	2.500000000000e+00	
 159	DIS_NCE	5.150000000000e-01	5.150000000000e+01	5.050505050505e-03	9.629897928833e-02	2.850345678029e-05	2.407474482208e-03	2.500000000000e+00	2.407474482208e-03	2.500000000000e+00	
 160	DIS_NCE	5.150000000000e-01	8.150000000000e+01	7.992546827498e-03	8.394077175329e-02	3.211872730242e-05	2.098519293832e-03	2.500000000000e+00	2.098519293832e-03	2.500000000000e+00	
 161	DIS_NCE	5.150000000000e-01	1.290000000000e+02	1.265077964107e-02	7.954128511072e-02	4.024506063467e-05	1.193119276661e-03	1.500000000000e+00	1.988532127768e-03	2.500000000000e+00	
 162	DIS_NCE	5.150000000000e-01	2.050000000000e+02	2.010395214279e-02	7.774264087802e-02	5.039798238067e-05	1.166139613170e-03	1.500000000000e+00	1.943566021951e-03	2.500000000000e+00	
 163	DIS_NCE	5.150000000000e-01	3.250000000000e+02	3.187211925076e-02	7.047467640764e-02	5.905803112504e-05	1.057120146115e-03	1.500000000000e+00	1.761866910191e-03	2.500000000000e+00	
 164	DIS_NCE	5.150000000000e-01	5.150000000000e+02	5.050505050505e-02	6.729439777343e-02	7.299162476156e-05	1.009415966601e-03	1.500000000000e+00	1.682359944336e-03	2.500000000000e+00	
 165	DIS_NCE	5.150000000000e-01	8.150000000000e+02	7.992546827498e-02	6.333446839620e-02	9.393187085360e-05	9.500170259429e-04	1.500000000000e+00	1.583361709905e-03	2.500000000000e+00	
 166	DIS_NCE	5.150000000000e-01	1.290000000000e+03	1.265077964107e-01	6.232658448343e-02	1.178621915164e-04	9.348987672515e-04	1.500000000000e+00	1.558164612086e-03	2.500000000000e+00	
 167	DIS_NCE	5.150000000000e-01	2.050000000000e+03	2.010395214279e-01	6.207377672377e-02	1.495764222709e-04	9.311066508566e-04	1.500000000000e+00	1.551844418094e-03	2.500000000000e+00	
 168	DIS_NCE	5.150000000000e-01	3.250000000000e+03	3.187211925076e-01	6.250400730105e-02	2.035846767379e-04	9.375601095157e-04	1.500000000000e+00	1.562600182526e-03	2.500000000000e+00	
 169	DIS_NCE	5.150000000000e-01	5.150000000000e+03	5.050505050505e-01	6.962135140991e-02	3.808803365253e-04	1.044320271149e-03	1.500000000000e+00	1.740533785248e-03	2.500000000000e+00	
 170	DIS_NCE	8.150000000000e-01	3.250000000000e+01	2.014005081490e-03	6.846818248411e-03	4.849945047401e-06	1.711704562103e-04	2.500000000000e+00	1.711704562103e-04	2.500000000000e+00	
 171	DIS_NCE	8.150000000000e-01	5.150000000000e+01	3.191423436822e-03	5.847546264315e-03	5.325570696512e-06	1.461886566079e-04	2.500000000000e+00	1.461886566079e-04	2.500000000000e+00	
 172	DIS_NCE	8.150000000000e-01	8.150000000000e+01	5.050505050505e-03	4.607720694972e-03	5.609793503932e-06	1.151930173743e-04	2.500000000000e+00	1.151930173743e-04	2.500000000000e+00	
 173	DIS_NCE	8.150000000000e-01	1.290000000000e+02	7.994050938836e-03	4.018802876271e-03	6.494079554245e-06	1.004700719068e-04	2.500000000000e+00	1.004700719068e-04	2.500000000000e+00	
 174	DIS_NCE	8.150000000000e-01	2.050000000000e+02	1.270372436017e-02	3.733442975303e-03	7.898336638614e-06	5.600164462954e-05	1.500000000000e+00	9.333607438257e-05	2.500000000000e+00	
 175	DIS_NCE	8.150000000000e-01	3.250000000000e+02	2.014005081490e-02	3.308981006297e-03	9.051287957726e-06	4.963471509445e-05	1.500000000000e+00	8.272452515743e-05	2.500000000000e+00	
 176	DIS_NCE	8.150000000000e-01	5.150000000000e+02	3.191423436822e-02	3.016921215604e-03	1.163921792636e-05	4.525381823406e-05	1.500000000000e+00	7.542303039010e-05	2.500000000000e+00	
 177	DIS_NCE	8.150000000000e-01	8.150000000000e+02	5.050505050505e-02	2.694094159343e-03	1.039375800487e-05	4.041141239014e-05	1.500000000000e+00	6.735235398357e-05	2.500000000000e+00	
 178	DIS_NCE	8.150000000000e-01	1.290000000000e+03	7.994050938836e-02	2.445761906259e-03	1.825266064228e-05	3.668642859388e-05	1.500000000000e+00	6.114404765648e-05	2.500000000000e+00	
 179	DIS_NCE	8.150000000000e-01	2.050000000000e+03	1.270372436017e-01	2.418343617347e-03	1.690091753060e-05	3.627515426020e-05	1.500000000000e+00	6.045859043367e-05	2.500000000000e+00	
 180	DIS_NCE	8.150000000000e-01	3.250000000000e+03	2.014005081490e-01	2.435756894990e-03	2.772914261266e-05	3.653635342485e-05	1.500000000000e+00	6.089392237475e-05	2.500000000000e+00	
 181	DIS_NCE	8.150000000000e-01	5.150000000000e+03	3.191423436822e-01	2.412946103038e-03	3.365008850561e-05	3.619419154557e-05	1.500000000000e+00	6.032365257595e-05	2.500000000000e+00	
