FLArE100NB_DSIGMA_INCLUSIVE	1	44
   1	DIS_SNB	2.878476000000e-03	5.901064000000e+00	6.722463000000e-01	3.603452248014e+00	0.000000000000e+00	3.052573059438e-01	8.471246042238e+00	
   2	DIS_SNB	3.945997000000e-03	6.063640000000e+00	6.159254000000e-01	2.527292141072e+00	0.000000000000e+00	1.518471187770e-01	6.008293078161e+00	
   3	DIS_SNB	5.409387000000e-03	6.192109000000e+00	5.590418000000e-01	1.804710973397e+00	0.000000000000e+00	8.005562567984e-02	4.435925024002e+00	
   4	DIS_SNB	5.475269000000e-03	1.528202000000e+01	7.105903000000e-01	2.409218587594e+00	0.000000000000e+00	1.466408499830e-01	6.086656094143e+00	
   5	DIS_SNB	7.411438000000e-03	6.338939000000e+00	5.066979000000e-01	1.349890880629e+00	0.000000000000e+00	4.453013885942e-02	3.298795443279e+00	
   6	DIS_SNB	7.487102000000e-03	1.679294000000e+01	6.714468000000e-01	1.516136473004e+00	0.000000000000e+00	6.609120445078e-02	4.359185708383e+00	
   7	DIS_SNB	1.012049000000e-02	6.432182000000e+00	4.442233000000e-01	9.923955066080e-01	0.000000000000e+00	2.631028121960e-02	2.651189071737e+00	
   8	DIS_SNB	1.022136000000e-02	1.853968000000e+01	6.436876000000e-01	9.859219404378e-01	0.000000000000e+00	3.182974992245e-02	3.228424950998e+00	
   9	DIS_SNB	1.389717000000e-02	6.492328000000e+00	3.831653000000e-01	7.481077996291e-01	0.000000000000e+00	1.598178759116e-02	2.136294742426e+00	
  10	DIS_SNB	1.399555000000e-02	2.081220000000e+01	5.979317000000e-01	7.495708985773e-01	0.000000000000e+00	1.621696855989e-02	2.163500289389e+00	
  11	DIS_SNB	1.904425000000e-02	6.584289000000e+00	3.253357000000e-01	5.437354351681e-01	0.000000000000e+00	1.009013084179e-02	1.855705953516e+00	
  12	DIS_SNB	1.918636000000e-02	2.329045000000e+01	5.512788000000e-01	5.072797359854e-01	0.000000000000e+00	8.664762154460e-03	1.708083635083e+00	
  13	DIS_SNB	2.616871000000e-02	6.636385000000e+00	2.644803000000e-01	3.891089320235e-01	0.000000000000e+00	6.594496065217e-03	1.694768616830e+00	
  14	DIS_SNB	2.631655000000e-02	2.603930000000e+01	5.082465000000e-01	3.532234534504e-01	0.000000000000e+00	4.838450618613e-03	1.369798797715e+00	
  15	DIS_SNB	3.598369000000e-02	6.681081000000e+00	2.172001000000e-01	2.796983553840e-01	0.000000000000e+00	4.349793545836e-03	1.555173086328e+00	
  16	DIS_SNB	3.613189000000e-02	2.878997000000e+01	4.534198000000e-01	2.460788259982e-01	0.000000000000e+00	2.761434901344e-03	1.122174933233e+00	
  17	DIS_SNB	3.678958000000e-02	1.356889000000e+02	7.317024000000e-01	1.768826647472e-01	0.000000000000e+00	1.114682462614e-02	6.301818576778e+00	
  18	DIS_SNB	4.933620000000e-02	6.682078000000e+00	1.709324000000e-01	2.045059570279e-01	0.000000000000e+00	2.943411969582e-03	1.439279330714e+00	
  19	DIS_SNB	4.953615000000e-02	3.115704000000e+01	3.956267000000e-01	1.672979960649e-01	0.000000000000e+00	1.639715845659e-03	9.801168479164e-01	
  20	DIS_SNB	5.022979000000e-02	1.463278000000e+02	6.761336000000e-01	1.126878414501e-01	0.000000000000e+00	4.554876002195e-03	4.042029684464e+00	
  21	DIS_SNB	6.757202000000e-02	6.698409000000e+00	1.349028000000e-01	1.424134741284e-01	0.000000000000e+00	2.006149673710e-03	1.408679681461e+00	
  22	DIS_SNB	6.780708000000e-02	3.331186000000e+01	3.360044000000e-01	1.166164682297e-01	0.000000000000e+00	1.016192907338e-03	8.713974301952e-01	
  23	DIS_SNB	6.859436000000e-02	1.580704000000e+02	6.101030000000e-01	7.850222729805e-02	0.000000000000e+00	2.053366011558e-03	2.615678665730e+00	
  24	DIS_SNB	9.275690000000e-02	6.729550000000e+00	1.030764000000e-01	1.032661441024e-01	0.000000000000e+00	1.375840238117e-03	1.332324596872e+00	
  25	DIS_SNB	9.294546000000e-02	3.530718000000e+01	2.795589000000e-01	8.093419110725e-02	0.000000000000e+00	6.409591036539e-04	7.919509602617e-01	
  26	DIS_SNB	9.379628000000e-02	1.717031000000e+02	5.458353000000e-01	4.797906289702e-02	0.000000000000e+00	9.967202741658e-04	2.077406714477e+00	
  27	DIS_SNB	1.273603000000e-01	6.734519000000e+00	7.838305000000e-02	7.080101107139e-02	0.000000000000e+00	9.533365435838e-04	1.346501312845e+00	
  28	DIS_SNB	1.276131000000e-01	3.667223000000e+01	2.259741000000e-01	5.635704942350e-02	0.000000000000e+00	4.149275665036e-04	7.362478531933e-01	
  29	DIS_SNB	1.284888000000e-01	1.858949000000e+02	4.781256000000e-01	3.202222529707e-02	0.000000000000e+00	5.233270050148e-04	1.634261829589e+00	
  30	DIS_SNB	1.752052000000e-01	6.752419000000e+00	5.873385000000e-02	4.936630168312e-02	0.000000000000e+00	6.570825880860e-04	1.331034664707e+00	
  31	DIS_SNB	1.754196000000e-01	3.792342000000e+01	1.793703000000e-01	3.768008612613e-02	0.000000000000e+00	2.714611702706e-04	7.204367032547e-01	
  32	DIS_SNB	1.765329000000e-01	2.008868000000e+02	4.065385000000e-01	2.123203155088e-02	0.000000000000e+00	2.893089485555e-04	1.362606059916e+00	
  33	DIS_SNB	2.403176000000e-01	6.763117000000e+00	4.447125000000e-02	3.192693489510e-02	0.000000000000e+00	4.442377030098e-04	1.391419829274e+00	
  34	DIS_SNB	2.404611000000e-01	3.892790000000e+01	1.403787000000e-01	2.400025693770e-02	0.000000000000e+00	1.749847154595e-04	7.290951755797e-01	
  35	DIS_SNB	2.418451000000e-01	2.178179000000e+02	3.447839000000e-01	1.297696443635e-02	0.000000000000e+00	1.630224344003e-04	1.256244749687e+00	
  36	DIS_SNB	3.286841000000e-01	6.738281000000e+00	3.284197000000e-02	1.927153459854e-02	0.000000000000e+00	2.866592275518e-04	1.487474835416e+00	
  37	DIS_SNB	3.285250000000e-01	3.964166000000e+01	1.088355000000e-01	1.344915222699e-02	0.000000000000e+00	1.068867625386e-04	7.947472133158e-01	
  38	DIS_SNB	3.299758000000e-01	2.326679000000e+02	2.862668000000e-01	7.210256792491e-03	0.000000000000e+00	8.979670708100e-05	1.245402343707e+00	
  39	DIS_SNB	4.459010000000e-01	6.725234000000e+00	2.469377000000e-02	9.447552018815e-03	0.000000000000e+00	1.706120239740e-04	1.805886049997e+00	
  40	DIS_SNB	4.445927000000e-01	4.000142000000e+01	8.391515000000e-02	6.205477567717e-03	0.000000000000e+00	6.066223355625e-05	9.775594689414e-01	
  41	DIS_SNB	4.452964000000e-01	2.502871000000e+02	2.383177000000e-01	3.262212003636e-03	0.000000000000e+00	4.651684286238e-05	1.425929486205e+00	
  42	DIS_SNB	5.895060000000e-01	7.067009000000e+00	1.944716000000e-02	3.290309773420e-03	0.000000000000e+00	1.023510105567e-04	3.110680075886e+00	
  43	DIS_SNB	6.004136000000e-01	3.917552000000e+01	6.336494000000e-02	1.692923899989e-03	0.000000000000e+00	2.755857707591e-05	1.627868628713e+00	
  44	DIS_SNB	5.995558000000e-01	2.619904000000e+02	1.939958000000e-01	8.486242967632e-04	0.000000000000e+00	1.971695593328e-05	2.323402241543e+00	
