H1HERA2NCEM	11	139
   1	DIS_NCE	2.000000000000e-03	1.200000000000e+02	5.896168473187e-01	1.336000000000e+00	9.619200000000e-03	6.546400000000e-03	4.900000000000e-01	1.202400000000e-03	9.000000000000e-02	1.080674536019e-02	8.088881257628e-01	3.072800000000e-02	2.300000000000e+00	2.004000000000e-02	1.500000000000e+00	-4.275200000000e-03	-3.200000000000e-01	-8.416800000000e-03	-6.300000000000e-01	2.672000000000e-04	2.000000000000e-02	2.404800000000e-03	1.800000000000e-01	-1.055440000000e-02	-7.900000000000e-01	1.349293859765e-03	1.009950493836e-01	
   2	DIS_NCE	3.200000000000e-03	1.200000000000e+02	3.685105295742e-01	1.206000000000e+00	1.230120000000e-02	9.286200000000e-03	7.700000000000e-01	6.030000000000e-04	5.000000000000e-02	1.028358116417e-02	8.527015890685e-01	2.773800000000e-02	2.300000000000e+00	1.809000000000e-02	1.500000000000e+00	-4.341600000000e-03	-3.600000000000e-01	-7.718400000000e-03	-6.400000000000e-01	2.412000000000e-04	2.000000000000e-02	2.412000000000e-03	2.000000000000e-01	-1.929600000000e-03	-1.600000000000e-01	6.822166224888e-04	5.656854249492e-02	
   3	DIS_NCE	3.200000000000e-03	1.500000000000e+02	4.606381619677e-01	1.213000000000e+00	7.399300000000e-03	4.973300000000e-03	4.100000000000e-01	7.278000000000e-04	6.000000000000e-02	9.416974547592e-03	7.763375554487e-01	2.789900000000e-02	2.300000000000e+00	1.819500000000e-02	1.500000000000e+00	-3.881600000000e-03	-3.200000000000e-01	-7.156700000000e-03	-5.900000000000e-01	2.426000000000e-04	2.000000000000e-02	2.304700000000e-03	1.900000000000e-01	-4.973300000000e-03	-4.100000000000e-01	3.835842801784e-04	3.162277660169e-02	
   4	DIS_NCE	5.000000000000e-03	1.500000000000e+02	2.948084236594e-01	1.093000000000e+00	7.978900000000e-03	9.837000000000e-03	9.000000000000e-01	0.000000000000e+00	0.000000000000e+00	8.839795873774e-03	8.087644898238e-01	2.513900000000e-02	2.300000000000e+00	1.639500000000e-02	1.500000000000e+00	-6.011500000000e-03	-5.500000000000e-01	-8.088200000000e-03	-7.400000000000e-01	0.000000000000e+00	0.000000000000e+00	4.372000000000e-04	4.000000000000e-02	-4.372000000000e-04	-4.000000000000e-02	1.177197026840e-03	1.077032961427e-01	
   5	DIS_NCE	8.000000000000e-03	1.500000000000e+02	1.842552647871e-01	9.408000000000e-01	9.408000000000e-03	1.204224000000e-02	1.280000000000e+00	9.031680000000e-03	9.600000000000e-01	7.961302862622e-03	8.462269199216e-01	2.163840000000e-02	2.300000000000e+00	1.411200000000e-02	1.500000000000e+00	-7.714560000000e-03	-8.200000000000e-01	-7.714560000000e-03	-8.200000000000e-01	-2.634240000000e-03	-2.800000000000e-01	-4.327680000000e-03	-4.600000000000e-01	-6.585600000000e-04	-7.000000000000e-02	0.000000000000e+00	0.000000000000e+00	
   6	DIS_NCE	1.300000000000e-02	1.500000000000e+02	1.133878552536e-01	8.026000000000e-01	1.107588000000e-02	2.150968000000e-02	2.680000000000e+00	7.223400000000e-03	9.000000000000e-01	7.563200928707e-03	9.423375191512e-01	1.845980000000e-02	2.300000000000e+00	1.203900000000e-02	1.500000000000e+00	-1.244030000000e-02	-1.550000000000e+00	-5.939240000000e-03	-7.400000000000e-01	-2.407800000000e-03	-3.000000000000e-01	-6.501060000000e-03	-8.100000000000e-01	-8.026000000000e-04	-1.000000000000e-01	1.097538993020e-03	1.367479433118e-01	
   7	DIS_NCE	3.200000000000e-03	2.000000000000e+02	6.141842159570e-01	1.226000000000e+00	1.385380000000e-02	1.716400000000e-03	1.400000000000e-01	8.582000000000e-04	7.000000000000e-02	1.036749558765e-02	8.456358554366e-01	2.819800000000e-02	2.300000000000e+00	1.839000000000e-02	1.500000000000e+00	-1.839000000000e-03	-1.500000000000e-01	-6.252600000000e-03	-5.100000000000e-01	2.452000000000e-04	2.000000000000e-02	1.839000000000e-03	1.500000000000e-01	-6.007400000000e-03	-4.900000000000e-01	5.482838680830e-04	4.472135955000e-02	
   8	DIS_NCE	5.000000000000e-03	2.000000000000e+02	3.930778982125e-01	1.095000000000e+00	8.760000000000e-03	5.694000000000e-03	5.200000000000e-01	2.190000000000e-04	2.000000000000e-02	8.703011504646e-03	7.947955712005e-01	2.518500000000e-02	2.300000000000e+00	1.642500000000e-02	1.500000000000e+00	-4.708500000000e-03	-4.300000000000e-01	-6.570000000000e-03	-6.000000000000e-01	0.000000000000e+00	0.000000000000e+00	1.423500000000e-03	1.300000000000e-01	-9.855000000000e-04	-9.000000000000e-02	0.000000000000e+00	0.000000000000e+00	
   9	DIS_NCE	8.000000000000e-03	2.000000000000e+02	2.456736863828e-01	9.523000000000e-01	7.713630000000e-03	1.018961000000e-02	1.070000000000e+00	0.000000000000e+00	0.000000000000e+00	7.681821080987e-03	8.066597795849e-01	2.190290000000e-02	2.300000000000e+00	1.428450000000e-02	1.500000000000e+00	-5.904260000000e-03	-6.200000000000e-01	-6.666100000000e-03	-7.000000000000e-01	0.000000000000e+00	0.000000000000e+00	0.000000000000e+00	0.000000000000e+00	0.000000000000e+00	0.000000000000e+00	0.000000000000e+00	0.000000000000e+00	
  10	DIS_NCE	1.300000000000e-02	2.000000000000e+02	1.511838070048e-01	7.837000000000e-01	7.366780000000e-03	1.253920000000e-03	1.600000000000e-01	7.837000000000e-05	1.000000000000e-02	6.382224922455e-03	8.143709228601e-01	1.802510000000e-02	2.300000000000e+00	1.175550000000e-02	1.500000000000e+00	-4.702200000000e-04	-6.000000000000e-02	-3.448280000000e-03	-4.400000000000e-01	-3.134800000000e-04	-4.000000000000e-02	4.467090000000e-03	5.700000000000e-01	-7.837000000000e-05	-1.000000000000e-02	7.476021521505e-04	9.539392014169e-02	
  11	DIS_NCE	2.000000000000e-02	2.000000000000e+02	9.826947455312e-02	6.909000000000e-01	7.047180000000e-03	4.352670000000e-03	6.300000000000e-01	9.672600000000e-04	1.400000000000e-01	5.722387331001e-03	8.282511696339e-01	1.589070000000e-02	2.300000000000e+00	1.036350000000e-02	1.500000000000e+00	-3.178140000000e-03	-4.600000000000e-01	-2.832690000000e-03	-4.100000000000e-01	-4.145400000000e-04	-6.000000000000e-02	2.349060000000e-03	3.400000000000e-01	-6.909000000000e-05	-1.000000000000e-02	4.934012901280e-04	7.141428428543e-02	
  12	DIS_NCE	3.200000000000e-02	2.000000000000e+02	6.141842159570e-02	5.765000000000e-01	6.687400000000e-03	5.649700000000e-03	9.800000000000e-01	3.055450000000e-03	5.300000000000e-01	4.981974109728e-03	8.641759080187e-01	1.325950000000e-02	2.300000000000e+00	8.647500000000e-03	1.500000000000e+00	-3.055450000000e-03	-5.300000000000e-01	-3.862550000000e-03	-6.700000000000e-01	-1.095350000000e-03	-1.900000000000e-01	4.035500000000e-04	7.000000000000e-02	0.000000000000e+00	0.000000000000e+00	3.459000000000e-04	6.000000000000e-02	
  13	DIS_NCE	5.000000000000e-02	2.000000000000e+02	3.930778982125e-02	5.231000000000e-01	7.114160000000e-03	7.637260000000e-03	1.460000000000e+00	2.092400000000e-04	4.000000000000e-02	4.751867579931e-03	9.084051959341e-01	1.203130000000e-02	2.300000000000e+00	7.846500000000e-03	1.500000000000e+00	-4.498660000000e-03	-8.600000000000e-01	-3.609390000000e-03	-6.900000000000e-01	-8.369600000000e-04	-1.600000000000e-01	6.277200000000e-03	1.200000000000e+00	0.000000000000e+00	0.000000000000e+00	4.765667805250e-04	9.110433579144e-02	
  14	DIS_NCE	8.000000000000e-02	2.000000000000e+02	2.456736863828e-02	4.378000000000e-01	6.216760000000e-03	8.449540000000e-03	1.930000000000e+00	8.318200000000e-04	1.900000000000e-01	4.262427634999e-03	9.736015612149e-01	1.006940000000e-02	2.300000000000e+00	6.567000000000e-03	1.500000000000e+00	-5.034700000000e-03	-1.150000000000e+00	-3.327280000000e-03	-7.600000000000e-01	-3.940200000000e-04	-9.000000000000e-02	6.129200000000e-03	1.400000000000e+00	-4.378000000000e-05	-1.000000000000e-02	0.000000000000e+00	0.000000000000e+00	
  15	DIS_NCE	1.300000000000e-01	2.000000000000e+02	1.511838070048e-02	3.591000000000e-01	6.032880000000e-03	4.847850000000e-03	1.350000000000e+00	3.950100000000e-03	1.100000000000e+00	4.528078708459e-03	1.260952021292e+00	8.259300000000e-03	2.300000000000e+00	5.386500000000e-03	1.500000000000e+00	-2.944620000000e-03	-8.200000000000e-01	-3.519180000000e-03	-9.800000000000e-01	-1.005480000000e-03	-2.800000000000e-01	-3.986010000000e-03	-1.110000000000e+00	0.000000000000e+00	0.000000000000e+00	0.000000000000e+00	0.000000000000e+00	
  16	DIS_NCE	1.800000000000e-01	2.000000000000e+02	1.091883050590e-02	3.060000000000e-01	6.946200000000e-03	3.855600000000e-03	1.260000000000e+00	5.814000000000e-03	1.900000000000e+00	4.650797350993e-03	1.519868415357e+00	7.038000000000e-03	2.300000000000e+00	4.590000000000e-03	1.500000000000e+00	-2.662200000000e-03	-8.700000000000e-01	-3.304800000000e-03	-1.080000000000e+00	-1.315800000000e-03	-4.300000000000e-01	-4.284000000000e-03	-1.400000000000e+00	0.000000000000e+00	0.000000000000e+00	0.000000000000e+00	0.000000000000e+00	
  17	DIS_NCE	5.000000000000e-03	2.500000000000e+02	4.913473727656e-01	1.109000000000e+00	1.031370000000e-02	3.659700000000e-03	3.300000000000e-01	6.654000000000e-04	6.000000000000e-02	8.782131717869e-03	7.918964578782e-01	2.550700000000e-02	2.300000000000e+00	1.663500000000e-02	1.500000000000e+00	-3.548800000000e-03	-3.200000000000e-01	-4.436000000000e-03	-4.000000000000e-01	2.218000000000e-04	2.000000000000e-02	1.996200000000e-03	1.800000000000e-01	-2.994300000000e-03	-2.700000000000e-01	7.013931850253e-04	6.324555320337e-02	
  18	DIS_NCE	8.000000000000e-03	2.500000000000e+02	3.070921079785e-01	9.540000000000e-01	8.681400000000e-03	5.628600000000e-03	5.900000000000e-01	0.000000000000e+00	0.000000000000e+00	7.702626957084e-03	8.074032449774e-01	2.194200000000e-02	2.300000000000e+00	1.431000000000e-02	1.500000000000e+00	-5.247000000000e-03	-5.500000000000e-01	-5.342400000000e-03	-5.600000000000e-01	0.000000000000e+00	0.000000000000e+00	2.862000000000e-04	3.000000000000e-02	-9.540000000000e-05	-1.000000000000e-02	7.981736653135e-04	8.366600265341e-02	
  19	DIS_NCE	1.300000000000e-02	2.500000000000e+02	1.889797587560e-01	8.108000000000e-01	8.108000000000e-03	7.297200000000e-03	9.000000000000e-01	1.621600000000e-03	2.000000000000e-01	6.601425850951e-03	8.141867107734e-01	1.864840000000e-02	2.300000000000e+00	1.216200000000e-02	1.500000000000e+00	3.972920000000e-03	4.900000000000e-01	-5.351280000000e-03	-6.600000000000e-01	2.432400000000e-04	3.000000000000e-02	6.486400000000e-03	8.000000000000e-01	-1.621600000000e-04	-2.000000000000e-02	6.013053733337e-04	7.416198487095e-02	
  20	DIS_NCE	2.000000000000e-02	2.500000000000e+02	1.228368431914e-01	6.843000000000e-01	7.048290000000e-03	6.227130000000e-03	9.100000000000e-01	1.573890000000e-03	2.300000000000e-01	5.649102698084e-03	8.255301327026e-01	1.573890000000e-02	2.300000000000e+00	1.026450000000e-02	1.500000000000e+00	2.258190000000e-03	3.300000000000e-01	-3.695220000000e-03	-5.400000000000e-01	4.105800000000e-04	6.000000000000e-02	5.816550000000e-03	8.500000000000e-01	-6.843000000000e-05	-1.000000000000e-02	0.000000000000e+00	0.000000000000e+00	
  21	DIS_NCE	3.200000000000e-02	2.500000000000e+02	7.677302699462e-02	5.827000000000e-01	6.293160000000e-03	6.234890000000e-03	1.070000000000e+00	5.827000000000e-04	1.000000000000e-01	4.761054820142e-03	8.170679286326e-01	1.340210000000e-02	2.300000000000e+00	8.740500000000e-03	1.500000000000e+00	2.855230000000e-03	4.900000000000e-01	-3.554470000000e-03	-6.100000000000e-01	-5.244300000000e-04	-9.000000000000e-02	3.904090000000e-03	6.700000000000e-01	0.000000000000e+00	0.000000000000e+00	0.000000000000e+00	0.000000000000e+00	
  22	DIS_NCE	5.000000000000e-02	2.500000000000e+02	4.913473727656e-02	4.930000000000e-01	6.063900000000e-03	5.028600000000e-03	1.020000000000e+00	5.423000000000e-04	1.100000000000e-01	4.249820136194e-03	8.620324819866e-01	1.133900000000e-02	2.300000000000e+00	7.395000000000e-03	1.500000000000e+00	1.972000000000e-03	4.000000000000e-01	-2.612900000000e-03	-5.300000000000e-01	-4.437000000000e-04	-9.000000000000e-02	5.521600000000e-03	1.120000000000e+00	0.000000000000e+00	0.000000000000e+00	0.000000000000e+00	0.000000000000e+00	
  23	DIS_NCE	8.000000000000e-02	2.500000000000e+02	3.070921079785e-02	4.254000000000e-01	5.360040000000e-03	2.382240000000e-03	5.600000000000e-01	1.106040000000e-03	2.600000000000e-01	3.821266643457e-03	8.982761268118e-01	9.784200000000e-03	2.300000000000e+00	6.381000000000e-03	1.500000000000e+00	1.148580000000e-03	2.700000000000e-01	-2.169540000000e-03	-5.100000000000e-01	-1.276200000000e-04	-3.000000000000e-02	8.975940000000e-03	2.110000000000e+00	0.000000000000e+00	0.000000000000e+00	4.275217089225e-04	1.004987562112e-01	
  24	DIS_NCE	1.300000000000e-01	2.500000000000e+02	1.889797587560e-02	3.645000000000e-01	4.665600000000e-03	3.936600000000e-03	1.080000000000e+00	2.478600000000e-03	6.800000000000e-01	4.364421386908e-03	1.197372122609e+00	8.383500000000e-03	2.300000000000e+00	5.467500000000e-03	1.500000000000e+00	1.895400000000e-03	5.200000000000e-01	-2.150550000000e-03	-5.900000000000e-01	-8.019000000000e-04	-2.200000000000e-01	-1.603800000000e-03	-4.400000000000e-01	0.000000000000e+00	0.000000000000e+00	2.417819472169e-04	6.633249580711e-02	
  25	DIS_NCE	1.800000000000e-01	2.500000000000e+02	1.364853813238e-02	3.068000000000e-01	5.430360000000e-03	5.184920000000e-03	1.690000000000e+00	4.786080000000e-03	1.560000000000e+00	4.280272345728e-03	1.395134402128e+00	7.056400000000e-03	2.300000000000e+00	4.602000000000e-03	1.500000000000e+00	3.221400000000e-03	1.050000000000e+00	-2.331680000000e-03	-7.600000000000e-01	-1.073800000000e-03	-3.500000000000e-01	-5.982600000000e-03	-1.950000000000e+00	0.000000000000e+00	0.000000000000e+00	3.332701054700e-04	1.086278049120e-01	
  26	DIS_NCE	5.000000000000e-03	3.000000000000e+02	5.896168473187e-01	1.138000000000e+00	1.775280000000e-02	2.162200000000e-03	1.900000000000e-01	7.966000000000e-04	7.000000000000e-02	1.009618310254e-02	8.871865643708e-01	2.617400000000e-02	2.300000000000e+00	1.707000000000e-02	1.500000000000e+00	-2.276000000000e-03	-2.000000000000e-01	-5.462400000000e-03	-4.800000000000e-01	3.414000000000e-04	3.000000000000e-02	1.820800000000e-03	1.600000000000e-01	-3.983000000000e-03	-3.500000000000e-01	6.336115844901e-04	5.567764362830e-02	
  27	DIS_NCE	8.000000000000e-03	3.000000000000e+02	3.685105295742e-01	9.765000000000e-01	1.035090000000e-02	3.027150000000e-03	3.100000000000e-01	1.953000000000e-04	2.000000000000e-02	7.830896832260e-03	8.019351594736e-01	2.245950000000e-02	2.300000000000e+00	1.464750000000e-02	1.500000000000e+00	-3.027150000000e-03	-3.100000000000e-01	-5.370750000000e-03	-5.500000000000e-01	9.765000000000e-05	1.000000000000e-02	9.765000000000e-04	1.000000000000e-01	-6.835500000000e-04	-7.000000000000e-02	0.000000000000e+00	0.000000000000e+00	
  28	DIS_NCE	1.300000000000e-02	3.000000000000e+02	2.267757105072e-01	8.131000000000e-01	8.618860000000e-03	5.935630000000e-03	7.300000000000e-01	0.000000000000e+00	0.000000000000e+00	6.690681677759e-03	8.228608630868e-01	1.870130000000e-02	2.300000000000e+00	1.219650000000e-02	1.500000000000e+00	-5.854320000000e-03	-7.200000000000e-01	-4.472050000000e-03	-5.500000000000e-01	0.000000000000e+00	0.000000000000e+00	0.000000000000e+00	0.000000000000e+00	0.000000000000e+00	0.000000000000e+00	0.000000000000e+00	0.000000000000e+00	
  29	DIS_NCE	2.000000000000e-02	3.000000000000e+02	1.474042118297e-01	6.970000000000e-01	8.224600000000e-03	4.251700000000e-03	6.100000000000e-01	1.115200000000e-03	1.600000000000e-01	5.764067791933e-03	8.269824665614e-01	1.603100000000e-02	2.300000000000e+00	1.045500000000e-02	1.500000000000e+00	3.275900000000e-03	4.700000000000e-01	-3.903200000000e-03	-5.600000000000e-01	1.394000000000e-04	2.000000000000e-02	4.251700000000e-03	6.100000000000e-01	-1.394000000000e-04	-2.000000000000e-02	0.000000000000e+00	0.000000000000e+00	
  30	DIS_NCE	3.200000000000e-02	3.000000000000e+02	9.212763239355e-02	5.866000000000e-01	7.273840000000e-03	4.868780000000e-03	8.300000000000e-01	2.346400000000e-04	4.000000000000e-02	4.914503852517e-03	8.377947242613e-01	1.349180000000e-02	2.300000000000e+00	8.799000000000e-03	1.500000000000e+00	2.874340000000e-03	4.900000000000e-01	-3.284960000000e-03	-5.600000000000e-01	-2.933000000000e-04	-5.000000000000e-02	3.871560000000e-03	6.600000000000e-01	0.000000000000e+00	0.000000000000e+00	5.311888922031e-04	9.055385138137e-02	
  31	DIS_NCE	5.000000000000e-02	3.000000000000e+02	5.896168473187e-02	4.981000000000e-01	6.724350000000e-03	5.578720000000e-03	1.120000000000e+00	7.969600000000e-04	1.600000000000e-01	4.274382977741e-03	8.581375181170e-01	1.145630000000e-02	2.300000000000e+00	7.471500000000e-03	1.500000000000e+00	2.988600000000e-03	6.000000000000e-01	-3.287460000000e-03	-6.600000000000e-01	-3.984800000000e-04	-8.000000000000e-02	4.731950000000e-03	9.500000000000e-01	0.000000000000e+00	0.000000000000e+00	5.364701180867e-04	1.077032961427e-01	
  32	DIS_NCE	8.000000000000e-02	3.000000000000e+02	3.685105295742e-02	4.240000000000e-01	6.063200000000e-03	4.367200000000e-03	1.030000000000e+00	1.017600000000e-03	2.400000000000e-01	3.824470598658e-03	9.019977827024e-01	9.752000000000e-03	2.300000000000e+00	6.360000000000e-03	1.500000000000e+00	1.780800000000e-03	4.200000000000e-01	-2.798400000000e-03	-6.600000000000e-01	-2.120000000000e-04	-5.000000000000e-02	8.564800000000e-03	2.020000000000e+00	-4.240000000000e-05	-1.000000000000e-02	4.998886275962e-04	1.178982612255e-01	
  33	DIS_NCE	1.300000000000e-01	3.000000000000e+02	2.267757105072e-02	3.580000000000e-01	5.119400000000e-03	4.797200000000e-03	1.340000000000e+00	1.503600000000e-03	4.200000000000e-01	4.311634052189e-03	1.204367053684e+00	8.234000000000e-03	2.300000000000e+00	5.370000000000e-03	1.500000000000e+00	2.434400000000e-03	6.800000000000e-01	-2.362800000000e-03	-6.600000000000e-01	-6.086000000000e-04	-1.700000000000e-01	1.861600000000e-03	5.200000000000e-01	0.000000000000e+00	0.000000000000e+00	4.034455105711e-04	1.126942766958e-01	
  34	DIS_NCE	1.800000000000e-01	3.000000000000e+02	1.637824575885e-02	2.957000000000e-01	5.618300000000e-03	6.387120000000e-03	2.160000000000e+00	4.819910000000e-03	1.630000000000e+00	4.160867820539e-03	1.407124727947e+00	6.801100000000e-03	2.300000000000e+00	4.435500000000e-03	1.500000000000e+00	3.962380000000e-03	1.340000000000e+00	-2.661300000000e-03	-9.000000000000e-01	-1.123660000000e-03	-3.800000000000e-01	-6.741960000000e-03	-2.280000000000e+00	0.000000000000e+00	0.000000000000e+00	1.870171008224e-04	6.324555320337e-02	
  35	DIS_NCE	4.000000000000e-01	3.000000000000e+02	7.370210591484e-03	1.480000000000e-01	3.330000000000e-03	3.389200000000e-03	2.290000000000e+00	2.915600000000e-03	1.970000000000e+00	2.616295090390e-03	1.767766952966e+00	3.404000000000e-03	2.300000000000e+00	2.220000000000e-03	1.500000000000e+00	1.953600000000e-03	1.320000000000e+00	-1.406000000000e-03	-9.500000000000e-01	-5.624000000000e-04	-3.800000000000e-01	-6.882000000000e-03	-4.650000000000e+00	0.000000000000e+00	0.000000000000e+00	0.000000000000e+00	0.000000000000e+00	
  36	DIS_NCE	8.000000000000e-03	4.000000000000e+02	4.913473727656e-01	1.027000000000e+00	1.335100000000e-02	3.902600000000e-03	3.800000000000e-01	5.135000000000e-04	5.000000000000e-02	8.476328183831e-03	8.253484112785e-01	2.362100000000e-02	2.300000000000e+00	1.540500000000e-02	1.500000000000e+00	-3.389100000000e-03	-3.300000000000e-01	-4.416100000000e-03	-4.300000000000e-01	1.027000000000e-04	1.000000000000e-02	1.540500000000e-03	1.500000000000e-01	-2.054000000000e-03	-2.000000000000e-01	6.162000000000e-04	6.000000000000e-02	
  37	DIS_NCE	1.300000000000e-02	4.000000000000e+02	3.023676140096e-01	8.482000000000e-01	1.060250000000e-02	3.901720000000e-03	4.600000000000e-01	0.000000000000e+00	0.000000000000e+00	6.953170911750e-03	8.197560612768e-01	1.950860000000e-02	2.300000000000e+00	1.272300000000e-02	1.500000000000e+00	-3.816900000000e-03	-4.500000000000e-01	-4.580280000000e-03	-5.400000000000e-01	0.000000000000e+00	0.000000000000e+00	2.544600000000e-04	3.000000000000e-02	-1.696400000000e-04	-2.000000000000e-02	7.911482912830e-04	9.327379053089e-02	
  38	DIS_NCE	2.000000000000e-02	4.000000000000e+02	1.965389491062e-01	7.061000000000e-01	9.108690000000e-03	6.496120000000e-03	9.200000000000e-01	0.000000000000e+00	0.000000000000e+00	5.870405161077e-03	8.313843876331e-01	1.624030000000e-02	2.300000000000e+00	1.059150000000e-02	1.500000000000e+00	-6.425510000000e-03	-9.100000000000e-01	-3.459890000000e-03	-4.900000000000e-01	0.000000000000e+00	0.000000000000e+00	0.000000000000e+00	0.000000000000e+00	0.000000000000e+00	0.000000000000e+00	0.000000000000e+00	0.000000000000e+00	
  39	DIS_NCE	3.200000000000e-02	4.000000000000e+02	1.228368431914e-01	6.019000000000e-01	8.185840000000e-03	2.828930000000e-03	4.700000000000e-01	1.805700000000e-04	3.000000000000e-02	5.035137240215e-03	8.365404951346e-01	1.384370000000e-02	2.300000000000e+00	9.028500000000e-03	1.500000000000e+00	2.768740000000e-03	4.600000000000e-01	-2.828930000000e-03	-4.700000000000e-01	-2.407600000000e-04	-4.000000000000e-02	3.731780000000e-03	6.200000000000e-01	0.000000000000e+00	0.000000000000e+00	5.897391504725e-04	9.797958971133e-02	
  40	DIS_NCE	5.000000000000e-02	4.000000000000e+02	7.861557964250e-02	4.926000000000e-01	7.487520000000e-03	2.512260000000e-03	5.100000000000e-01	1.871880000000e-03	3.800000000000e-01	4.238650543557e-03	8.604649905720e-01	1.132980000000e-02	2.300000000000e+00	7.389000000000e-03	1.500000000000e+00	2.463000000000e-03	5.000000000000e-01	-1.871880000000e-03	-3.800000000000e-01	-5.911200000000e-04	-1.200000000000e-01	2.610780000000e-03	5.300000000000e-01	-4.926000000000e-05	-1.000000000000e-02	0.000000000000e+00	0.000000000000e+00	
  41	DIS_NCE	8.000000000000e-02	4.000000000000e+02	4.913473727656e-02	4.170000000000e-01	6.755400000000e-03	1.125900000000e-03	2.700000000000e-01	1.376100000000e-03	3.300000000000e-01	3.771948830512e-03	9.045440840556e-01	9.591000000000e-03	2.300000000000e+00	6.255000000000e-03	1.500000000000e+00	9.591000000000e-04	2.300000000000e-01	-1.417800000000e-03	-3.400000000000e-01	1.668000000000e-04	4.000000000000e-02	7.214100000000e-03	1.730000000000e+00	0.000000000000e+00	0.000000000000e+00	0.000000000000e+00	0.000000000000e+00	
  42	DIS_NCE	1.300000000000e-01	4.000000000000e+02	3.023676140096e-02	3.655000000000e-01	5.921100000000e-03	2.448850000000e-03	6.700000000000e-01	7.310000000000e-04	2.000000000000e-01	4.390870628930e-03	1.201332593414e+00	8.406500000000e-03	2.300000000000e+00	5.482500000000e-03	1.500000000000e+00	2.156450000000e-03	5.900000000000e-01	-1.900600000000e-03	-5.200000000000e-01	-4.751500000000e-04	-1.300000000000e-01	3.216400000000e-03	8.800000000000e-01	0.000000000000e+00	0.000000000000e+00	2.901066312582e-04	7.937253933194e-02	
  43	DIS_NCE	1.800000000000e-01	4.000000000000e+02	2.183766101180e-02	3.047000000000e-01	6.063530000000e-03	3.290760000000e-03	1.080000000000e+00	5.179900000000e-03	1.700000000000e+00	4.196903777167e-03	1.377388833990e+00	7.008100000000e-03	2.300000000000e+00	4.570500000000e-03	1.500000000000e+00	3.077470000000e-03	1.010000000000e+00	-1.553970000000e-03	-5.100000000000e-01	-1.310210000000e-03	-4.300000000000e-01	-7.617500000000e-03	-2.500000000000e+00	0.000000000000e+00	0.000000000000e+00	3.513971822596e-04	1.153256259467e-01	
  44	DIS_NCE	4.000000000000e-01	4.000000000000e+02	9.826947455312e-03	1.466000000000e-01	3.870240000000e-03	1.964440000000e-03	1.340000000000e+00	3.298500000000e-03	2.250000000000e+00	2.771786945059e-03	1.890714150791e+00	3.371800000000e-03	2.300000000000e+00	2.199000000000e-03	1.500000000000e+00	1.847160000000e-03	1.260000000000e+00	-9.675600000000e-04	-6.600000000000e-01	-5.131000000000e-04	-3.500000000000e-01	-8.048340000000e-03	-5.490000000000e+00	0.000000000000e+00	0.000000000000e+00	0.000000000000e+00	0.000000000000e+00	
  45	DIS_NCE	8.000000000000e-03	5.000000000000e+02	6.141842159570e-01	9.877000000000e-01	2.123555000000e-02	1.777860000000e-03	1.800000000000e-01	6.913900000000e-04	7.000000000000e-02	9.187202926397e-03	9.301612763387e-01	2.271710000000e-02	2.300000000000e+00	1.481550000000e-02	1.500000000000e+00	-2.271710000000e-03	-2.300000000000e-01	-3.753260000000e-03	-3.800000000000e-01	1.975400000000e-04	2.000000000000e-02	1.481550000000e-03	1.500000000000e-01	-1.876630000000e-03	-1.900000000000e-01	6.088591710732e-04	6.164414002969e-02	
  46	DIS_NCE	1.300000000000e-02	5.000000000000e+02	3.779595175120e-01	8.773000000000e-01	1.351042000000e-02	2.895090000000e-03	3.300000000000e-01	2.631900000000e-04	3.000000000000e-02	7.341066911955e-03	8.367795408589e-01	2.017790000000e-02	2.300000000000e+00	1.315950000000e-02	1.500000000000e+00	-2.280980000000e-03	-2.600000000000e-01	-4.211040000000e-03	-4.800000000000e-01	0.000000000000e+00	0.000000000000e+00	7.018400000000e-04	8.000000000000e-02	-5.263800000000e-04	-6.000000000000e-02	0.000000000000e+00	0.000000000000e+00	
  47	DIS_NCE	2.000000000000e-02	5.000000000000e+02	2.456736863828e-01	7.214000000000e-01	1.103742000000e-02	5.049800000000e-03	7.000000000000e-01	0.000000000000e+00	0.000000000000e+00	6.214516619304e-03	8.614522621713e-01	1.659220000000e-02	2.300000000000e+00	1.082100000000e-02	1.500000000000e+00	-5.049800000000e-03	-7.000000000000e-01	-3.246300000000e-03	-4.500000000000e-01	0.000000000000e+00	0.000000000000e+00	0.000000000000e+00	0.000000000000e+00	0.000000000000e+00	0.000000000000e+00	0.000000000000e+00	0.000000000000e+00	
  48	DIS_NCE	3.200000000000e-02	5.000000000000e+02	1.535460539892e-01	6.170000000000e-01	9.686900000000e-03	3.085000000000e-03	5.000000000000e-01	1.604200000000e-03	2.600000000000e-01	5.319456115995e-03	8.621484790916e-01	1.419100000000e-02	2.300000000000e+00	9.255000000000e-03	1.500000000000e+00	3.146700000000e-03	5.100000000000e-01	-2.282900000000e-03	-3.700000000000e-01	3.702000000000e-04	6.000000000000e-02	4.133900000000e-03	6.700000000000e-01	0.000000000000e+00	0.000000000000e+00	0.000000000000e+00	0.000000000000e+00	
  49	DIS_NCE	5.000000000000e-02	5.000000000000e+02	9.826947455312e-02	5.383000000000e-01	8.935780000000e-03	3.337460000000e-03	6.200000000000e-01	1.238090000000e-03	2.300000000000e-01	4.731837654686e-03	8.790335602240e-01	1.238090000000e-02	2.300000000000e+00	8.074500000000e-03	1.500000000000e+00	3.391290000000e-03	6.300000000000e-01	-2.045540000000e-03	-3.800000000000e-01	-5.921300000000e-04	-1.100000000000e-01	2.530010000000e-03	4.700000000000e-01	0.000000000000e+00	0.000000000000e+00	5.382999999999e-05	9.999999999999e-03	
  50	DIS_NCE	8.000000000000e-02	5.000000000000e+02	6.141842159570e-02	4.259000000000e-01	7.964330000000e-03	2.214680000000e-03	5.200000000000e-01	5.536700000000e-04	1.300000000000e-01	3.894831631830e-03	9.144943958276e-01	9.795700000000e-03	2.300000000000e+00	6.388500000000e-03	1.500000000000e+00	2.214680000000e-03	5.200000000000e-01	-2.001730000000e-03	-4.700000000000e-01	4.259000000000e-05	1.000000000000e-02	5.792240000000e-03	1.360000000000e+00	0.000000000000e+00	0.000000000000e+00	0.000000000000e+00	0.000000000000e+00	
  51	DIS_NCE	1.300000000000e-01	5.000000000000e+02	3.779595175120e-02	3.701000000000e-01	8.031170000000e-03	2.035550000000e-03	5.500000000000e-01	1.850500000000e-04	5.000000000000e-02	4.477904121785e-03	1.209917352549e+00	8.512300000000e-03	2.300000000000e+00	5.551500000000e-03	1.500000000000e+00	2.035550000000e-03	5.500000000000e-01	-1.591430000000e-03	-4.300000000000e-01	-2.590700000000e-04	-7.000000000000e-02	4.626250000000e-03	1.250000000000e+00	0.000000000000e+00	0.000000000000e+00	0.000000000000e+00	0.000000000000e+00	
  52	DIS_NCE	1.800000000000e-01	5.000000000000e+02	2.729707626476e-02	3.305000000000e-01	7.733700000000e-03	2.875350000000e-03	8.700000000000e-01	2.842300000000e-03	8.600000000000e-01	4.498200919256e-03	1.361029022468e+00	7.601500000000e-03	2.300000000000e+00	4.957500000000e-03	1.500000000000e+00	2.875350000000e-03	8.700000000000e-01	-1.916900000000e-03	-5.800000000000e-01	-9.915000000000e-04	-3.000000000000e-01	-3.635500000000e-04	-1.100000000000e-01	0.000000000000e+00	0.000000000000e+00	0.000000000000e+00	0.000000000000e+00	
  53	DIS_NCE	2.500000000000e-01	5.000000000000e+02	1.965389491062e-02	2.528000000000e-01	7.002560000000e-03	2.679680000000e-03	1.060000000000e+00	4.373440000000e-03	1.730000000000e+00	3.778408709708e-03	1.494623698461e+00	5.814400000000e-03	2.300000000000e+00	3.792000000000e-03	1.500000000000e+00	2.679680000000e-03	1.060000000000e+00	-1.390400000000e-03	-5.500000000000e-01	-1.061760000000e-03	-4.200000000000e-01	-8.140160000000e-03	-3.220000000000e+00	0.000000000000e+00	0.000000000000e+00	6.688459314372e-05	2.645751311065e-02	
  54	DIS_NCE	1.300000000000e-02	6.500000000000e+02	4.913473727656e-01	8.879000000000e-01	1.536067000000e-02	3.640390000000e-03	4.100000000000e-01	4.439500000000e-04	5.000000000000e-02	7.694564145616e-03	8.666025617317e-01	2.042170000000e-02	2.300000000000e+00	1.331850000000e-02	1.500000000000e+00	-2.308540000000e-03	-2.600000000000e-01	-2.752490000000e-03	-3.100000000000e-01	1.775800000000e-04	2.000000000000e-02	1.243060000000e-03	1.400000000000e-01	-1.154270000000e-03	-1.300000000000e-01	3.870266371970e-04	4.358898943541e-02	
  55	DIS_NCE	2.000000000000e-02	6.500000000000e+02	3.193757922976e-01	7.567000000000e-01	1.354493000000e-02	3.632160000000e-03	4.800000000000e-01	7.567000000000e-05	1.000000000000e-02	6.723993791966e-03	8.885943956609e-01	1.740410000000e-02	2.300000000000e+00	1.135050000000e-02	1.500000000000e+00	-3.707830000000e-03	-4.900000000000e-01	-3.934840000000e-03	-5.200000000000e-01	0.000000000000e+00	0.000000000000e+00	2.270100000000e-04	3.000000000000e-02	-7.567000000000e-05	-1.000000000000e-02	0.000000000000e+00	0.000000000000e+00	
  56	DIS_NCE	3.200000000000e-02	6.500000000000e+02	1.996098701860e-01	6.401000000000e-01	1.184185000000e-02	6.272980000000e-03	9.800000000000e-01	0.000000000000e+00	0.000000000000e+00	5.849827638076e-03	9.138927727037e-01	1.472230000000e-02	2.300000000000e+00	9.601500000000e-03	1.500000000000e+00	-5.888920000000e-03	-9.200000000000e-01	-3.200500000000e-03	-5.000000000000e-01	0.000000000000e+00	0.000000000000e+00	0.000000000000e+00	0.000000000000e+00	0.000000000000e+00	0.000000000000e+00	0.000000000000e+00	0.000000000000e+00	
  57	DIS_NCE	5.000000000000e-02	6.500000000000e+02	1.277503169191e-01	5.359000000000e-01	1.045005000000e-02	3.215400000000e-03	6.000000000000e-01	4.287200000000e-04	8.000000000000e-02	4.922118244374e-03	9.184770002564e-01	1.232570000000e-02	2.300000000000e+00	8.038500000000e-03	1.500000000000e+00	3.644120000000e-03	6.800000000000e-01	-2.036420000000e-03	-3.800000000000e-01	-3.751300000000e-04	-7.000000000000e-02	2.250780000000e-03	4.200000000000e-01	0.000000000000e+00	0.000000000000e+00	3.389329196168e-04	6.324555320337e-02	
  58	DIS_NCE	8.000000000000e-02	6.500000000000e+02	7.984394807441e-02	4.276000000000e-01	9.492720000000e-03	2.009720000000e-03	4.700000000000e-01	5.131200000000e-04	1.200000000000e-01	4.126063047701e-03	9.649352309870e-01	9.834800000000e-03	2.300000000000e+00	6.414000000000e-03	1.500000000000e+00	2.223520000000e-03	5.200000000000e-01	-1.368320000000e-03	-3.200000000000e-01	-2.993200000000e-04	-7.000000000000e-02	4.318760000000e-03	1.010000000000e+00	0.000000000000e+00	0.000000000000e+00	0.000000000000e+00	0.000000000000e+00	
  59	DIS_NCE	1.300000000000e-01	6.500000000000e+02	4.913473727656e-02	3.554000000000e-01	9.027160000000e-03	2.239020000000e-03	6.300000000000e-01	6.041800000000e-04	1.700000000000e-01	4.482268955518e-03	1.261189914327e+00	8.174200000000e-03	2.300000000000e+00	5.331000000000e-03	1.500000000000e+00	2.345640000000e-03	6.600000000000e-01	-1.528220000000e-03	-4.300000000000e-01	-2.843200000000e-04	-8.000000000000e-02	4.371420000000e-03	1.230000000000e+00	0.000000000000e+00	0.000000000000e+00	0.000000000000e+00	0.000000000000e+00	
  60	DIS_NCE	1.800000000000e-01	6.500000000000e+02	3.548619914418e-02	3.224000000000e-01	8.479120000000e-03	2.385760000000e-03	7.400000000000e-01	1.289600000000e-03	4.000000000000e-01	4.538860741640e-03	1.407835217630e+00	7.415200000000e-03	2.300000000000e+00	4.836000000000e-03	1.500000000000e+00	2.450240000000e-03	7.600000000000e-01	-1.192880000000e-03	-3.700000000000e-01	-4.836000000000e-04	-1.500000000000e-01	4.836000000000e-04	1.500000000000e-01	0.000000000000e+00	0.000000000000e+00	0.000000000000e+00	0.000000000000e+00	
  61	DIS_NCE	2.500000000000e-01	6.500000000000e+02	2.555006338381e-02	2.508000000000e-01	8.351640000000e-03	3.009600000000e-03	1.200000000000e+00	3.837240000000e-03	1.530000000000e+00	3.860609621290e-03	1.539318030818e+00	5.768400000000e-03	2.300000000000e+00	3.762000000000e-03	1.500000000000e+00	2.934360000000e-03	1.170000000000e+00	-1.203840000000e-03	-4.800000000000e-01	-9.781200000000e-04	-3.900000000000e-01	-6.420480000000e-03	-2.560000000000e+00	0.000000000000e+00	0.000000000000e+00	0.000000000000e+00	0.000000000000e+00	
  62	DIS_NCE	4.000000000000e-01	6.500000000000e+02	1.596878961488e-02	1.204000000000e-01	6.020000000000e-03	1.926400000000e-03	1.600000000000e+00	2.745120000000e-03	2.280000000000e+00	2.591258634718e-03	2.152208168370e+00	2.769200000000e-03	2.300000000000e+00	1.806000000000e-03	1.500000000000e+00	1.938440000000e-03	1.610000000000e+00	-8.668800000000e-04	-7.200000000000e-01	-6.501600000000e-04	-5.400000000000e-01	-4.671520000000e-03	-3.880000000000e+00	0.000000000000e+00	0.000000000000e+00	0.000000000000e+00	0.000000000000e+00	
  63	DIS_NCE	1.300000000000e-02	8.000000000000e+02	6.047352280192e-01	8.878000000000e-01	2.583498000000e-02	1.864380000000e-03	2.100000000000e-01	7.102400000000e-04	8.000000000000e-02	9.105902809057e-03	1.025670512397e+00	2.041940000000e-02	2.300000000000e+00	1.331700000000e-02	1.500000000000e+00	8.878000000000e-04	1.000000000000e-01	-3.107300000000e-03	-3.500000000000e-01	1.775600000000e-04	2.000000000000e-02	1.598040000000e-03	1.800000000000e-01	-1.065360000000e-03	-1.200000000000e-01	0.000000000000e+00	0.000000000000e+00	
  64	DIS_NCE	2.000000000000e-02	8.000000000000e+02	3.930778982125e-01	7.235000000000e-01	1.512115000000e-02	3.472800000000e-03	4.800000000000e-01	1.447000000000e-04	2.000000000000e-02	6.591795754762e-03	9.110982383914e-01	1.664050000000e-02	2.300000000000e+00	1.085250000000e-02	1.500000000000e+00	-1.953450000000e-03	-2.700000000000e-01	-2.459900000000e-03	-3.400000000000e-01	0.000000000000e+00	0.000000000000e+00	5.788000000000e-04	8.000000000000e-02	-3.617500000000e-04	-5.000000000000e-02	0.000000000000e+00	0.000000000000e+00	
  65	DIS_NCE	3.200000000000e-02	8.000000000000e+02	2.456736863828e-01	6.215000000000e-01	1.367300000000e-02	5.469200000000e-03	8.800000000000e-01	0.000000000000e+00	0.000000000000e+00	5.946946410554e-03	9.568698971125e-01	1.429450000000e-02	2.300000000000e+00	9.322500000000e-03	1.500000000000e+00	-3.853300000000e-03	-6.200000000000e-01	-2.921050000000e-03	-4.700000000000e-01	0.000000000000e+00	0.000000000000e+00	0.000000000000e+00	0.000000000000e+00	0.000000000000e+00	0.000000000000e+00	0.000000000000e+00	0.000000000000e+00	
  66	DIS_NCE	5.000000000000e-02	8.000000000000e+02	1.572311592850e-01	5.453000000000e-01	1.237831000000e-02	1.308720000000e-03	2.400000000000e-01	5.998300000000e-04	1.100000000000e-01	5.259530866218e-03	9.645206063118e-01	1.254190000000e-02	2.300000000000e+00	8.179500000000e-03	1.500000000000e+00	2.235730000000e-03	4.100000000000e-01	-1.581370000000e-03	-2.900000000000e-01	-1.090600000000e-04	-2.000000000000e-02	2.290260000000e-03	4.200000000000e-01	-1.090600000000e-04	-2.000000000000e-02	0.000000000000e+00	0.000000000000e+00	
  67	DIS_NCE	8.000000000000e-02	8.000000000000e+02	9.826947455312e-02	4.205000000000e-01	1.080685000000e-02	1.724050000000e-03	4.100000000000e-01	8.830500000000e-04	2.100000000000e-01	4.292808690706e-03	1.020881971630e+00	9.671500000000e-03	2.300000000000e+00	6.307500000000e-03	1.500000000000e+00	2.480950000000e-03	5.900000000000e-01	-1.892250000000e-03	-4.500000000000e-01	-2.523000000000e-04	-6.000000000000e-02	3.279900000000e-03	7.800000000000e-01	0.000000000000e+00	0.000000000000e+00	2.592136088248e-04	6.164414002969e-02	
  68	DIS_NCE	1.300000000000e-01	8.000000000000e+02	6.047352280192e-02	3.479000000000e-01	1.071532000000e-02	1.252440000000e-03	3.600000000000e-01	7.305900000000e-04	2.100000000000e-01	4.576835734293e-03	1.315560716957e+00	8.001700000000e-03	2.300000000000e+00	5.218500000000e-03	1.500000000000e+00	2.017820000000e-03	5.800000000000e-01	-1.322020000000e-03	-3.800000000000e-01	-1.391600000000e-04	-4.000000000000e-02	4.140010000000e-03	1.190000000000e+00	0.000000000000e+00	0.000000000000e+00	0.000000000000e+00	0.000000000000e+00	
  69	DIS_NCE	1.800000000000e-01	8.000000000000e+02	4.367532202361e-02	3.171000000000e-01	1.027404000000e-02	2.124570000000e-03	6.700000000000e-01	2.124570000000e-03	6.700000000000e-01	4.665466771149e-03	1.471291949275e+00	7.293300000000e-03	2.300000000000e+00	4.756500000000e-03	1.500000000000e+00	2.631930000000e-03	8.300000000000e-01	-1.268400000000e-03	-4.000000000000e-01	-6.659100000000e-04	-2.100000000000e-01	6.024900000000e-04	1.900000000000e-01	0.000000000000e+00	0.000000000000e+00	3.444587693760e-04	1.086278049120e-01	
  70	DIS_NCE	2.500000000000e-01	8.000000000000e+02	3.144623185700e-02	2.386000000000e-01	9.090660000000e-03	1.694060000000e-03	7.100000000000e-01	2.696180000000e-03	1.130000000000e+00	3.868706047763e-03	1.621419131502e+00	5.487800000000e-03	2.300000000000e+00	3.579000000000e-03	1.500000000000e+00	2.147400000000e-03	9.000000000000e-01	-7.873800000000e-04	-3.300000000000e-01	-5.726400000000e-04	-2.400000000000e-01	-3.531280000000e-03	-1.480000000000e+00	0.000000000000e+00	0.000000000000e+00	9.240938264051e-05	3.872983346207e-02	
  71	DIS_NCE	4.000000000000e-01	8.000000000000e+02	1.965389491062e-02	1.311000000000e-01	6.594330000000e-03	2.110710000000e-03	1.610000000000e+00	3.854340000000e-03	2.940000000000e+00	3.003277532280e-03	2.290829544073e+00	3.015300000000e-03	2.300000000000e+00	1.966500000000e-03	1.500000000000e+00	2.241810000000e-03	1.710000000000e+00	-8.652600000000e-04	-6.600000000000e-01	-1.035690000000e-03	-7.900000000000e-01	-6.830310000000e-03	-5.210000000000e+00	0.000000000000e+00	0.000000000000e+00	1.208682278351e-04	9.219544457295e-02	
  72	DIS_NCE	1.300000000000e-02	1.000000000000e+03	7.559190350240e-01	8.469000000000e-01	2.430603000000e-02	2.286630000000e-03	2.700000000000e-01	1.863180000000e-03	2.200000000000e-01	1.270434687177e-02	1.500099996667e+00	1.947870000000e-02	2.300000000000e+00	1.270350000000e-02	1.500000000000e+00	-2.540700000000e-04	-3.000000000000e-02	-1.693800000000e-03	-2.000000000000e-01	4.234500000000e-04	5.000000000000e-02	1.524420000000e-03	1.800000000000e-01	-1.041687000000e-02	-1.230000000000e+00	0.000000000000e+00	0.000000000000e+00	
  73	DIS_NCE	2.000000000000e-02	1.000000000000e+03	4.913473727656e-01	7.562000000000e-01	1.830004000000e-02	2.495460000000e-03	3.300000000000e-01	3.781000000000e-04	5.000000000000e-02	6.967717241393e-03	9.214119599832e-01	1.739260000000e-02	2.300000000000e+00	1.134300000000e-02	1.500000000000e+00	-1.436780000000e-03	-1.900000000000e-01	-2.797940000000e-03	-3.700000000000e-01	7.562000000000e-05	1.000000000000e-02	8.318200000000e-04	1.100000000000e-01	-8.318200000000e-04	-1.100000000000e-01	0.000000000000e+00	0.000000000000e+00	
  74	DIS_NCE	3.200000000000e-02	1.000000000000e+03	3.070921079785e-01	6.548000000000e-01	1.584616000000e-02	3.732360000000e-03	5.700000000000e-01	0.000000000000e+00	0.000000000000e+00	6.006697080426e-03	9.173330910852e-01	1.506040000000e-02	2.300000000000e+00	9.822000000000e-03	1.500000000000e+00	-1.898920000000e-03	-2.900000000000e-01	-2.881120000000e-03	-4.400000000000e-01	0.000000000000e+00	0.000000000000e+00	6.548000000000e-05	1.000000000000e-02	0.000000000000e+00	0.000000000000e+00	3.645772104781e-04	5.567764362830e-02	
  75	DIS_NCE	5.000000000000e-02	1.000000000000e+03	1.965389491062e-01	5.060000000000e-01	1.330780000000e-02	5.515400000000e-03	1.090000000000e+00	0.000000000000e+00	0.000000000000e+00	4.838587793975e-03	9.562426470306e-01	1.163800000000e-02	2.300000000000e+00	7.590000000000e-03	1.500000000000e+00	-3.238400000000e-03	-6.400000000000e-01	-3.339600000000e-03	-6.600000000000e-01	0.000000000000e+00	0.000000000000e+00	0.000000000000e+00	0.000000000000e+00	0.000000000000e+00	0.000000000000e+00	1.752835417260e-04	3.464101615138e-02	
  76	DIS_NCE	8.000000000000e-02	1.000000000000e+03	1.228368431914e-01	4.299000000000e-01	1.233813000000e-02	9.027900000000e-04	2.100000000000e-01	7.308300000000e-04	1.700000000000e-01	4.228345696298e-03	9.835649444749e-01	9.887700000000e-03	2.300000000000e+00	6.448500000000e-03	1.500000000000e+00	1.074750000000e-03	2.500000000000e-01	-1.117740000000e-03	-2.600000000000e-01	3.009300000000e-04	7.000000000000e-02	3.224250000000e-03	7.500000000000e-01	0.000000000000e+00	0.000000000000e+00	0.000000000000e+00	0.000000000000e+00	
  77	DIS_NCE	1.300000000000e-01	1.000000000000e+03	7.559190350240e-02	3.514000000000e-01	1.198274000000e-02	9.136400000000e-04	2.600000000000e-01	8.082200000000e-04	2.300000000000e-01	4.584389773132e-03	1.304607220584e+00	8.082200000000e-03	2.300000000000e+00	5.271000000000e-03	1.500000000000e+00	1.440740000000e-03	4.100000000000e-01	-1.089340000000e-03	-3.100000000000e-01	-4.216800000000e-04	-1.200000000000e-01	4.216800000000e-03	1.200000000000e+00	0.000000000000e+00	0.000000000000e+00	5.421135165258e-04	1.542724862054e-01	
  78	DIS_NCE	1.800000000000e-01	1.000000000000e+03	5.459415252951e-02	3.427000000000e-01	1.158326000000e-02	2.227550000000e-03	6.500000000000e-01	1.884850000000e-03	5.500000000000e-01	4.923324143615e-03	1.436627996386e+00	7.882100000000e-03	2.300000000000e+00	5.140500000000e-03	1.500000000000e+00	2.159010000000e-03	6.300000000000e-01	-1.370800000000e-03	-4.000000000000e-01	-7.196700000000e-04	-2.100000000000e-01	1.199450000000e-03	3.500000000000e-01	0.000000000000e+00	0.000000000000e+00	0.000000000000e+00	0.000000000000e+00	
  79	DIS_NCE	2.500000000000e-01	1.000000000000e+03	3.930778982125e-02	2.666000000000e-01	1.013080000000e-02	2.186120000000e-03	8.200000000000e-01	2.586020000000e-03	9.700000000000e-01	4.221718539363e-03	1.583540337345e+00	6.131800000000e-03	2.300000000000e+00	3.999000000000e-03	1.500000000000e+00	2.479380000000e-03	9.300000000000e-01	-1.013080000000e-03	-3.800000000000e-01	-8.264600000000e-04	-3.100000000000e-01	-2.586020000000e-03	-9.700000000000e-01	0.000000000000e+00	0.000000000000e+00	4.404954923719e-04	1.652271164186e-01	
  80	DIS_NCE	4.000000000000e-01	1.000000000000e+03	2.456736863828e-02	1.276000000000e-01	6.979720000000e-03	2.500960000000e-03	1.960000000000e+00	3.815240000000e-03	2.990000000000e+00	2.812501993030e-03	2.204155166952e+00	2.934800000000e-03	2.300000000000e+00	1.914000000000e-03	1.500000000000e+00	2.054360000000e-03	1.610000000000e+00	-6.762800000000e-04	-5.300000000000e-01	-7.783600000000e-04	-6.100000000000e-01	-6.367240000000e-03	-4.990000000000e+00	0.000000000000e+00	0.000000000000e+00	2.878787216867e-04	2.256102834536e-01	
  81	DIS_NCE	1.300000000000e-02	1.200000000000e+03	9.071028420288e-01	8.778000000000e-01	4.081770000000e-02	7.900200000000e-04	9.000000000000e-02	2.194500000000e-03	2.500000000000e-01	1.766603849722e-02	2.012535713969e+00	2.018940000000e-02	2.300000000000e+00	1.316700000000e-02	1.500000000000e+00	2.018940000000e-03	2.300000000000e-01	1.316700000000e-03	1.500000000000e-01	4.389000000000e-04	5.000000000000e-02	1.755600000000e-03	2.000000000000e-01	-1.492260000000e-02	-1.700000000000e+00	0.000000000000e+00	0.000000000000e+00	
  82	DIS_NCE	2.000000000000e-02	1.200000000000e+03	5.896168473187e-01	7.708000000000e-01	2.304692000000e-02	1.310360000000e-03	1.700000000000e-01	6.166400000000e-04	8.000000000000e-02	8.432425176377e-03	1.093983546494e+00	1.772840000000e-02	2.300000000000e+00	1.156200000000e-02	1.500000000000e+00	-8.478800000000e-04	-1.100000000000e-01	-2.158240000000e-03	-2.800000000000e-01	1.541600000000e-04	2.000000000000e-02	8.478800000000e-04	1.100000000000e-01	-2.235320000000e-03	-2.900000000000e-01	0.000000000000e+00	0.000000000000e+00	
  83	DIS_NCE	3.200000000000e-02	1.200000000000e+03	3.685105295742e-01	6.698000000000e-01	1.835252000000e-02	2.411280000000e-03	3.600000000000e-01	1.339600000000e-04	2.000000000000e-02	5.814543020255e-03	8.681013765684e-01	1.540540000000e-02	2.300000000000e+00	1.004700000000e-02	1.500000000000e+00	-1.808460000000e-03	-2.700000000000e-01	-3.014100000000e-03	-4.500000000000e-01	0.000000000000e+00	0.000000000000e+00	4.018800000000e-04	6.000000000000e-02	-6.698000000000e-05	-1.000000000000e-02	0.000000000000e+00	0.000000000000e+00	
  84	DIS_NCE	5.000000000000e-02	1.200000000000e+03	2.358467389275e-01	5.330000000000e-01	1.545700000000e-02	4.264000000000e-03	8.000000000000e-01	0.000000000000e+00	0.000000000000e+00	4.695545473105e-03	8.809653795695e-01	1.225900000000e-02	2.300000000000e+00	7.995000000000e-03	1.500000000000e+00	-2.238600000000e-03	-4.200000000000e-01	-2.291900000000e-03	-4.300000000000e-01	0.000000000000e+00	0.000000000000e+00	0.000000000000e+00	0.000000000000e+00	0.000000000000e+00	0.000000000000e+00	0.000000000000e+00	0.000000000000e+00	
  85	DIS_NCE	8.000000000000e-02	1.200000000000e+03	1.474042118297e-01	4.543000000000e-01	1.408330000000e-02	4.224990000000e-03	9.300000000000e-01	9.086000000000e-04	2.000000000000e-01	4.091727545768e-03	9.006664199358e-01	1.044890000000e-02	2.300000000000e+00	6.814500000000e-03	1.500000000000e+00	2.680370000000e-03	5.900000000000e-01	-1.226610000000e-03	-2.700000000000e-01	-5.905900000000e-04	-1.300000000000e-01	1.908060000000e-03	4.200000000000e-01	0.000000000000e+00	0.000000000000e+00	4.497340549703e-04	9.899494936612e-02	
  86	DIS_NCE	1.300000000000e-01	1.200000000000e+03	9.071028420288e-02	3.489000000000e-01	1.503759000000e-02	2.616750000000e-03	7.500000000000e-01	2.093400000000e-04	6.000000000000e-02	4.283804373159e-03	1.227802915781e+00	8.024700000000e-03	2.300000000000e+00	5.233500000000e-03	1.500000000000e+00	1.674720000000e-03	4.800000000000e-01	-5.931300000000e-04	-1.700000000000e-01	-1.046700000000e-04	-3.000000000000e-02	2.791200000000e-03	8.000000000000e-01	0.000000000000e+00	0.000000000000e+00	1.673265618484e-04	4.795831523313e-02	
  87	DIS_NCE	1.800000000000e-01	1.200000000000e+03	6.551298303541e-02	3.081000000000e-01	1.223157000000e-02	2.865330000000e-03	9.300000000000e-01	1.170780000000e-03	3.800000000000e-01	4.186987181112e-03	1.358970198349e+00	7.086300000000e-03	2.300000000000e+00	4.621500000000e-03	1.500000000000e+00	1.879410000000e-03	6.100000000000e-01	-8.626800000000e-04	-2.800000000000e-01	-4.313400000000e-04	-1.400000000000e-01	1.263210000000e-03	4.100000000000e-01	0.000000000000e+00	0.000000000000e+00	1.307157595701e-04	4.242640687119e-02	
  88	DIS_NCE	2.500000000000e-01	1.200000000000e+03	4.716934778550e-02	2.179000000000e-01	1.008877000000e-02	2.505850000000e-03	1.150000000000e+00	1.503510000000e-03	6.900000000000e-01	3.203574663013e-03	1.470204067468e+00	5.011700000000e-03	2.300000000000e+00	3.268500000000e-03	1.500000000000e+00	1.634250000000e-03	7.500000000000e-01	-6.101200000000e-04	-2.800000000000e-01	-4.140100000000e-04	-1.900000000000e-01	-3.704300000000e-04	-1.700000000000e-01	0.000000000000e+00	0.000000000000e+00	0.000000000000e+00	0.000000000000e+00	
  89	DIS_NCE	4.000000000000e-01	1.200000000000e+03	2.948084236594e-02	1.272000000000e-01	7.352160000000e-03	3.307200000000e-03	2.600000000000e+00	3.421680000000e-03	2.690000000000e+00	2.670594217024e-03	2.099523755522e+00	2.925600000000e-03	2.300000000000e+00	1.908000000000e-03	1.500000000000e+00	2.124240000000e-03	1.670000000000e+00	-4.197600000000e-04	-3.300000000000e-01	-8.776800000000e-04	-6.900000000000e-01	-5.342400000000e-03	-4.200000000000e+00	0.000000000000e+00	0.000000000000e+00	2.961329647304e-04	2.328089345365e-01	
  90	DIS_NCE	2.000000000000e-02	1.500000000000e+03	7.370210591484e-01	7.863000000000e-01	2.822817000000e-02	7.863000000000e-04	1.000000000000e-01	1.258080000000e-03	1.600000000000e-01	1.296799181369e-02	1.649242250247e+00	1.808490000000e-02	2.300000000000e+00	1.179450000000e-02	1.500000000000e+00	1.100820000000e-03	1.400000000000e-01	-2.123010000000e-03	-2.700000000000e-01	2.358900000000e-04	3.000000000000e-02	1.179450000000e-03	1.500000000000e-01	-7.312590000000e-03	-9.300000000000e-01	0.000000000000e+00	0.000000000000e+00	
  91	DIS_NCE	3.200000000000e-02	1.500000000000e+03	4.606381619677e-01	6.658000000000e-01	2.263720000000e-02	2.330300000000e-03	3.500000000000e-01	3.329000000000e-04	5.000000000000e-02	6.299115467778e-03	9.460972465873e-01	1.531340000000e-02	2.300000000000e+00	9.987000000000e-03	1.500000000000e+00	-2.396880000000e-03	-3.600000000000e-01	-1.797660000000e-03	-2.700000000000e-01	6.658000000000e-05	1.000000000000e-02	7.989600000000e-04	1.200000000000e-01	-3.329000000000e-04	-5.000000000000e-02	2.491195488114e-04	3.741657386774e-02	
  92	DIS_NCE	5.000000000000e-02	1.500000000000e+03	2.948084236594e-01	5.503000000000e-01	1.838002000000e-02	4.347370000000e-03	7.900000000000e-01	0.000000000000e+00	0.000000000000e+00	5.043582809868e-03	9.165151389912e-01	1.265690000000e-02	2.300000000000e+00	8.254500000000e-03	1.500000000000e+00	-2.146170000000e-03	-3.900000000000e-01	-2.311260000000e-03	-4.200000000000e-01	0.000000000000e+00	0.000000000000e+00	5.503000000000e-05	1.000000000000e-02	0.000000000000e+00	0.000000000000e+00	0.000000000000e+00	0.000000000000e+00	
  93	DIS_NCE	8.000000000000e-02	1.500000000000e+03	1.842552647871e-01	4.887000000000e-01	1.671354000000e-02	3.323160000000e-03	6.800000000000e-01	4.398300000000e-04	9.000000000000e-02	4.571631125966e-03	9.354677974147e-01	1.124010000000e-02	2.300000000000e+00	7.330500000000e-03	1.500000000000e+00	1.905930000000e-03	3.900000000000e-01	-8.307900000000e-04	-1.700000000000e-01	0.000000000000e+00	0.000000000000e+00	2.345760000000e-03	4.800000000000e-01	0.000000000000e+00	0.000000000000e+00	5.148773989019e-04	1.053565375285e-01	
  94	DIS_NCE	1.300000000000e-01	1.500000000000e+03	1.133878552536e-01	3.476000000000e-01	1.658052000000e-02	3.163160000000e-03	9.100000000000e-01	5.909200000000e-04	1.700000000000e-01	4.407672169116e-03	1.268029968100e+00	7.994800000000e-03	2.300000000000e+00	5.214000000000e-03	1.500000000000e+00	2.189880000000e-03	6.300000000000e-01	-7.647200000000e-04	-2.200000000000e-01	-2.433200000000e-04	-7.000000000000e-02	1.911800000000e-03	5.500000000000e-01	0.000000000000e+00	0.000000000000e+00	2.252705466767e-04	6.480740698408e-02	
  95	DIS_NCE	1.800000000000e-01	1.500000000000e+03	8.189122879427e-02	2.967000000000e-01	1.370754000000e-02	3.323040000000e-03	1.120000000000e+00	6.527400000000e-04	2.200000000000e-01	4.129569470393e-03	1.391833323354e+00	6.824100000000e-03	2.300000000000e+00	4.450500000000e-03	1.500000000000e+00	1.869210000000e-03	6.300000000000e-01	-5.340600000000e-04	-1.800000000000e-01	-3.857100000000e-04	-1.300000000000e-01	2.195580000000e-03	7.400000000000e-01	0.000000000000e+00	0.000000000000e+00	2.336218136219e-04	7.874007874012e-02	
  96	DIS_NCE	2.500000000000e-01	1.500000000000e+03	5.896168473187e-02	2.386000000000e-01	1.183456000000e-02	3.221100000000e-03	1.350000000000e+00	2.123540000000e-03	8.900000000000e-01	3.559381027426e-03	1.491777463297e+00	5.487800000000e-03	2.300000000000e+00	3.579000000000e-03	1.500000000000e+00	1.717920000000e-03	7.200000000000e-01	-3.579000000000e-04	-1.500000000000e-01	-5.249200000000e-04	-2.200000000000e-01	-1.025980000000e-03	-4.300000000000e-01	0.000000000000e+00	0.000000000000e+00	3.374313559822e-05	1.414213562373e-02	
  97	DIS_NCE	4.000000000000e-01	1.500000000000e+03	3.685105295742e-02	1.230000000000e-01	9.126600000000e-03	2.853600000000e-03	2.320000000000e+00	2.742900000000e-03	2.230000000000e+00	2.644242545607e-03	2.149790687486e+00	2.829000000000e-03	2.300000000000e+00	1.845000000000e-03	1.500000000000e+00	1.758900000000e-03	1.430000000000e+00	-4.059000000000e-04	-3.300000000000e-01	-7.257000000000e-04	-5.900000000000e-01	-3.763800000000e-03	-3.060000000000e+00	0.000000000000e+00	0.000000000000e+00	2.365952239586e-04	1.923538406167e-01	
  98	DIS_NCE	6.500000000000e-01	1.500000000000e+03	2.267757105072e-02	1.412000000000e-02	1.769236000000e-03	6.452840000000e-04	4.570000000000e+00	6.382240000000e-04	4.520000000000e+00	3.732383699032e-04	2.643331231609e+00	3.247600000000e-04	2.300000000000e+00	2.118000000000e-04	1.500000000000e+00	4.334840000000e-04	3.070000000000e+00	-6.212800000000e-05	-4.400000000000e-01	-1.369640000000e-04	-9.700000000000e-01	-1.469892000000e-03	-1.041000000000e+01	0.000000000000e+00	0.000000000000e+00	0.000000000000e+00	0.000000000000e+00	
  99	DIS_NCE	2.190000000000e-02	2.000000000000e+03	8.974381237728e-01	8.557000000000e-01	4.783363000000e-02	2.139250000000e-03	2.500000000000e-01	1.625830000000e-03	1.900000000000e-01	1.854619946721e-02	2.167371680169e+00	1.968110000000e-02	2.300000000000e+00	1.283550000000e-02	1.500000000000e+00	1.369120000000e-03	1.600000000000e-01	-1.711400000000e-03	-2.000000000000e-01	3.422800000000e-04	4.000000000000e-02	1.711400000000e-03	2.000000000000e-01	-1.394791000000e-02	-1.630000000000e+00	0.000000000000e+00	0.000000000000e+00	
 100	DIS_NCE	3.200000000000e-02	2.000000000000e+03	6.141842159570e-01	6.370000000000e-01	2.586220000000e-02	1.274000000000e-03	2.000000000000e-01	6.370000000000e-04	1.000000000000e-01	8.868037544463e-03	1.392156600387e+00	1.465100000000e-02	2.300000000000e+00	9.555000000000e-03	1.500000000000e+00	-6.370000000000e-04	-1.000000000000e-01	-2.484300000000e-03	-3.900000000000e-01	1.911000000000e-04	3.000000000000e-02	8.918000000000e-04	1.400000000000e-01	-1.337700000000e-03	-2.100000000000e-01	0.000000000000e+00	0.000000000000e+00	
 101	DIS_NCE	5.000000000000e-02	2.000000000000e+03	3.930778982125e-01	5.393000000000e-01	2.211130000000e-02	2.426850000000e-03	4.500000000000e-01	1.078600000000e-04	2.000000000000e-02	5.293662872860e-03	9.815803584017e-01	1.240390000000e-02	2.300000000000e+00	8.089500000000e-03	1.500000000000e+00	-1.617900000000e-03	-3.000000000000e-01	-1.671830000000e-03	-3.100000000000e-01	5.393000000000e-05	1.000000000000e-02	2.157200000000e-04	4.000000000000e-02	-1.078600000000e-04	-2.000000000000e-02	0.000000000000e+00	0.000000000000e+00	
 102	DIS_NCE	8.000000000000e-02	2.000000000000e+03	2.456736863828e-01	4.428000000000e-01	1.837620000000e-02	3.542400000000e-03	8.000000000000e-01	0.000000000000e+00	0.000000000000e+00	4.593396423389e-03	1.037352399139e+00	1.018440000000e-02	2.300000000000e+00	6.642000000000e-03	1.500000000000e+00	-2.435400000000e-03	-5.500000000000e-01	-1.992600000000e-03	-4.500000000000e-01	0.000000000000e+00	0.000000000000e+00	0.000000000000e+00	0.000000000000e+00	0.000000000000e+00	0.000000000000e+00	0.000000000000e+00	0.000000000000e+00	
 103	DIS_NCE	1.300000000000e-01	2.000000000000e+03	1.511838070048e-01	3.511000000000e-01	1.787099000000e-02	2.527920000000e-03	7.200000000000e-01	3.862100000000e-04	1.100000000000e-01	4.724089315244e-03	1.345511055324e+00	8.075300000000e-03	2.300000000000e+00	5.266500000000e-03	1.500000000000e+00	1.369290000000e-03	3.900000000000e-01	-7.724200000000e-04	-2.200000000000e-01	2.457700000000e-04	7.000000000000e-02	2.282150000000e-03	6.500000000000e-01	0.000000000000e+00	0.000000000000e+00	3.862100000000e-04	1.100000000000e-01	
 104	DIS_NCE	1.800000000000e-01	2.000000000000e+03	1.091883050590e-01	2.967000000000e-01	1.611081000000e-02	4.242810000000e-03	1.430000000000e+00	8.604300000000e-04	2.900000000000e-01	4.314511791547e-03	1.454166427889e+00	6.824100000000e-03	2.300000000000e+00	4.450500000000e-03	1.500000000000e+00	2.373600000000e-03	8.000000000000e-01	-7.714200000000e-04	-2.600000000000e-01	-3.857100000000e-04	-1.300000000000e-01	1.483500000000e-03	5.000000000000e-01	0.000000000000e+00	0.000000000000e+00	0.000000000000e+00	0.000000000000e+00	
 105	DIS_NCE	2.500000000000e-01	2.000000000000e+03	7.861557964250e-02	2.441000000000e-01	1.371842000000e-02	3.246530000000e-03	1.330000000000e+00	1.562240000000e-03	6.400000000000e-01	3.782447452259e-03	1.549548321286e+00	5.614300000000e-03	2.300000000000e+00	3.661500000000e-03	1.500000000000e+00	1.855160000000e-03	7.600000000000e-01	-6.834800000000e-04	-2.800000000000e-01	-4.393800000000e-04	-1.800000000000e-01	-5.370200000000e-04	-2.200000000000e-01	0.000000000000e+00	0.000000000000e+00	1.291655790062e-04	5.291502622129e-02	
 106	DIS_NCE	4.000000000000e-01	2.000000000000e+03	4.913473727656e-02	1.243000000000e-01	8.875020000000e-03	2.759460000000e-03	2.220000000000e+00	2.287120000000e-03	1.840000000000e+00	2.741061615889e-03	2.205198403772e+00	2.858900000000e-03	2.300000000000e+00	1.864500000000e-03	1.500000000000e+00	1.653190000000e-03	1.330000000000e+00	-1.367300000000e-04	-1.100000000000e-01	-6.339300000000e-04	-5.100000000000e-01	-2.921050000000e-03	-2.350000000000e+00	0.000000000000e+00	0.000000000000e+00	0.000000000000e+00	0.000000000000e+00	
 107	DIS_NCE	6.500000000000e-01	2.000000000000e+03	3.023676140096e-02	9.850000000000e-03	1.669575000000e-03	5.023500000000e-04	5.100000000000e+00	5.171250000000e-04	5.250000000000e+00	2.794693408945e-04	2.837252191822e+00	2.265500000000e-04	2.300000000000e+00	1.477500000000e-04	1.500000000000e+00	2.610250000000e-04	2.650000000000e+00	-4.728000000000e-05	-4.800000000000e-01	-1.053950000000e-04	-1.070000000000e+00	-9.790900000000e-04	-9.940000000000e+00	0.000000000000e+00	0.000000000000e+00	0.000000000000e+00	0.000000000000e+00	
 108	DIS_NCE	3.200000000000e-02	3.000000000000e+03	9.212763239355e-01	7.167000000000e-01	2.723460000000e-02	1.290060000000e-03	1.800000000000e-01	7.883700000000e-04	1.100000000000e-01	1.237859376003e-02	1.727165307665e+00	1.648410000000e-02	2.300000000000e+00	1.075050000000e-02	1.500000000000e+00	-8.600400000000e-04	-1.200000000000e-01	-2.078430000000e-03	-2.900000000000e-01	1.433400000000e-04	2.000000000000e-02	7.883700000000e-04	1.100000000000e-01	-4.730220000000e-03	-6.600000000000e-01	2.266404399043e-04	3.162277660168e-02	
 109	DIS_NCE	5.000000000000e-02	3.000000000000e+03	5.896168473187e-01	5.896000000000e-01	1.963368000000e-02	1.061280000000e-03	1.800000000000e-01	3.537600000000e-04	6.000000000000e-02	7.821038999621e-03	1.326499151903e+00	1.356080000000e-02	2.300000000000e+00	8.844000000000e-03	1.500000000000e+00	-5.306400000000e-04	-9.000000000000e-02	-2.004640000000e-03	-3.400000000000e-01	1.179200000000e-04	2.000000000000e-02	4.716800000000e-04	8.000000000000e-02	-3.537600000000e-04	-6.000000000000e-02	3.119869946007e-04	5.291502622129e-02	
 110	DIS_NCE	8.000000000000e-02	3.000000000000e+03	3.685105295742e-01	4.892000000000e-01	1.785580000000e-02	2.446000000000e-03	5.000000000000e-01	0.000000000000e+00	0.000000000000e+00	5.497572051879e-03	1.123788236279e+00	1.125160000000e-02	2.300000000000e+00	7.338000000000e-03	1.500000000000e+00	-1.516520000000e-03	-3.100000000000e-01	-1.956800000000e-03	-4.000000000000e-01	0.000000000000e+00	0.000000000000e+00	4.892000000000e-05	1.000000000000e-02	0.000000000000e+00	0.000000000000e+00	3.055053020816e-04	6.244997998398e-02	
 111	DIS_NCE	1.300000000000e-01	3.000000000000e+03	2.267757105072e-01	3.947000000000e-01	1.740627000000e-02	3.394420000000e-03	8.600000000000e-01	0.000000000000e+00	0.000000000000e+00	5.465276799550e-03	1.384666024715e+00	9.078100000000e-03	2.300000000000e+00	5.920500000000e-03	1.500000000000e+00	-1.973500000000e-03	-5.000000000000e-01	-1.420920000000e-03	-3.600000000000e-01	0.000000000000e+00	0.000000000000e+00	0.000000000000e+00	0.000000000000e+00	0.000000000000e+00	0.000000000000e+00	2.734561814990e-04	6.928203230276e-02	
 112	DIS_NCE	1.800000000000e-01	3.000000000000e+03	1.637824575885e-01	2.947000000000e-01	1.494129000000e-02	3.212230000000e-03	1.090000000000e+00	5.599300000000e-04	1.900000000000e-01	4.221416774864e-03	1.432445461440e+00	6.778100000000e-03	2.300000000000e+00	4.420500000000e-03	1.500000000000e+00	1.827140000000e-03	6.200000000000e-01	-3.241700000000e-04	-1.100000000000e-01	-2.062900000000e-04	-7.000000000000e-02	1.650320000000e-03	5.600000000000e-01	0.000000000000e+00	0.000000000000e+00	0.000000000000e+00	0.000000000000e+00	
 113	DIS_NCE	2.500000000000e-01	3.000000000000e+03	1.179233694637e-01	2.363000000000e-01	1.231123000000e-02	3.355460000000e-03	1.420000000000e+00	9.215700000000e-04	3.900000000000e-01	3.570867526022e-03	1.511158495989e+00	5.434900000000e-03	2.300000000000e+00	3.544500000000e-03	1.500000000000e+00	2.032180000000e-03	8.600000000000e-01	-1.654100000000e-04	-7.000000000000e-02	-2.835600000000e-04	-1.200000000000e-01	6.143800000000e-04	2.600000000000e-01	0.000000000000e+00	0.000000000000e+00	9.452000000000e-05	4.000000000000e-02	
 114	DIS_NCE	4.000000000000e-01	3.000000000000e+03	7.370210591484e-02	1.144000000000e-01	7.413120000000e-03	2.951520000000e-03	2.580000000000e+00	1.944800000000e-03	1.700000000000e+00	2.451258599822e-03	2.142708566278e+00	2.631200000000e-03	2.300000000000e+00	1.716000000000e-03	1.500000000000e+00	1.807520000000e-03	1.580000000000e+00	-2.059200000000e-04	-1.800000000000e-01	-4.804800000000e-04	-4.200000000000e-01	-1.727440000000e-03	-1.510000000000e+00	0.000000000000e+00	0.000000000000e+00	0.000000000000e+00	0.000000000000e+00	
 115	DIS_NCE	6.500000000000e-01	3.000000000000e+03	4.535514210144e-02	1.068000000000e-02	1.443936000000e-03	4.891440000000e-04	4.580000000000e+00	5.265240000000e-04	4.930000000000e+00	2.794631745043e-04	2.616696390489e+00	2.456400000000e-04	2.300000000000e+00	1.602000000000e-04	1.500000000000e+00	2.979720000000e-04	2.790000000000e+00	-2.242800000000e-05	-2.100000000000e-01	-1.463160000000e-04	-1.370000000000e+00	-8.511960000000e-04	-7.970000000000e+00	0.000000000000e+00	0.000000000000e+00	2.330100907686e-05	2.181742422927e-01	
 116	DIS_NCE	5.470000000000e-02	5.000000000000e+03	8.982584511254e-01	6.285000000000e-01	3.186495000000e-02	7.542000000000e-04	1.200000000000e-01	8.170500000000e-04	1.300000000000e-01	1.188961874525e-02	1.891745225975e+00	1.445550000000e-02	2.300000000000e+00	9.427500000000e-03	1.500000000000e+00	3.142500000000e-04	5.000000000000e-02	-2.262600000000e-03	-3.600000000000e-01	1.885500000000e-04	3.000000000000e-02	8.170500000000e-04	1.300000000000e-01	-3.582450000000e-03	-5.700000000000e-01	2.266088976629e-04	3.605551275464e-02	
 117	DIS_NCE	8.000000000000e-02	5.000000000000e+03	6.141842159570e-01	5.192000000000e-01	2.066416000000e-02	9.864800000000e-04	1.900000000000e-01	2.596000000000e-04	5.000000000000e-02	7.720907268553e-03	1.487077671139e+00	1.194160000000e-02	2.300000000000e+00	7.788000000000e-03	1.500000000000e+00	-1.038400000000e-03	-2.000000000000e-01	-1.453760000000e-03	-2.800000000000e-01	5.192000000000e-05	1.000000000000e-02	3.634400000000e-04	7.000000000000e-02	-5.711200000000e-04	-1.100000000000e-01	0.000000000000e+00	0.000000000000e+00	
 118	DIS_NCE	1.300000000000e-01	5.000000000000e+03	3.779595175120e-01	4.579000000000e-01	2.042234000000e-02	1.282120000000e-03	2.800000000000e-01	4.579000000000e-05	1.000000000000e-02	7.677851136321e-03	1.676752814222e+00	1.053170000000e-02	2.300000000000e+00	6.868500000000e-03	1.500000000000e+00	1.098960000000e-03	2.400000000000e-01	-1.740020000000e-03	-3.800000000000e-01	0.000000000000e+00	0.000000000000e+00	4.579000000000e-05	1.000000000000e-02	-4.579000000000e-05	-1.000000000000e-02	7.931060647858e-05	1.732050807569e-02	
 119	DIS_NCE	1.800000000000e-01	5.000000000000e+03	2.729707626476e-01	3.693000000000e-01	1.901895000000e-02	9.971100000000e-04	2.700000000000e-01	0.000000000000e+00	0.000000000000e+00	6.385366803121e-03	1.729045979724e+00	8.493900000000e-03	2.300000000000e+00	5.539500000000e-03	1.500000000000e+00	-6.278100000000e-04	-1.700000000000e-01	-1.255620000000e-03	-3.400000000000e-01	0.000000000000e+00	0.000000000000e+00	0.000000000000e+00	0.000000000000e+00	0.000000000000e+00	0.000000000000e+00	0.000000000000e+00	0.000000000000e+00	
 120	DIS_NCE	2.500000000000e-01	5.000000000000e+03	1.965389491062e-01	2.309000000000e-01	1.784857000000e-02	2.562990000000e-03	1.110000000000e+00	0.000000000000e+00	0.000000000000e+00	4.359059334765e-03	1.887855926706e+00	5.310700000000e-03	2.300000000000e+00	3.463500000000e-03	1.500000000000e+00	1.870290000000e-03	8.100000000000e-01	-2.770800000000e-04	-1.200000000000e-01	0.000000000000e+00	0.000000000000e+00	0.000000000000e+00	0.000000000000e+00	0.000000000000e+00	0.000000000000e+00	1.006469766063e-04	4.358898943540e-02	
 121	DIS_NCE	4.000000000000e-01	5.000000000000e+03	1.228368431914e-01	1.161000000000e-01	9.079020000000e-03	2.182680000000e-03	1.880000000000e+00	1.648620000000e-03	1.420000000000e+00	2.748604667972e-03	2.367445881113e+00	2.670300000000e-03	2.300000000000e+00	1.741500000000e-03	1.500000000000e+00	1.520910000000e-03	1.310000000000e+00	-4.644000000000e-05	-4.000000000000e-02	-5.340600000000e-04	-4.600000000000e-01	-1.044900000000e-03	-9.000000000000e-01	0.000000000000e+00	0.000000000000e+00	1.482265573371e-04	1.276714533480e-01	
 122	DIS_NCE	6.500000000000e-01	5.000000000000e+03	7.559190350240e-02	1.400000000000e-02	1.946000000000e-03	5.782000000000e-04	4.130000000000e+00	6.454000000000e-04	4.610000000000e+00	4.108827083244e-04	2.934876488031e+00	3.220000000000e-04	2.300000000000e+00	2.100000000000e-04	1.500000000000e+00	3.430000000000e-04	2.450000000000e+00	2.800000000000e-05	2.000000000000e-01	-1.624000000000e-04	-1.160000000000e+00	-7.098000000000e-04	-5.070000000000e+00	0.000000000000e+00	0.000000000000e+00	0.000000000000e+00	0.000000000000e+00	
 123	DIS_NCE	8.750000000000e-02	8.000000000000e+03	8.984637673428e-01	6.273000000000e-01	4.698477000000e-02	2.446470000000e-03	3.900000000000e-01	5.645700000000e-04	9.000000000000e-02	1.541665528275e-02	2.457620800693e+00	1.442790000000e-02	2.300000000000e+00	9.409500000000e-03	1.500000000000e+00	1.380060000000e-03	2.200000000000e-01	-2.195550000000e-03	-3.500000000000e-01	1.254600000000e-04	2.000000000000e-02	6.900300000000e-04	1.100000000000e-01	-6.273000000000e-03	-1.000000000000e+00	4.300552130832e-04	6.855654600401e-02	
 124	DIS_NCE	1.300000000000e-01	8.000000000000e+03	6.047352280192e-01	5.100000000000e-01	3.049800000000e-02	1.428000000000e-03	2.800000000000e-01	1.530000000000e-04	3.000000000000e-02	1.128195621335e-02	2.212148277128e+00	1.173000000000e-02	2.300000000000e+00	7.650000000000e-03	1.500000000000e+00	-9.690000000000e-04	-1.900000000000e-01	-1.479000000000e-03	-2.900000000000e-01	5.100000000000e-05	1.000000000000e-02	3.060000000000e-04	6.000000000000e-02	-1.275000000000e-03	-2.500000000000e-01	0.000000000000e+00	0.000000000000e+00	
 125	DIS_NCE	1.800000000000e-01	8.000000000000e+03	4.367532202361e-01	3.774000000000e-01	2.494614000000e-02	6.038400000000e-04	1.600000000000e-01	7.548000000000e-05	2.000000000000e-02	8.053401199096e-03	2.133916586936e+00	8.680200000000e-03	2.300000000000e+00	5.661000000000e-03	1.500000000000e+00	-1.887000000000e-04	-5.000000000000e-02	-1.358640000000e-03	-3.600000000000e-01	3.774000000000e-05	1.000000000000e-02	7.548000000000e-05	2.000000000000e-02	0.000000000000e+00	0.000000000000e+00	0.000000000000e+00	0.000000000000e+00	
 126	DIS_NCE	2.500000000000e-01	8.000000000000e+03	3.144623185700e-01	2.579000000000e-01	1.965198000000e-02	2.682160000000e-03	1.040000000000e+00	0.000000000000e+00	0.000000000000e+00	5.749492827198e-03	2.229349680961e+00	5.931700000000e-03	2.300000000000e+00	3.868500000000e-03	1.500000000000e+00	1.341080000000e-03	5.200000000000e-01	7.737000000000e-05	3.000000000000e-02	0.000000000000e+00	0.000000000000e+00	0.000000000000e+00	0.000000000000e+00	0.000000000000e+00	0.000000000000e+00	0.000000000000e+00	0.000000000000e+00	
 127	DIS_NCE	4.000000000000e-01	8.000000000000e+03	1.965389491062e-01	1.158000000000e-01	1.215900000000e-02	4.064580000000e-03	3.510000000000e+00	0.000000000000e+00	0.000000000000e+00	3.279410203070e-03	2.831960451701e+00	2.663400000000e-03	2.300000000000e+00	1.737000000000e-03	1.500000000000e+00	2.420220000000e-03	2.090000000000e+00	6.137400000000e-04	5.300000000000e-01	0.000000000000e+00	0.000000000000e+00	0.000000000000e+00	0.000000000000e+00	0.000000000000e+00	0.000000000000e+00	1.491978632555e-04	1.288409872673e-01	
 128	DIS_NCE	6.500000000000e-01	8.000000000000e+03	1.209470456038e-01	1.215000000000e-02	2.058210000000e-03	5.090850000000e-04	4.190000000000e+00	4.556250000000e-04	3.750000000000e+00	4.057627068251e-04	3.339610755762e+00	2.794500000000e-04	2.300000000000e+00	1.822500000000e-04	1.500000000000e+00	2.903850000000e-04	2.390000000000e+00	2.794500000000e-05	2.300000000000e-01	-1.057050000000e-04	-8.700000000000e-01	-3.195450000000e-04	-2.630000000000e+00	0.000000000000e+00	0.000000000000e+00	0.000000000000e+00	0.000000000000e+00	
 129	DIS_NCE	1.300000000000e-01	1.200000000000e+04	9.071028420288e-01	7.125000000000e-01	9.191250000000e-02	3.633750000000e-03	5.100000000000e-01	9.262500000000e-04	1.300000000000e-01	2.580647066387e-02	3.621960794929e+00	1.638750000000e-02	2.300000000000e+00	1.068750000000e-02	1.500000000000e+00	2.422500000000e-03	3.400000000000e-01	-2.137500000000e-03	-3.000000000000e-01	2.850000000000e-04	4.000000000000e-02	8.550000000000e-04	1.200000000000e-01	-9.547500000000e-03	-1.340000000000e+00	0.000000000000e+00	0.000000000000e+00	
 130	DIS_NCE	1.800000000000e-01	1.200000000000e+04	6.551298303541e-01	4.883000000000e-01	4.062656000000e-02	8.301100000000e-04	1.700000000000e-01	3.906400000000e-04	8.000000000000e-02	1.070335333147e-02	2.191962590922e+00	1.123090000000e-02	2.300000000000e+00	7.324500000000e-03	1.500000000000e+00	-1.464900000000e-04	-3.000000000000e-02	-1.513730000000e-03	-3.100000000000e-01	1.464900000000e-04	3.000000000000e-02	4.883000000000e-04	1.000000000000e-01	-9.277700000000e-04	-1.900000000000e-01	9.766000000000e-05	2.000000000000e-02	
 131	DIS_NCE	2.500000000000e-01	1.200000000000e+04	4.716934778550e-01	3.073000000000e-01	2.848671000000e-02	3.226650000000e-03	1.050000000000e+00	6.146000000000e-05	2.000000000000e-02	6.870062470022e-03	2.235620719174e+00	7.067900000000e-03	2.300000000000e+00	4.609500000000e-03	1.500000000000e+00	1.475040000000e-03	4.800000000000e-01	-3.994900000000e-04	-1.300000000000e-01	3.073000000000e-05	1.000000000000e-02	9.219000000000e-05	3.000000000000e-02	0.000000000000e+00	0.000000000000e+00	1.267030358752e-04	4.123105625618e-02	
 132	DIS_NCE	4.000000000000e-01	1.200000000000e+04	2.948084236594e-01	1.912000000000e-01	2.064960000000e-02	7.686240000000e-03	4.020000000000e+00	0.000000000000e+00	0.000000000000e+00	5.323366487928e-03	2.784187493686e+00	4.397600000000e-03	2.300000000000e+00	2.868000000000e-03	1.500000000000e+00	3.212160000000e-03	1.680000000000e+00	1.147200000000e-03	6.000000000000e-01	0.000000000000e+00	0.000000000000e+00	0.000000000000e+00	0.000000000000e+00	0.000000000000e+00	0.000000000000e+00	2.816551877740e-04	1.473091986266e-01	
 133	DIS_NCE	6.500000000000e-01	1.200000000000e+04	1.814205684058e-01	1.376000000000e-02	3.250112000000e-03	6.439680000000e-04	4.680000000000e+00	4.210560000000e-04	3.060000000000e+00	4.111823236668e-04	2.988243631299e+00	3.164800000000e-04	2.300000000000e+00	2.064000000000e-04	1.500000000000e+00	3.522560000000e-04	2.560000000000e+00	6.192000000000e-05	4.500000000000e-01	-1.155840000000e-04	-8.400000000000e-01	-2.559360000000e-04	-1.860000000000e+00	0.000000000000e+00	0.000000000000e+00	2.566894715410e-05	1.865475810618e-01	
 134	DIS_NCE	2.500000000000e-01	2.000000000000e+04	7.861557964250e-01	4.698000000000e-01	5.834916000000e-02	5.496660000000e-03	1.170000000000e+00	3.758400000000e-04	8.000000000000e-02	1.199674568553e-02	2.553585714246e+00	1.080540000000e-02	2.300000000000e+00	7.047000000000e-03	1.500000000000e+00	2.020140000000e-03	4.300000000000e-01	-7.986600000000e-04	-1.700000000000e-01	1.409400000000e-04	3.000000000000e-02	2.818800000000e-04	6.000000000000e-02	-3.805380000000e-03	-8.100000000000e-01	0.000000000000e+00	0.000000000000e+00	
 135	DIS_NCE	4.000000000000e-01	2.000000000000e+04	4.913473727656e-01	2.164000000000e-01	2.960352000000e-02	7.768760000000e-03	3.590000000000e+00	6.492000000000e-05	3.000000000000e-02	6.119147663392e-03	2.827702247409e+00	4.977200000000e-03	2.300000000000e+00	3.246000000000e-03	1.500000000000e+00	2.207280000000e-03	1.020000000000e+00	2.596800000000e-04	1.200000000000e-01	2.164000000000e-05	1.000000000000e-02	6.492000000000e-05	3.000000000000e-02	-2.380400000000e-04	-1.100000000000e-01	0.000000000000e+00	0.000000000000e+00	
 136	DIS_NCE	6.500000000000e-01	2.000000000000e+04	3.023676140096e-01	1.676000000000e-02	5.936392000000e-03	2.604504000000e-03	1.554000000000e+01	0.000000000000e+00	0.000000000000e+00	5.477931070468e-04	3.268455292642e+00	3.854800000000e-04	2.300000000000e+00	2.514000000000e-04	1.500000000000e+00	7.474960000000e-04	4.460000000000e+00	4.474920000000e-04	2.670000000000e+00	0.000000000000e+00	0.000000000000e+00	0.000000000000e+00	0.000000000000e+00	0.000000000000e+00	0.000000000000e+00	2.340406631336e-05	1.396424004377e-01	
 137	DIS_NCE	4.000000000000e-01	3.000000000000e+04	7.370210591484e-01	1.938000000000e-01	5.372136000000e-02	6.569820000000e-03	3.390000000000e+00	2.713200000000e-04	1.400000000000e-01	8.972730710302e-03	4.629892007380e+00	4.457400000000e-03	2.300000000000e+00	2.907000000000e-03	1.500000000000e+00	2.034900000000e-03	1.050000000000e+00	-4.845000000000e-04	-2.500000000000e-01	5.814000000000e-05	3.000000000000e-02	1.744200000000e-04	9.000000000000e-02	-3.546540000000e-03	-1.830000000000e+00	2.293072523929e-04	1.183215956620e-01	
 138	DIS_NCE	6.500000000000e-01	3.000000000000e+04	4.535514210144e-01	4.060000000000e-02	1.285396000000e-02	4.380740000000e-03	1.079000000000e+01	0.000000000000e+00	0.000000000000e+00	1.429581289189e-03	3.521136180269e+00	9.338000000000e-04	2.300000000000e+00	6.090000000000e-04	1.500000000000e+00	1.388520000000e-03	3.420000000000e+00	7.551600000000e-04	1.860000000000e+00	0.000000000000e+00	0.000000000000e+00	4.060000000000e-06	1.000000000000e-02	0.000000000000e+00	0.000000000000e+00	9.425847654190e-05	2.321637353249e-01	
 139	DIS_NCE	6.500000000000e-01	5.000000000000e+04	7.559190350240e-01	7.653000000000e-02	4.422668700000e-02	6.795864000000e-03	8.880000000000e+00	0.000000000000e+00	0.000000000000e+00	4.373553913253e-03	5.714822831900e+00	1.760190000000e-03	2.300000000000e+00	1.147950000000e-03	1.500000000000e+00	2.165799000000e-03	2.830000000000e+00	8.954010000000e-04	1.170000000000e+00	0.000000000000e+00	0.000000000000e+00	0.000000000000e+00	0.000000000000e+00	0.000000000000e+00	0.000000000000e+00	0.000000000000e+00	0.000000000000e+00	
