FASERVNB_DSIGMA_INCLUSIVE	1	58
   1	DIS_SNB	6.596677000000e-04	4.053784000000e+00	9.651483000000e-01	4.708761150374e+02	3.247411859090e+02	1.666821607947e+01	3.539830445243e+00	
   2	DIS_SNB	8.250394000000e-04	4.872500000000e+00	8.251624000000e-01	1.217433288645e+01	1.050797495634e+02	3.697939922307e+00	3.037488753428e+01	
   3	DIS_SNB	1.126902000000e-03	5.151480000000e+00	7.836622000000e-01	2.982113279246e+01	3.189826633038e+01	1.778073266948e+00	5.962460511886e+00	
   4	DIS_SNB	1.041377000000e-03	1.006477000000e+01	9.553560000000e-01	4.110861522155e+02	7.689466403482e+02	1.900508088339e+01	4.623138186718e+00	
   5	DIS_SNB	1.534080000000e-03	5.493421000000e+00	7.260469000000e-01	1.034657526426e+01	1.248129123533e+01	1.472989445243e+00	1.423649282609e+01	
   6	DIS_SNB	1.538907000000e-03	1.098001000000e+01	8.772516000000e-01	1.398221821324e+02	9.373858436935e+01	1.107471559627e+01	7.920571276583e+00	
   7	DIS_SNB	2.075352000000e-03	5.816482000000e+00	6.610321000000e-01	8.232811980714e+00	6.445293122204e+00	6.350653568075e-01	7.713832871383e+00	
   8	DIS_SNB	2.112753000000e-03	1.197134000000e+01	8.092421000000e-01	9.158044816854e+00	2.602668372323e+01	2.620026471030e+00	2.860901560788e+01	
   9	DIS_SNB	2.888541000000e-03	6.079811000000e+00	5.988081000000e-01	3.539053342630e-01	3.053788821311e+00	5.194592674148e-01	1.467791573407e+02	
  10	DIS_SNB	2.926564000000e-03	1.322237000000e+01	7.813686000000e-01	4.863287500671e+00	7.749873112742e+00	9.536044008615e-01	1.960822593215e+01	
  11	DIS_SNB	3.928083000000e-03	6.231540000000e+00	5.430708000000e-01	3.477394883101e+00	1.557193025949e+00	4.701520846829e-01	1.352023858342e+01	
  12	DIS_SNB	3.993282000000e-03	1.424754000000e+01	7.272048000000e-01	9.907256401366e+00	2.826993043858e+00	3.767504713978e-01	3.802772999252e+00	
  13	DIS_SNB	5.317750000000e-03	6.384214000000e+00	4.769905000000e-01	7.186139052103e-01	9.707247684944e-01	2.449626393090e-01	3.408821309091e+01	
  14	DIS_SNB	5.385057000000e-03	1.590443000000e+01	6.824957000000e-01	3.343255138365e+00	1.375185194455e+00	8.686502555069e-02	2.598217065575e+00	
  15	DIS_SNB	7.429090000000e-03	6.463980000000e+00	4.086643000000e-01	4.897130356784e-01	5.750866849796e-01	1.120315363679e-01	2.287697655682e+01	
  16	DIS_SNB	7.488846000000e-03	1.801661000000e+01	6.351875000000e-01	1.274020844249e+00	6.584319733561e-01	9.261433540149e-02	7.269452130201e+00	
  17	DIS_SNB	1.013366000000e-02	6.580759000000e+00	3.503407000000e-01	6.961375793397e-01	3.306913890120e-01	1.589948039093e-01	2.283956629092e+01	
  18	DIS_SNB	1.023261000000e-02	2.049518000000e+01	5.969433000000e-01	6.939463535333e-01	3.121819915641e-01	6.318627205025e-02	9.105353998697e+00	
  19	DIS_SNB	1.124451000000e-02	1.058302000000e+02	9.714603000000e-01	3.567004215917e+01	3.525808989377e+01	3.272998149012e+00	9.175761930438e+00	
  20	DIS_SNB	1.380099000000e-02	6.643345000000e+00	2.976422000000e-01	6.680887388376e-02	2.149633978060e-01	1.057746163150e-01	1.583242018104e+02	
  21	DIS_SNB	1.390732000000e-02	2.363823000000e+01	5.615867000000e-01	4.382544291257e-01	1.681883829778e-01	4.295176023885e-02	9.800644873010e+00	
  22	DIS_SNB	1.471255000000e-02	1.106794000000e+02	8.730092000000e-01	7.785826356865e+00	3.592223499316e+00	1.092979039180e+00	1.403806081825e+01	
  23	DIS_SNB	1.913080000000e-02	6.713645000000e+00	2.465239000000e-01	8.383763591740e-02	1.485237542583e-01	3.866535280093e-02	4.611932621648e+01	
  24	DIS_SNB	1.928926000000e-02	2.706878000000e+01	5.179328000000e-01	2.186305965129e-01	1.005163280780e-01	3.783444208554e-02	1.730519089687e+01	
  25	DIS_SNB	1.994747000000e-02	1.180492000000e+02	8.309498000000e-01	9.073911904929e-01	8.152421127624e-01	3.422262114483e-01	3.771539938165e+01	
  26	DIS_SNB	2.598160000000e-02	7.252713000000e+00	2.131139000000e-01	1.874702908928e-01	9.976580653224e-02	7.319063622194e-02	3.904119200614e+01	
  27	DIS_SNB	2.638585000000e-02	3.057817000000e+01	4.772417000000e-01	1.535774507365e-01	5.072298022399e-02	1.887239317637e-02	1.228851832470e+01	
  28	DIS_SNB	2.697183000000e-02	1.255118000000e+02	7.777257000000e-01	2.869575317787e-01	2.228826537273e-01	9.283541785031e-02	3.235162265123e+01	
  29	DIS_SNB	3.513189000000e-02	8.236352000000e+00	1.893946000000e-01	2.887263131175e-01	8.563843222281e-02	6.890328142021e-02	2.386456595391e+01	
  30	DIS_SNB	3.594437000000e-02	3.361148000000e+01	4.286872000000e-01	1.092868519240e-01	2.903800852549e-02	2.508242003265e-02	2.295099510240e+01	
  31	DIS_SNB	3.662754000000e-02	1.366007000000e+02	7.316039000000e-01	8.008883536550e-02	7.862965902329e-02	2.076993303493e-02	2.593361851267e+01	
  32	DIS_SNB	4.531039000000e-02	9.235668000000e+00	1.709183000000e-01	6.300049425984e-02	1.376952995810e-01	5.507337593369e-02	8.741737121386e+01	
  33	DIS_SNB	4.948620000000e-02	3.600242000000e+01	3.741133000000e-01	9.647513630505e-02	1.928024447019e-02	1.327699905134e-02	1.376209411030e+01	
  34	DIS_SNB	5.022920000000e-02	1.497966000000e+02	6.786361000000e-01	9.145574480591e-02	3.695295904581e-02	1.555807795406e-02	1.701159176723e+01	
  35	DIS_SNB	6.803802000000e-02	4.102757000000e+01	3.354797000000e-01	5.814900952118e-02	1.086475059218e-02	9.368375184034e-03	1.611097981062e+01	
  36	DIS_SNB	6.909706000000e-02	1.659163000000e+02	6.271898000000e-01	2.271122607040e-02	1.420212139885e-02	3.599167238164e-03	1.584752503897e+01	
  37	DIS_SNB	9.273473000000e-02	4.679589000000e+01	3.010119000000e-01	5.192696600393e-02	6.658709253954e-03	1.047975768848e-02	2.018172540195e+01	
  38	DIS_SNB	9.389395000000e-02	1.851618000000e+02	5.808083000000e-01	2.792163409032e-02	6.316374596076e-03	3.000944401779e-03	1.074773916194e+01	
  39	DIS_SNB	1.261712000000e-01	5.273613000000e+01	2.625375000000e-01	2.893969896199e-02	5.166233611982e-03	4.231543593401e-03	1.462193369377e+01	
  40	DIS_SNB	1.274561000000e-01	2.036888000000e+02	5.213761000000e-01	9.144191850779e-03	3.827713613182e-03	1.862213915610e-03	2.036499174556e+01	
  41	DIS_SNB	1.356484000000e-01	1.093008000000e+03	9.023977000000e-01	1.567289010794e-01	6.556580901998e-02	2.212195520497e-02	1.411478996702e+01	
  42	DIS_SNB	1.754877000000e-01	6.032935000000e+01	2.297127000000e-01	1.278560027720e-02	3.271576765030e-03	3.681594865879e-03	2.879485347625e+01	
  43	DIS_SNB	1.780218000000e-01	2.290679000000e+02	4.678109000000e-01	1.049990541884e-02	1.803918822171e-03	1.227130228372e-04	1.168705982980e+00	
  44	DIS_SNB	1.850039000000e-01	1.154935000000e+03	8.306632000000e-01	2.217535346155e-03	8.796893871634e-03	5.311450544138e-03	2.395204456763e+02	
  45	DIS_SNB	2.388135000000e-01	6.897890000000e+01	2.044367000000e-01	7.418837804838e-03	2.053678013248e-03	3.833004360373e-03	5.166583312919e+01	
  46	DIS_SNB	2.424677000000e-01	2.555977000000e+02	4.254159000000e-01	2.988375527377e-03	8.113796733355e-04	1.077440310416e-03	3.605438140372e+01	
  47	DIS_SNB	2.482181000000e-01	1.222162000000e+03	7.745149000000e-01	7.668806734886e-04	1.725935203705e-03	8.554744248003e-04	1.115524819407e+02	
  48	DIS_SNB	3.186904000000e-01	7.828309000000e+01	1.817988000000e-01	4.492183978016e-03	1.675269168930e-03	1.923985504335e-03	4.282962393685e+01	
  49	DIS_SNB	3.235914000000e-01	2.711976000000e+02	3.681940000000e-01	3.918498830278e-03	5.173002126047e-04	3.522839281886e-04	8.990277742753e+00	
  50	DIS_SNB	3.247319000000e-01	1.275419000000e+03	7.047994000000e-01	2.828482600323e-04	7.496652673960e-04	1.862155856684e-04	6.583586041760e+01	
  51	DIS_SNB	4.336844000000e-01	9.035977000000e+01	1.594689000000e-01	3.064740077716e-03	1.419857023483e-03	1.021349166369e-03	3.332580057262e+01	
  52	DIS_SNB	4.598112000000e-01	2.857387000000e+02	3.023408000000e-01	1.384628450440e-03	2.113597417216e-04	9.674868038229e-05	6.987338758752e+00	
  53	DIS_SNB	4.689956000000e-01	1.352370000000e+03	5.956321000000e-01	2.567165586716e-04	2.648719802610e-04	1.326170858766e-04	5.165895280104e+01	
  54	DIS_SNB	5.312705000000e-01	9.980178000000e+01	1.848527000000e-01	7.758120402617e-02	9.004443300738e-02	4.665497556720e-04	6.013695733758e-01	
  55	DIS_SNB	6.234029000000e-01	3.303442000000e+02	2.782426000000e-01	3.360658549925e-04	3.970544129783e-05	8.664300826045e-05	2.578155649356e+01	
  56	DIS_SNB	6.358032000000e-01	1.450909000000e+03	5.433371000000e-01	5.527824239701e-07	3.577117820017e-05	8.488755022180e-06	1.535641267538e+03	
  57	DIS_SNB	8.212022000000e-01	3.909483000000e+02	2.611545000000e-01	2.371751177739e-06	2.485712884207e-06	4.730359899808e-06	1.994458754445e+02	
  58	DIS_SNB	8.315767000000e-01	1.549042000000e+03	4.994211000000e-01	2.979627676214e-06	1.768399168864e-06	1.247963691805e-06	4.188320915955e+01	
