NTVNBDMNFe	3	45
   1	DIS_DM_NB	1.500000000000e-02	7.648485768000e-01	3.490000000000e-01	1.180452078599e+01	3.239562026858e+00	9.940306018024e-01	8.420762009939e+00	2.478949365059e-01	2.100000000000e+00	6.784207348273e-01	5.747126436782e+00	
   2	DIS_DM_NB	4.200000000000e-02	2.141576015040e+00	3.490000000000e-01	1.216483616888e+01	3.404043092811e+00	1.131382539568e+00	9.300433839479e+00	2.554615595465e-01	2.100000000000e+00	6.991285154530e-01	5.747126436782e+00	
   3	DIS_DM_NB	7.200000000000e-02	3.671273168640e+00	3.490000000000e-01	1.104737081105e+01	3.015305546587e+00	9.318245649954e-01	8.434808434808e+00	2.319947870322e-01	2.100000000000e+00	6.349063684514e-01	5.747126436782e+00	
   4	DIS_DM_NB	1.140000000000e-01	5.812849183680e+00	3.490000000000e-01	8.644196942431e+00	2.289123421364e+00	4.766305140801e-01	5.513878469617e+00	1.815281357911e-01	2.100000000000e+00	4.967929277259e-01	5.747126436782e+00	
   5	DIS_DM_NB	2.070000000000e-01	1.055491035984e+01	3.490000000000e-01	2.552783687296e+00	5.925533025718e-01	3.875618897902e-01	1.518193224592e+01	5.360845743321e-02	2.100000000000e+00	1.467117061664e-01	5.747126436782e+00	
   6	DIS_DM_NB	1.500000000000e-02	1.268903512800e+00	5.790000000000e-01	9.165662429768e+00	1.992984282273e+00	4.729465291611e-01	5.159981973862e+00	1.924789110251e-01	2.100000000000e+00	5.267622086074e-01	5.747126436782e+00	
   7	DIS_DM_NB	4.200000000000e-02	3.552929835840e+00	5.790000000000e-01	1.042862087181e+01	2.239731596527e+00	9.294265127917e-01	8.912266772529e+00	2.190010383081e-01	2.100000000000e+00	5.993460271158e-01	5.747126436782e+00	
   8	DIS_DM_NB	7.200000000000e-02	6.090736861440e+00	5.790000000000e-01	1.147526161491e+01	2.479184961235e+00	8.669922428965e-01	7.555315704263e+00	2.409804939131e-01	2.100000000000e+00	6.594977939603e-01	5.747126436782e+00	
   9	DIS_DM_NB	1.140000000000e-01	9.643666697280e+00	5.790000000000e-01	6.036467631028e+00	1.188877184280e+00	3.580955374339e-01	5.932203389831e+00	1.267658202516e-01	2.100000000000e+00	3.469234270706e-01	5.747126436782e+00	
  10	DIS_DM_NB	2.070000000000e-01	1.751086847664e+01	5.790000000000e-01	3.094278990413e+00	6.366996087745e-01	2.777956891787e-01	8.977719528178e+00	6.497985879868e-02	2.100000000000e+00	1.778321258858e-01	5.747126436782e+00	
  11	DIS_DM_NB	1.500000000000e-02	1.700637523200e+00	7.760000000000e-01	9.447763494494e+00	2.495205540584e+00	2.260238890943e+00	2.392353377877e+01	1.984030333844e-01	2.100000000000e+00	5.429749134767e-01	5.747126436782e+00	
  12	DIS_DM_NB	4.200000000000e-02	4.761785064960e+00	7.760000000000e-01	8.515955716326e+00	1.998786300361e+00	1.382963056412e+00	1.623966942149e+01	1.788350700429e-01	2.100000000000e+00	4.894227423176e-01	5.747126436782e+00	
  13	DIS_DM_NB	7.200000000000e-02	8.163060111360e+00	7.760000000000e-01	7.953596834122e+00	1.810104765289e+00	6.851413003176e-01	8.614232209738e+00	1.670255335166e-01	2.100000000000e+00	4.571032663288e-01	5.747126436782e+00	
  14	DIS_DM_NB	1.140000000000e-01	1.292484517632e+01	7.760000000000e-01	7.045061694462e+00	1.685788852329e+00	6.334796618999e-01	8.991825613079e+00	1.479462955837e-01	2.100000000000e+00	4.048886031300e-01	5.747126436782e+00	
  15	DIS_DM_NB	2.070000000000e-01	2.346879782016e+01	7.760000000000e-01	2.474287437295e+00	6.190053364502e-01	2.548845503030e-01	1.030133146461e+01	5.196003618320e-02	2.100000000000e+00	1.422004274308e-01	5.747126436782e+00	
  16	DIS_DM_NB	1.500000000000e-02	1.411650416400e+00	3.490000000000e-01	1.498324109043e+01	3.568927502105e+00	1.475651842327e+00	9.848682494130e+00	3.146480628991e-01	2.100000000000e+00	8.611058097951e-01	5.747126436782e+00	
  17	DIS_DM_NB	4.200000000000e-02	3.952621165920e+00	3.490000000000e-01	1.449534689162e+01	3.535546169289e+00	1.952202241089e+00	1.346778559827e+01	3.044022847241e-01	2.100000000000e+00	8.330659133117e-01	5.747126436782e+00	
  18	DIS_DM_NB	7.200000000000e-02	6.775921998720e+00	3.490000000000e-01	1.422932346621e+01	3.507502831893e+00	9.692041251360e-01	6.811315572645e+00	2.988157927904e-01	2.100000000000e+00	8.177772107017e-01	5.747126436782e+00	
  19	DIS_DM_NB	1.140000000000e-01	1.072854316464e+01	3.490000000000e-01	8.318414332213e+00	1.959336178461e+00	5.141796730752e-01	6.181222196207e+00	1.746867009765e-01	2.100000000000e+00	4.780697892076e-01	5.747126436782e+00	
  20	DIS_DM_NB	2.070000000000e-01	1.948077574632e+01	3.490000000000e-01	3.057289948749e+00	6.731824555921e-01	4.282134817807e-01	1.400630914826e+01	6.420308892374e-02	2.100000000000e+00	1.757063188936e-01	5.747126436782e+00	
  21	DIS_DM_NB	1.500000000000e-02	2.341964444400e+00	5.790000000000e-01	1.841657871484e+01	4.795804400162e+00	7.791810352666e-01	4.230867455521e+00	3.867481530117e-01	2.100000000000e+00	1.058424064071e+00	5.747126436782e+00	
  22	DIS_DM_NB	4.200000000000e-02	6.557500444320e+00	5.790000000000e-01	1.448913471943e+01	3.569673012927e+00	9.218645220360e-01	6.362453934533e+00	3.042718291080e-01	2.100000000000e+00	8.327088919212e-01	5.747126436782e+00	
  23	DIS_DM_NB	7.200000000000e-02	1.124142933312e+01	5.790000000000e-01	1.133342174343e+01	2.763599243937e+00	1.912416947024e+00	1.687413554633e+01	2.380018566120e-01	2.100000000000e+00	6.513460772085e-01	5.747126436782e+00	
  24	DIS_DM_NB	1.140000000000e-01	1.779892977744e+01	5.790000000000e-01	9.777395317494e+00	2.482974612950e+00	1.131462347196e+00	1.157222665603e+01	2.053253016674e-01	2.100000000000e+00	5.619192711203e-01	5.747126436782e+00	
  25	DIS_DM_NB	2.070000000000e-01	3.231910933272e+01	5.790000000000e-01	3.451094979152e+00	8.705185719406e-01	3.128910169609e-01	9.066427289048e+00	7.247299456220e-02	2.100000000000e+00	1.983387919053e-01	5.747126436782e+00	
  26	DIS_DM_NB	1.500000000000e-02	3.138798633600e+00	7.760000000000e-01	1.117874467445e+01	2.411271052044e+00	7.812172919210e-01	6.988416988417e+00	2.347536381635e-01	2.100000000000e+00	6.424565904857e-01	5.747126436782e+00	
  27	DIS_DM_NB	4.200000000000e-02	8.788636174080e+00	7.760000000000e-01	1.554014675025e+01	3.448073798305e+00	1.508261665646e+00	9.705581870530e+00	3.263430817553e-01	2.100000000000e+00	8.931118821984e-01	5.747126436782e+00	
  28	DIS_DM_NB	7.200000000000e-02	1.506623344128e+01	7.760000000000e-01	1.029748333133e+01	2.301756542347e+00	1.129299303589e+00	1.096675048896e+01	2.162471499579e-01	2.100000000000e+00	5.918093868578e-01	5.747126436782e+00	
  29	DIS_DM_NB	1.140000000000e-01	2.385486961536e+01	7.760000000000e-01	7.557912070838e+00	1.731662845387e+00	3.730176800338e-01	4.935459377373e+00	1.587161534876e-01	2.100000000000e+00	4.343627626918e-01	5.747126436782e+00	
  30	DIS_DM_NB	2.070000000000e-01	4.331542114368e+01	7.760000000000e-01	3.263312021879e+00	8.622224239785e-01	2.797940316222e-01	8.573928258968e+00	6.852955245945e-02	2.100000000000e+00	1.875466679241e-01	5.747126436782e+00	
  31	DIS_DM_NB	1.500000000000e-02	2.227272839400e+00	3.490000000000e-01	1.638439037189e+01	3.735243263130e+00	2.328713275253e+00	1.421299921691e+01	3.440721978098e-01	2.100000000000e+00	9.416316305686e-01	5.747126436782e+00	
  32	DIS_DM_NB	4.200000000000e-02	6.236363950320e+00	3.490000000000e-01	1.670186367728e+01	3.828248899983e+00	2.275036804198e+00	1.362145475593e+01	3.507391372229e-01	2.100000000000e+00	9.598772228323e-01	5.747126436782e+00	
  33	DIS_DM_NB	7.200000000000e-02	1.069090962912e+01	3.490000000000e-01	1.144685886144e+01	2.520718814539e+00	1.820251381053e+00	1.590175438596e+01	2.403840360901e-01	2.100000000000e+00	6.578654518066e-01	5.747126436782e+00	
  34	DIS_DM_NB	1.140000000000e-01	1.692727357944e+01	3.490000000000e-01	7.239226588753e+00	1.598935963335e+00	6.674237204311e-01	9.219544550077e+00	1.520237583638e-01	2.100000000000e+00	4.160475051007e-01	5.747126436782e+00	
  35	DIS_DM_NB	2.070000000000e-01	3.073636518372e+01	3.490000000000e-01	4.409385305966e+00	9.828626231158e-01	4.763469902015e-01	1.080302484696e+01	9.259709142528e-02	2.100000000000e+00	2.534129486187e-01	5.747126436782e+00	
  36	DIS_DM_NB	1.500000000000e-02	3.695103077400e+00	5.790000000000e-01	1.725229582754e+01	4.523356868225e+00	5.663992959686e+00	3.283037235337e+01	3.622982123783e-01	2.100000000000e+00	9.915112544563e-01	5.747126436782e+00	
  37	DIS_DM_NB	4.200000000000e-02	1.034628861672e+01	5.790000000000e-01	1.457353621894e+01	3.745718427953e+00	1.313524763096e+00	9.013081954598e+00	3.060442605977e-01	2.100000000000e+00	8.375595528125e-01	5.747126436782e+00	
  38	DIS_DM_NB	7.200000000000e-02	1.773649477152e+01	5.790000000000e-01	1.159268795157e+01	3.018768940713e+00	1.333907165095e+00	1.150645278012e+01	2.434464469831e-01	2.100000000000e+00	6.662464339985e-01	5.747126436782e+00	
  39	DIS_DM_NB	1.140000000000e-01	2.808278338824e+01	5.790000000000e-01	7.827772283748e+00	1.987607421051e+00	1.910946545765e+00	2.441239316239e+01	1.643832179587e-01	2.100000000000e+00	4.498719703304e-01	5.747126436782e+00	
  40	DIS_DM_NB	2.070000000000e-01	5.099242246812e+01	5.790000000000e-01	3.830724155268e+00	1.031882248921e+00	5.547754026456e-01	1.448225923244e+01	8.044520726062e-02	2.100000000000e+00	2.201565606476e-01	5.747126436782e+00	
  41	DIS_DM_NB	1.500000000000e-02	4.952331585600e+00	7.760000000000e-01	1.208624009395e+01	2.482185054383e+00	9.661040601418e-01	7.993421052632e+00	2.538110419730e-01	2.100000000000e+00	6.946114996526e-01	5.747126436782e+00	
  42	DIS_DM_NB	4.200000000000e-02	1.386652843968e+01	7.760000000000e-01	1.602669783285e+01	3.470707677428e+00	1.346703436835e+00	8.402875320169e+00	3.365606544899e-01	2.100000000000e+00	9.210745880950e-01	5.747126436782e+00	
  43	DIS_DM_NB	7.200000000000e-02	2.377119161088e+01	7.760000000000e-01	1.334722566774e+01	3.027205821550e+00	5.887703630199e-01	4.411181601903e+00	2.802917390226e-01	2.100000000000e+00	7.670819349277e-01	5.747126436782e+00	
  44	DIS_DM_NB	1.140000000000e-01	3.763772005056e+01	7.760000000000e-01	6.333875293209e+00	1.409729857708e+00	6.288954191839e-01	9.929078014184e+00	1.330113811574e-01	2.100000000000e+00	3.640158214488e-01	5.747126436782e+00	
  45	DIS_DM_NB	2.070000000000e-01	6.834217588128e+01	7.760000000000e-01	2.427649012271e+00	6.032898793381e-01	3.108655273445e-01	1.280520889853e+01	5.098062925769e-02	2.100000000000e+00	1.395200581765e-01	5.747126436782e+00	
