EIC_NC_EMP_28_PES	2	76
   1	DIS_NCE	3.250000000000e-03	1.290000000000e+00	4.840525328330e-01	0.000000000000e+00	0.000000000000e+00	0.000000000000e+00	2.300000000000e+00	0.000000000000e+00	4.300000000000e+00	
   2	DIS_NCE	5.150000000000e-03	1.290000000000e+00	3.054700449917e-01	0.000000000000e+00	0.000000000000e+00	0.000000000000e+00	2.300000000000e+00	0.000000000000e+00	4.300000000000e+00	
   3	DIS_NCE	5.150000000000e-03	2.050000000000e+00	4.854368932039e-01	0.000000000000e+00	0.000000000000e+00	0.000000000000e+00	2.300000000000e+00	0.000000000000e+00	4.300000000000e+00	
   4	DIS_NCE	8.150000000000e-03	1.290000000000e+00	1.930270836451e-01	0.000000000000e+00	0.000000000000e+00	0.000000000000e+00	2.300000000000e+00	0.000000000000e+00	4.300000000000e+00	
   5	DIS_NCE	8.150000000000e-03	2.050000000000e+00	3.067484662577e-01	0.000000000000e+00	0.000000000000e+00	0.000000000000e+00	2.300000000000e+00	0.000000000000e+00	4.300000000000e+00	
   6	DIS_NCE	8.150000000000e-03	3.250000000000e+00	4.863085440670e-01	3.994941852389e-01	1.718103690794e-05	9.188366260495e-03	2.300000000000e+00	1.717824996527e-02	4.300000000000e+00	
   7	DIS_NCE	1.290000000000e-02	1.290000000000e+00	1.219512195122e-01	0.000000000000e+00	0.000000000000e+00	0.000000000000e+00	2.300000000000e+00	0.000000000000e+00	4.300000000000e+00	
   8	DIS_NCE	1.290000000000e-02	2.050000000000e+00	1.937984496124e-01	0.000000000000e+00	0.000000000000e+00	0.000000000000e+00	2.300000000000e+00	0.000000000000e+00	4.300000000000e+00	
   9	DIS_NCE	1.290000000000e-02	3.250000000000e+00	3.072414445075e-01	3.924100867681e-01	1.600773449805e-05	9.025431995666e-03	2.300000000000e+00	1.687363373103e-02	4.300000000000e+00	
  10	DIS_NCE	1.290000000000e-02	5.150000000000e+00	4.868595197580e-01	4.278616374913e-01	2.259538887463e-05	9.840817662301e-03	2.300000000000e+00	1.839805041213e-02	4.300000000000e+00	
  11	DIS_NCE	2.050000000000e-02	1.290000000000e+00	7.674003569304e-02	0.000000000000e+00	0.000000000000e+00	0.000000000000e+00	2.300000000000e+00	0.000000000000e+00	4.300000000000e+00	
  12	DIS_NCE	2.050000000000e-02	2.050000000000e+00	1.219512195122e-01	0.000000000000e+00	0.000000000000e+00	0.000000000000e+00	2.300000000000e+00	0.000000000000e+00	4.300000000000e+00	
  13	DIS_NCE	2.050000000000e-02	3.250000000000e+00	1.933372992267e-01	3.779457788383e-01	1.505913561401e-05	8.692752913281e-03	2.300000000000e+00	1.625166849005e-02	4.300000000000e+00	
  14	DIS_NCE	2.050000000000e-02	5.150000000000e+00	3.063652587745e-01	4.019515331815e-01	2.033731766160e-05	9.244885263175e-03	2.300000000000e+00	1.728391592680e-02	4.300000000000e+00	
  15	DIS_NCE	2.050000000000e-02	8.150000000000e+00	4.848304580607e-01	4.275690494122e-01	2.825872391053e-05	9.834088136480e-03	2.300000000000e+00	1.838546912472e-02	4.300000000000e+00	
  16	DIS_NCE	3.250000000000e-02	1.290000000000e+00	4.840525328330e-02	0.000000000000e+00	0.000000000000e+00	0.000000000000e+00	2.300000000000e+00	0.000000000000e+00	4.300000000000e+00	
  17	DIS_NCE	3.250000000000e-02	2.050000000000e+00	7.692307692308e-02	0.000000000000e+00	0.000000000000e+00	0.000000000000e+00	2.300000000000e+00	0.000000000000e+00	4.300000000000e+00	
  18	DIS_NCE	3.250000000000e-02	3.250000000000e+00	1.219512195122e-01	3.776014877262e-01	1.492600936353e-05	8.684834217702e-03	2.300000000000e+00	1.623686397223e-02	4.300000000000e+00	
  19	DIS_NCE	3.250000000000e-02	5.150000000000e+00	1.932457786116e-01	3.921731666255e-01	1.934650292230e-05	9.019982832386e-03	2.300000000000e+00	1.686344616490e-02	4.300000000000e+00	
  20	DIS_NCE	3.250000000000e-02	8.150000000000e+00	3.058161350844e-01	4.386222019762e-01	2.774090381126e-05	1.008831064545e-02	2.300000000000e+00	1.886075468498e-02	4.300000000000e+00	
  21	DIS_NCE	3.250000000000e-02	1.290000000000e+01	4.840525328330e-01	4.347546138788e-01	3.657007376310e-05	9.999356119212e-03	2.300000000000e+00	1.869444839679e-02	4.300000000000e+00	
  22	DIS_NCE	5.150000000000e-02	1.290000000000e+00	3.054700449917e-02	0.000000000000e+00	0.000000000000e+00	0.000000000000e+00	2.300000000000e+00	0.000000000000e+00	4.300000000000e+00	
  23	DIS_NCE	5.150000000000e-02	2.050000000000e+00	4.854368932039e-02	0.000000000000e+00	0.000000000000e+00	0.000000000000e+00	2.300000000000e+00	0.000000000000e+00	4.300000000000e+00	
  24	DIS_NCE	5.150000000000e-02	3.250000000000e+00	7.695950745915e-02	3.596518618828e-01	1.433022000820e-05	8.271992823305e-03	2.300000000000e+00	1.546503006096e-02	4.300000000000e+00	
  25	DIS_NCE	5.150000000000e-02	5.150000000000e+00	1.219512195122e-01	3.707220386930e-01	1.828828592902e-05	8.526606889938e-03	2.300000000000e+00	1.594104766380e-02	4.300000000000e+00	
  26	DIS_NCE	5.150000000000e-02	8.150000000000e+00	1.929907648591e-01	3.998902778023e-01	2.491191261265e-05	9.197476389452e-03	2.300000000000e+00	1.719528194550e-02	4.300000000000e+00	
  27	DIS_NCE	5.150000000000e-02	1.290000000000e+01	3.054700449917e-01	4.123145651904e-01	3.350902565851e-05	9.483234999378e-03	2.300000000000e+00	1.772952630319e-02	4.300000000000e+00	
  28	DIS_NCE	5.150000000000e-02	2.050000000000e+01	4.854368932039e-01	4.290601647238e-01	4.680985439522e-05	9.868383788648e-03	2.300000000000e+00	1.844958708312e-02	4.300000000000e+00	
  29	DIS_NCE	8.150000000000e-02	1.290000000000e+00	1.930270836451e-02	0.000000000000e+00	0.000000000000e+00	0.000000000000e+00	2.300000000000e+00	0.000000000000e+00	4.300000000000e+00	
  30	DIS_NCE	8.150000000000e-02	2.050000000000e+00	3.067484662577e-02	0.000000000000e+00	0.000000000000e+00	0.000000000000e+00	2.300000000000e+00	0.000000000000e+00	4.300000000000e+00	
  31	DIS_NCE	8.150000000000e-02	3.250000000000e+00	4.863085440670e-02	3.622817980948e-01	1.454957258737e-05	8.332481356180e-03	2.300000000000e+00	1.557811731808e-02	4.300000000000e+00	
  32	DIS_NCE	8.150000000000e-02	5.150000000000e+00	7.706120005985e-02	3.868970998227e-01	1.920857407219e-05	8.898633295922e-03	2.300000000000e+00	1.663657529238e-02	4.300000000000e+00	
  33	DIS_NCE	8.150000000000e-02	8.150000000000e+00	1.219512195122e-01	3.718942760560e-01	2.316784933400e-05	8.553568349289e-03	2.300000000000e+00	1.599145387041e-02	4.300000000000e+00	
  34	DIS_NCE	8.150000000000e-02	1.290000000000e+01	1.930270836451e-01	3.961618261097e-01	3.169517442071e-05	9.111722000522e-03	2.300000000000e+00	1.703495852272e-02	4.300000000000e+00	
  35	DIS_NCE	8.150000000000e-02	2.050000000000e+01	3.067484662577e-01	3.916403406548e-01	4.124123415244e-05	9.007727835059e-03	2.300000000000e+00	1.684053464815e-02	4.300000000000e+00	
  36	DIS_NCE	8.150000000000e-02	3.250000000000e+01	4.863085440670e-01	3.990695727043e-01	5.691479263717e-05	9.178600172199e-03	2.300000000000e+00	1.715999162628e-02	4.300000000000e+00	
  37	DIS_NCE	1.290000000000e-01	2.050000000000e+00	1.937984496124e-02	0.000000000000e+00	0.000000000000e+00	0.000000000000e+00	2.300000000000e+00	0.000000000000e+00	4.300000000000e+00	
  38	DIS_NCE	1.290000000000e-01	3.250000000000e+00	3.072414445075e-02	3.781474838420e-01	1.554549542523e-05	8.697392128366e-03	2.300000000000e+00	1.626034180521e-02	4.300000000000e+00	
  39	DIS_NCE	1.290000000000e-01	5.150000000000e+00	4.868595197580e-02	3.602051423273e-01	1.811119192709e-05	8.284718273528e-03	2.300000000000e+00	1.548882112007e-02	4.300000000000e+00	
  40	DIS_NCE	1.290000000000e-01	8.150000000000e+00	7.704670069957e-02	3.746308410252e-01	2.369373478768e-05	8.616509343580e-03	2.300000000000e+00	1.610912616408e-02	4.300000000000e+00	
  41	DIS_NCE	1.290000000000e-01	1.290000000000e+01	1.219512195122e-01	3.885946943509e-01	3.121264574847e-05	8.937677970070e-03	2.300000000000e+00	1.670957185709e-02	4.300000000000e+00	
  42	DIS_NCE	1.290000000000e-01	2.050000000000e+01	1.937984496124e-01	3.758913542126e-01	3.934507074175e-05	8.645501146891e-03	2.300000000000e+00	1.616332823114e-02	4.300000000000e+00	
  43	DIS_NCE	1.290000000000e-01	3.250000000000e+01	3.072414445075e-01	3.670170930664e-01	5.095077699394e-05	8.441393140528e-03	2.300000000000e+00	1.578173500186e-02	4.300000000000e+00	
  44	DIS_NCE	1.290000000000e-01	5.150000000000e+01	4.868595197580e-01	3.566272375047e-01	6.755248533551e-05	8.202426462609e-03	2.300000000000e+00	1.533497121270e-02	4.300000000000e+00	
  45	DIS_NCE	2.050000000000e-01	3.250000000000e+00	1.933372992267e-02	3.500659771664e-01	1.505527914082e-05	8.051517474827e-03	2.300000000000e+00	1.505283701815e-02	4.300000000000e+00	
  46	DIS_NCE	2.050000000000e-01	5.150000000000e+00	3.063652587745e-02	3.427377814307e-01	1.820837809583e-05	7.882968972906e-03	2.300000000000e+00	1.473772460152e-02	4.300000000000e+00	
  47	DIS_NCE	2.050000000000e-01	8.150000000000e+00	4.848304580607e-02	3.360456397778e-01	2.220979504685e-05	7.729049714890e-03	2.300000000000e+00	1.444996251045e-02	4.300000000000e+00	
  48	DIS_NCE	2.050000000000e-01	1.290000000000e+01	7.674003569304e-02	3.305906672313e-01	2.780815821178e-05	7.603585346321e-03	2.300000000000e+00	1.421539869095e-02	4.300000000000e+00	
  49	DIS_NCE	2.050000000000e-01	2.050000000000e+01	1.219512195122e-01	3.302822090251e-01	3.592887535960e-05	7.596490807577e-03	2.300000000000e+00	1.420213498808e-02	4.300000000000e+00	
  50	DIS_NCE	2.050000000000e-01	3.250000000000e+01	1.933372992267e-01	3.207712164292e-01	4.554510756308e-05	7.377737977871e-03	2.300000000000e+00	1.379316230646e-02	4.300000000000e+00	
  51	DIS_NCE	2.050000000000e-01	5.150000000000e+01	3.063652587745e-01	3.267810834048e-01	6.231236294493e-05	7.515964918310e-03	2.300000000000e+00	1.405158658640e-02	4.300000000000e+00	
  52	DIS_NCE	2.050000000000e-01	8.150000000000e+01	4.848304580607e-01	3.041336920642e-01	7.953715339586e-05	6.995074917477e-03	2.300000000000e+00	1.307774875876e-02	4.300000000000e+00	
  53	DIS_NCE	3.250000000000e-01	5.150000000000e+00	1.932457786116e-02	2.741464679919e-01	1.655831050069e-05	6.305368763813e-03	2.300000000000e+00	1.178829812365e-02	4.300000000000e+00	
  54	DIS_NCE	3.250000000000e-01	8.150000000000e+00	3.058161350844e-02	2.646181937262e-01	2.008310885987e-05	6.086218455702e-03	2.300000000000e+00	1.137858233023e-02	4.300000000000e+00	
  55	DIS_NCE	3.250000000000e-01	1.290000000000e+01	4.840525328330e-02	2.579697210841e-01	2.488104252251e-05	5.933303584933e-03	2.300000000000e+00	1.109269800661e-02	4.300000000000e+00	
  56	DIS_NCE	3.250000000000e-01	2.050000000000e+01	7.692307692308e-02	2.473706012567e-01	3.082082832978e-05	5.689523828904e-03	2.300000000000e+00	1.063693585404e-02	4.300000000000e+00	
  57	DIS_NCE	3.250000000000e-01	3.250000000000e+01	1.219512195122e-01	2.342272610517e-01	3.799748087684e-05	5.387227004189e-03	2.300000000000e+00	1.007177222522e-02	4.300000000000e+00	
  58	DIS_NCE	3.250000000000e-01	5.150000000000e+01	1.932457786116e-01	2.293666892192e-01	4.903171023379e-05	5.275433852041e-03	2.300000000000e+00	9.862767636425e-03	4.300000000000e+00	
  59	DIS_NCE	3.250000000000e-01	8.150000000000e+01	3.058161350844e-01	2.148684744856e-01	6.217185057175e-05	4.941974913170e-03	2.300000000000e+00	9.239344402882e-03	4.300000000000e+00	
  60	DIS_NCE	3.250000000000e-01	1.290000000000e+02	4.840525328330e-01	2.178483144013e-01	8.611210724207e-05	5.010511231230e-03	2.300000000000e+00	9.367477519256e-03	4.300000000000e+00	
  61	DIS_NCE	5.150000000000e-01	8.150000000000e+00	1.929907648591e-02	1.338283056948e-01	1.489671960117e-05	3.078051030981e-03	2.300000000000e+00	5.754617144878e-03	4.300000000000e+00	
  62	DIS_NCE	5.150000000000e-01	1.290000000000e+01	3.054700449917e-02	1.179733915304e-01	1.671329499978e-05	2.713388005199e-03	2.300000000000e+00	5.072855835808e-03	4.300000000000e+00	
  63	DIS_NCE	5.150000000000e-01	2.050000000000e+01	4.854368932039e-02	1.092965179589e-01	2.004630435039e-05	2.513819913055e-03	2.300000000000e+00	4.699750272233e-03	4.300000000000e+00	
  64	DIS_NCE	5.150000000000e-01	3.250000000000e+01	7.695950745915e-02	9.490711807577e-02	2.274929757357e-05	2.182863715743e-03	2.300000000000e+00	4.081006077258e-03	4.300000000000e+00	
  65	DIS_NCE	5.150000000000e-01	5.150000000000e+01	1.219512195122e-01	9.241792913707e-02	2.910821480983e-05	2.125612370153e-03	2.300000000000e+00	3.973970952894e-03	4.300000000000e+00	
  66	DIS_NCE	5.150000000000e-01	8.150000000000e+01	1.929907648591e-01	8.677175512660e-02	3.649471890847e-05	1.995750367912e-03	2.300000000000e+00	3.731185470444e-03	4.300000000000e+00	
  67	DIS_NCE	5.150000000000e-01	1.290000000000e+02	3.054700449917e-01	8.151607112071e-02	4.639976111695e-05	1.874869635776e-03	2.300000000000e+00	3.505191058191e-03	4.300000000000e+00	
  68	DIS_NCE	5.150000000000e-01	2.050000000000e+02	4.854368932039e-01	7.362041048436e-02	5.959889392822e-05	1.693269441140e-03	2.300000000000e+00	3.165677650828e-03	4.300000000000e+00	
  69	DIS_NCE	8.150000000000e-01	1.290000000000e+01	1.930270836451e-02	1.021117926278e-02	4.520681769335e-06	2.348571230440e-04	2.300000000000e+00	4.390807082997e-04	4.300000000000e+00	
  70	DIS_NCE	8.150000000000e-01	2.050000000000e+01	3.067484662577e-02	8.475343622472e-03	4.770647384328e-06	1.949329033169e-04	2.300000000000e+00	3.644397757663e-04	4.300000000000e+00	
  71	DIS_NCE	8.150000000000e-01	3.250000000000e+01	4.863085440670e-02	6.478211124114e-03	4.875644751122e-06	1.489988558546e-04	2.300000000000e+00	2.785630783369e-04	4.300000000000e+00	
  72	DIS_NCE	8.150000000000e-01	5.150000000000e+01	7.706120005985e-02	5.477401038360e-03	5.421492700029e-06	1.259802238823e-04	2.300000000000e+00	2.355282446495e-04	4.300000000000e+00	
  73	DIS_NCE	8.150000000000e-01	8.150000000000e+01	1.219512195122e-01	5.024502246544e-03	6.736881392070e-06	1.155635516705e-04	2.300000000000e+00	2.160535966014e-04	4.300000000000e+00	
  74	DIS_NCE	8.150000000000e-01	1.290000000000e+02	1.930270836451e-01	4.181280311802e-03	7.510305774279e-06	9.616944717145e-05	2.300000000000e+00	1.797950534075e-04	4.300000000000e+00	
  75	DIS_NCE	8.150000000000e-01	2.050000000000e+02	3.067484662577e-01	3.757361839251e-03	9.362875267481e-06	8.641932230277e-05	2.300000000000e+00	1.615665590878e-04	4.300000000000e+00	
  76	DIS_NCE	8.150000000000e-01	3.250000000000e+02	4.863085440670e-01	3.514682367327e-03	1.155897759410e-05	8.083769444852e-05	2.300000000000e+00	1.511313417951e-04	4.300000000000e+00	
