CMS_TTB_DIFF_13TEV_2016_2L_TRAPNORM	9	9
   1	HQP_YQ	-2.200000000000e+00	3.003289000000e+04	1.300000000000e+04	7.370530000000e-02	0.000000000000e+00	-8.146033407144e-05	-1.105216776425e-01	-1.989269966355e-03	-2.698951047421e+00	2.823771640498e-03	3.831164977957e+00	1.184908645797e-03	1.607630178287e+00	1.946653730792e-03	2.641131276573e+00	-3.196488696974e-04	-4.336850534459e-01	-2.264576128800e-04	-3.072473931726e-01	-4.122048498223e-04	-5.592607991859e-01	1.834186528546e-04	2.488540889931e-01	
   2	HQP_YQ	-1.575000000000e+00	3.003289000000e+04	1.300000000000e+04	1.621030000000e-01	0.000000000000e+00	2.661870718580e-04	1.642086030845e-01	1.046932310732e-03	6.458438836619e-01	-1.756869479549e-03	-1.083798251451e+00	3.778812105012e-04	2.331117934284e-01	-3.306698917162e-04	-2.039875213390e-01	-4.545145288865e-04	-2.803862537316e-01	2.845030087397e-03	1.755075530618e+00	2.904736387458e-03	1.791907853314e+00	-2.982899412038e-04	-1.840125976717e-01	
   3	HQP_YQ	-1.125000000000e+00	3.003289000000e+04	1.300000000000e+04	2.314070000000e-01	0.000000000000e+00	9.006245952502e-04	3.891950525482e-01	4.685929958724e-03	2.024973297577e+00	-2.032409440153e-03	-8.782834746369e-01	3.986384802150e-04	1.722672521640e-01	-7.187221365476e-04	-3.105878977505e-01	-5.201092952933e-04	-2.247595341944e-01	-1.734909437986e-03	-7.497221077952e-01	9.048060498173e-04	3.910020223318e-01	2.952740262134e-03	1.275994357186e+00	
   4	HQP_YQ	-6.750000000000e-01	3.003289000000e+04	1.300000000000e+04	2.793660000000e-01	0.000000000000e+00	1.977230212207e-03	7.077562094913e-01	3.787272397289e-04	1.355666901945e-01	1.941748941116e-03	6.950555690801e-01	2.484862218079e-04	8.894647945988e-02	-5.514551793109e-03	-1.973952375418e+00	-6.697929148548e-04	-2.397546282850e-01	-7.102128536308e-05	-2.542230814168e-02	-5.872992869645e-04	-2.102257565217e-01	-1.297082692025e-03	-4.642951153773e-01	
   5	HQP_YQ	-2.250000000000e-01	3.003289000000e+04	1.300000000000e+04	3.011580000000e-01	0.000000000000e+00	-6.682395614408e-03	-2.218900249838e+00	-4.359517981150e-03	-1.447584982351e+00	-4.243315298040e-03	-1.408999693862e+00	3.037574199148e-04	1.008631415784e-01	-1.135163518265e-03	-3.769328785105e-01	-1.124889719830e-04	-3.735214471572e-02	-1.140438403513e-03	-3.786844126714e-01	3.843039434693e-04	1.276087447351e-01	-1.067641925295e-03	-3.545122245781e-01	
   6	HQP_YQ	2.250000000000e-01	3.003289000000e+04	1.300000000000e+04	3.038410000000e-01	0.000000000000e+00	1.068540176399e-02	3.516774156217e+00	4.629860776913e-04	1.523777494451e-01	-3.355004972283e-03	-1.104197581065e+00	3.151050397306e-04	1.037072151983e-01	5.077036601663e-04	1.670951781248e-01	4.232980488786e-04	1.393156449849e-01	1.865425397399e-04	6.139478863614e-02	-1.989733986114e-03	-6.548602677435e-01	-1.492883044472e-03	-4.913369309843e-01	
   7	HQP_YQ	6.750000000000e-01	3.003289000000e+04	1.300000000000e+04	2.856650000000e-01	0.000000000000e+00	-7.856380025652e-03	-2.750207419758e+00	4.898280644850e-03	1.714694010414e+00	-2.031169772821e-04	-7.110320735202e-02	3.207865746167e-04	1.122946719467e-01	-3.058105903823e-05	-1.070521731337e-02	1.295037304617e-03	4.533412579828e-01	4.040290659790e-04	1.414345705561e-01	-1.356934817281e-03	-4.750091251224e-01	-1.817913825757e-03	-6.363796144984e-01	
   8	HQP_YQ	1.125000000000e+00	3.003289000000e+04	1.300000000000e+04	2.265620000000e-01	0.000000000000e+00	-9.009657350831e-04	-3.976685124086e-01	-2.257495692484e-03	-9.964140908380e-01	-5.029308482205e-04	-2.219837608339e-01	1.338559688561e-04	5.908138560574e-02	-1.780276425991e-03	-7.857789152600e-01	1.277537097675e-03	5.638796875359e-01	1.405764756708e-03	6.204768481510e-01	-1.618377924838e-03	-7.143201087729e-01	3.621078601252e-03	1.598272702948e+00	
   9	HQP_YQ	1.575000000000e+00	3.003289000000e+04	1.300000000000e+04	1.635450000000e-01	0.000000000000e+00	3.865741090907e-03	2.363717075366e+00	-7.864492786755e-04	-4.808763818371e-01	1.069396881786e-03	6.538854026637e-01	1.162059350733e-04	7.105441014601e-02	-7.909017576186e-04	-4.835988612422e-01	2.053480003820e-03	1.255605493179e+00	-1.098423486715e-03	-6.716337929714e-01	2.910187932617e-03	1.779441702661e+00	-5.697334152218e-04	-3.483649241626e-01	
