LHCBLOWMASS37PB	2	9
   1	DYP_MLL	0.000000000000e+00	3.600000000000e+01	7.000000000000e+03	1.110000000000e+02	2.190000000000e+01	2.930000000000e+01	2.639639639640e+01	3.900000000000e+00	3.513513513514e+00	
   2	DYP_MLL	0.000000000000e+00	6.601562500000e+01	7.000000000000e+03	1.900000000000e+02	2.440000000000e+01	3.440000000000e+01	1.810526315789e+01	6.700000000000e+00	3.526315789474e+00	
   3	DYP_MLL	0.000000000000e+00	1.322500000000e+02	7.000000000000e+03	1.052000000000e+02	8.800000000000e+00	1.610000000000e+01	1.530418250951e+01	3.700000000000e+00	3.517110266160e+00	
   4	DYP_MLL	0.000000000000e+00	1.890625000000e+02	7.000000000000e+03	8.130000000000e+01	5.600000000000e+00	1.060000000000e+01	1.303813038130e+01	2.900000000000e+00	3.567035670357e+00	
   5	DYP_MLL	0.000000000000e+00	3.062500000000e+02	7.000000000000e+03	8.130000000000e+01	4.300000000000e+00	9.400000000000e+00	1.156211562116e+01	2.900000000000e+00	3.567035670357e+00	
   6	DYP_MLL	0.000000000000e+00	6.250000000000e+02	7.000000000000e+03	5.160000000000e+01	2.800000000000e+00	5.600000000000e+00	1.085271317829e+01	1.800000000000e+00	3.488372093023e+00	
   7	DYP_MLL	0.000000000000e+00	1.225000000000e+03	7.000000000000e+03	1.530000000000e+01	1.700000000000e+00	2.100000000000e+00	1.372549019608e+01	5.000000000000e-01	3.267973856209e+00	
   8	DYP_MLL	0.000000000000e+00	2.500000000000e+03	7.000000000000e+03	8.200000000000e+00	1.000000000000e+00	9.000000000000e-01	1.097560975610e+01	3.000000000000e-01	3.658536585366e+00	
   9	DYP_MLL	0.000000000000e+00	8.100000000000e+03	7.000000000000e+03	7.320000000000e+01	3.200000000000e+00	3.500000000000e+00	4.781420765027e+00	2.600000000000e+00	3.551912568306e+00	
