NTVNUDMNFe	3	45
   1	DIS_DM_NU	2.100000000000e-02	1.126960400160e+00	3.240000000000e-01	1.384518875834e+01	2.437641880786e+00	1.539725694319e+00	1.112101626922e+01	2.907489639251e-01	2.100000000000e+00	7.957005033527e-01	5.747126436782e+00	
   2	DIS_DM_NU	5.700000000000e-02	3.058892514720e+00	3.240000000000e-01	1.637747669877e+01	2.840990855909e+00	1.179104048041e+00	7.199546485261e+00	3.439270106741e-01	2.100000000000e+00	9.412342930327e-01	5.747126436782e+00	
   3	DIS_DM_NU	1.010000000000e-01	5.420142876960e+00	3.240000000000e-01	1.270772238514e+01	2.059220989345e+00	1.078639565848e+00	8.488063660477e+00	2.668621700880e-01	2.100000000000e+00	7.303288727093e-01	5.747126436782e+00	
   4	DIS_DM_NU	1.670000000000e-01	8.962018420320e+00	3.240000000000e-01	9.792092884995e+00	1.522477495974e+00	5.909021568532e-01	6.034482758621e+00	2.056339505849e-01	2.100000000000e+00	5.627639589078e-01	5.747126436782e+00	
   5	DIS_DM_NU	3.260000000000e-01	1.749471859296e+01	3.240000000000e-01	4.171932282586e+00	5.910237400330e-01	2.868203444278e-01	6.875000000000e+00	8.761057793430e-02	2.100000000000e+00	2.397662231371e-01	5.747126436782e+00	
   6	DIS_DM_NU	2.100000000000e-02	1.940876244720e+00	5.580000000000e-01	1.543148037711e+01	2.176435878035e+00	1.312147262209e+00	8.503054989817e+00	3.240610879194e-01	2.100000000000e+00	8.868666883398e-01	5.747126436782e+00	
   7	DIS_DM_NU	5.700000000000e-02	5.268092664240e+00	5.580000000000e-01	1.565819456307e+01	2.060288758299e+00	1.181232221425e+00	7.543859649123e+00	3.288220858246e-01	2.100000000000e+00	8.998962392572e-01	5.747126436782e+00	
   8	DIS_DM_NU	1.010000000000e-01	9.334690510320e+00	5.580000000000e-01	1.527845575803e+01	2.003699918720e+00	9.228335555548e-01	6.040097050185e+00	3.208475709187e-01	2.100000000000e+00	8.780721700019e-01	5.747126436782e+00	
   9	DIS_DM_NU	1.670000000000e-01	1.543458727944e+01	5.580000000000e-01	9.727416723071e+00	1.235899769684e+00	5.601975591557e-01	5.758955076192e+00	2.042757511845e-01	2.100000000000e+00	5.590469381076e-01	5.747126436782e+00	
  10	DIS_DM_NU	3.260000000000e-01	3.012979313232e+01	5.580000000000e-01	4.305182568593e+00	5.638412562459e-01	2.319480753118e-01	5.387647831800e+00	9.040883394045e-02	2.100000000000e+00	2.474242855513e-01	5.747126436782e+00	
  11	DIS_DM_NU	2.100000000000e-02	2.681748359640e+00	7.710000000000e-01	1.286003584553e+01	1.891624468890e+00	1.128953595491e+00	8.778774873195e+00	2.700607527562e-01	2.100000000000e+00	7.390825198581e-01	5.747126436782e+00	
  12	DIS_DM_NU	5.700000000000e-02	7.279031261880e+00	7.710000000000e-01	1.523383060622e+01	2.148317858757e+00	5.650828297743e-01	3.709394205443e+00	3.199104427307e-01	2.100000000000e+00	8.755075061048e-01	5.747126436782e+00	
  13	DIS_DM_NU	1.010000000000e-01	1.289793258684e+01	7.710000000000e-01	1.440302366832e+01	2.066622234289e+00	6.566525486369e-01	4.559129831058e+00	3.024634970348e-01	2.100000000000e+00	8.277599809382e-01	5.747126436782e+00	
  14	DIS_DM_NU	1.670000000000e-01	2.132628457428e+01	7.710000000000e-01	1.149359051422e+01	1.733725582537e+00	5.216079832847e-01	4.538250972482e+00	2.413654007986e-01	2.100000000000e+00	6.605511789781e-01	5.747126436782e+00	
  15	DIS_DM_NU	3.260000000000e-01	4.163095072584e+01	7.710000000000e-01	3.542341257507e+00	5.988204705228e-01	1.501130334825e-01	4.237678489175e+00	7.438916640764e-02	2.100000000000e+00	2.035828308912e-01	5.747126436782e+00	
  16	DIS_DM_NU	2.100000000000e-02	2.224690544160e+00	3.240000000000e-01	2.132842122168e+01	3.158470114427e+00	1.410721928659e+00	6.614282013643e+00	4.478968456552e-01	2.100000000000e+00	1.225771334579e+00	5.747126436782e+00	
  17	DIS_DM_NU	5.700000000000e-02	6.038445762720e+00	3.240000000000e-01	1.588066681461e+01	2.256017599520e+00	1.278348484438e+00	8.049715414102e+00	3.334940031068e-01	2.100000000000e+00	9.126820008396e-01	5.747126436782e+00	
  18	DIS_DM_NU	1.010000000000e-01	1.069970214096e+01	3.240000000000e-01	1.560476223121e+01	2.312561413130e+00	5.904801078586e-01	3.783973758201e+00	3.277000068554e-01	2.100000000000e+00	8.968254155868e-01	5.747126436782e+00	
  19	DIS_DM_NU	1.670000000000e-01	1.769158670832e+01	3.240000000000e-01	1.025531119412e+01	1.446912717982e+00	6.110395814034e-01	5.958274398868e+00	2.153615350765e-01	2.100000000000e+00	5.893857008114e-01	5.747126436782e+00	
  20	DIS_DM_NU	3.260000000000e-01	3.453567225696e+01	3.240000000000e-01	4.506612679395e+00	5.949791199515e-01	2.726987633111e-01	6.051080550098e+00	9.463886626729e-02	2.100000000000e+00	2.590007287008e-01	5.747126436782e+00	
  21	DIS_DM_NU	2.100000000000e-02	3.831411492720e+00	5.580000000000e-01	2.155520066196e+01	3.260791619179e+00	1.411656676076e+00	6.549030548194e+00	4.526592139012e-01	2.100000000000e+00	1.238804635745e+00	5.747126436782e+00	
  22	DIS_DM_NU	5.700000000000e-02	1.039954548024e+01	5.580000000000e-01	2.025222158144e+01	3.075470639977e+00	1.141118067783e+00	5.634532800237e+00	4.252966532102e-01	2.100000000000e+00	1.163920780542e+00	5.747126436782e+00	
  23	DIS_DM_NU	1.010000000000e-01	1.842726479832e+01	5.580000000000e-01	1.788134398710e+01	2.838474649462e+00	7.055081803823e-01	3.945498620747e+00	3.755082237292e-01	2.100000000000e+00	1.027663447535e+00	5.747126436782e+00	
  24	DIS_DM_NU	1.670000000000e-01	3.046884377544e+01	5.580000000000e-01	1.133370200570e+01	1.767546128643e+00	5.649012017530e-01	4.984260230850e+00	2.380077421196e-01	2.100000000000e+00	6.513621842354e-01	5.747126436782e+00	
  25	DIS_DM_NU	3.260000000000e-01	5.947810222032e+01	5.580000000000e-01	4.122349578173e+00	6.253084440071e-01	2.928845170993e-01	7.104795737123e+00	8.656934114163e-02	2.100000000000e+00	2.369166424237e-01	5.747126436782e+00	
  26	DIS_DM_NU	2.100000000000e-02	5.293939535640e+00	7.710000000000e-01	2.107832183991e+01	2.833652136536e+00	1.005578952026e+00	4.770678423373e+00	4.426447586382e-01	2.100000000000e+00	1.211397806892e+00	5.747126436782e+00	
  27	DIS_DM_NU	5.700000000000e-02	1.436926445388e+01	7.710000000000e-01	1.716860282583e+01	2.258771574488e+00	9.417318642870e-01	5.485198031782e+00	3.605406593425e-01	2.100000000000e+00	9.867013118295e-01	5.747126436782e+00	
  28	DIS_DM_NU	1.010000000000e-01	2.546132824284e+01	7.710000000000e-01	1.485447712254e+01	2.063428949010e+00	8.582648207201e-01	5.777819129140e+00	3.119440195734e-01	2.100000000000e+00	8.537055817554e-01	5.747126436782e+00	
  29	DIS_DM_NU	1.670000000000e-01	4.209942392628e+01	7.710000000000e-01	1.160107038033e+01	1.793155823311e+00	5.650990680689e-01	4.871094214091e+00	2.436224779870e-01	2.100000000000e+00	6.667281827777e-01	5.747126436782e+00	
  30	DIS_DM_NU	3.260000000000e-01	8.218210898184e+01	7.710000000000e-01	4.209813497474e+00	7.241808353330e-01	2.008577033848e-01	4.771178188900e+00	8.840608344695e-02	2.100000000000e+00	2.419433044525e-01	5.747126436782e+00	
  31	DIS_DM_NU	2.100000000000e-02	3.152783088000e+00	3.240000000000e-01	2.217379466749e+01	3.187372811566e+00	1.381355135027e+00	6.229674062297e+00	4.656496880173e-01	2.100000000000e+00	1.274356015373e+00	5.747126436782e+00	
  32	DIS_DM_NU	5.700000000000e-02	8.557554096000e+00	3.240000000000e-01	2.290776787991e+01	3.434563240177e+00	7.224757562127e-01	3.153846153846e+00	4.810631254782e-01	2.100000000000e+00	1.316538383903e+00	5.747126436782e+00	
  33	DIS_DM_NU	1.010000000000e-01	1.516338532800e+01	3.240000000000e-01	1.645607004656e+01	2.386575948123e+00	6.846081772466e-01	4.160216718266e+00	3.455774709778e-01	2.100000000000e+00	9.457511521012e-01	5.747126436782e+00	
  34	DIS_DM_NU	1.670000000000e-01	2.507213217600e+01	3.240000000000e-01	1.203906936429e+01	1.694352416768e+00	7.365375244531e-01	6.117894184062e+00	2.528204566501e-01	2.100000000000e+00	6.919005381776e-01	5.747126436782e+00	
  35	DIS_DM_NU	3.260000000000e-01	4.894320412800e+01	3.240000000000e-01	4.396157575171e+00	5.353598176611e-01	3.832865940936e-01	8.718672785034e+00	9.231930907859e-02	2.100000000000e+00	2.526527342052e-01	5.747126436782e+00	
  36	DIS_DM_NU	2.100000000000e-02	5.429793096000e+00	5.580000000000e-01	2.304488211576e+01	3.679738346998e+00	1.094201440541e+00	4.748132080019e+00	4.839425244310e-01	2.100000000000e+00	1.324418512400e+00	5.747126436782e+00	
  37	DIS_DM_NU	5.700000000000e-02	1.473800983200e+01	5.580000000000e-01	2.160461201729e+01	3.534644370108e+00	1.331734142584e+00	6.164119686657e+00	4.536968523631e-01	2.100000000000e+00	1.241644368810e+00	5.747126436782e+00	
  38	DIS_DM_NU	1.010000000000e-01	2.611471917600e+01	5.580000000000e-01	1.554136157247e+01	2.522535665007e+00	7.100675420667e-01	4.568888888889e+00	3.263685930219e-01	2.100000000000e+00	8.931816995673e-01	5.747126436782e+00	
  39	DIS_DM_NU	1.670000000000e-01	4.317978319200e+01	5.580000000000e-01	1.001235784283e+01	1.582927071659e+00	6.331708286637e-01	6.323893318669e+00	2.102595146993e-01	2.100000000000e+00	5.754228645302e-01	5.747126436782e+00	
  40	DIS_DM_NU	3.260000000000e-01	8.429107377600e+01	5.580000000000e-01	4.290507875066e+00	6.407812841693e-01	3.721984905920e-01	8.674928503337e+00	9.010066537638e-02	2.100000000000e+00	2.465809123601e-01	5.747126436782e+00	
  41	DIS_DM_NU	2.100000000000e-02	7.502456052000e+00	7.710000000000e-01	2.201707916891e+01	2.924245774071e+00	2.187283386166e+00	9.934484812388e+00	4.623586625470e-01	2.100000000000e+00	1.265349377523e+00	5.747126436782e+00	
  42	DIS_DM_NU	5.700000000000e-02	2.036380928400e+01	7.710000000000e-01	1.836848260771e+01	2.466684691936e+00	1.140989042313e+00	6.211667379832e+00	3.857381347619e-01	2.100000000000e+00	1.055659919983e+00	5.747126436782e+00	
  43	DIS_DM_NU	1.010000000000e-01	3.608324101200e+01	7.710000000000e-01	1.451581988870e+01	2.009580833623e+00	6.201440853758e-01	4.272194682289e+00	3.048322176627e-01	2.100000000000e+00	8.342425223391e-01	5.747126436782e+00	
  44	DIS_DM_NU	1.670000000000e-01	5.966238860400e+01	7.710000000000e-01	1.168931397857e+01	1.774468915154e+00	9.916149819976e-01	8.483089630539e+00	2.454755935501e-01	2.100000000000e+00	6.717996539411e-01	5.747126436782e+00	
  45	DIS_DM_NU	3.260000000000e-01	1.164666987120e+02	7.710000000000e-01	3.957547719939e+00	6.582954295119e-01	4.444790006350e-01	1.123117223314e+01	8.310850211873e-02	2.100000000000e+00	2.274452712609e-01	5.747126436782e+00	
