H1HERA2NCEP	11	138
   1	DIS_NCP	2.000000000000e-03	1.200000000000e+02	5.896168473187e-01	1.358000000000e+00	8.827000000000e-03	5.839400000000e-03	4.300000000000e-01	1.222200000000e-03	9.000000000000e-02	9.079324358123e-03	6.685805860179e-01	3.123400000000e-02	2.300000000000e+00	2.037000000000e-02	1.500000000000e+00	-3.530800000000e-03	-2.600000000000e-01	-8.827000000000e-03	-6.500000000000e-01	2.716000000000e-04	2.000000000000e-02	2.444400000000e-03	1.800000000000e-01	-1.086400000000e-02	-8.000000000000e-01	8.034036345449e-04	5.916079783100e-02	
   2	DIS_NCP	3.200000000000e-03	1.200000000000e+02	3.685105295742e-01	1.216000000000e+00	1.143040000000e-02	8.876800000000e-03	7.300000000000e-01	3.648000000000e-04	3.000000000000e-02	8.828360989448e-03	7.260165287375e-01	2.796800000000e-02	2.300000000000e+00	1.824000000000e-02	1.500000000000e+00	-5.593600000000e-03	-4.600000000000e-01	-8.147200000000e-03	-6.700000000000e-01	1.216000000000e-04	1.000000000000e-02	2.188800000000e-03	1.800000000000e-01	-1.216000000000e-03	-1.000000000000e-01	6.200407728529e-04	5.099019513593e-02	
   3	DIS_NCP	3.200000000000e-03	1.500000000000e+02	4.606381619677e-01	1.233000000000e+00	6.781500000000e-03	6.041700000000e-03	4.900000000000e-01	7.398000000000e-04	6.000000000000e-02	7.762026350767e-03	6.295236294215e-01	2.835900000000e-02	2.300000000000e+00	1.849500000000e-02	1.500000000000e+00	-4.438800000000e-03	-3.600000000000e-01	-6.534900000000e-03	-5.300000000000e-01	1.233000000000e-04	1.000000000000e-02	2.219400000000e-03	1.800000000000e-01	-5.055300000000e-03	-4.100000000000e-01	0.000000000000e+00	0.000000000000e+00	
   4	DIS_NCP	5.000000000000e-03	1.500000000000e+02	2.948084236594e-01	1.095000000000e+00	7.227000000000e-03	9.526500000000e-03	8.700000000000e-01	0.000000000000e+00	0.000000000000e+00	7.190407359809e-03	6.566582063753e-01	2.518500000000e-02	2.300000000000e+00	1.642500000000e-02	1.500000000000e+00	-5.803500000000e-03	-5.300000000000e-01	-7.117500000000e-03	-6.500000000000e-01	0.000000000000e+00	0.000000000000e+00	4.380000000000e-04	4.000000000000e-02	-3.285000000000e-04	-3.000000000000e-02	0.000000000000e+00	0.000000000000e+00	
   5	DIS_NCP	8.000000000000e-03	1.500000000000e+02	1.842552647871e-01	9.491000000000e-01	8.636810000000e-03	1.452123000000e-02	1.530000000000e+00	8.067350000000e-03	8.500000000000e-01	6.769285671672e-03	7.132320800413e-01	2.182930000000e-02	2.300000000000e+00	1.423650000000e-02	1.500000000000e+00	-9.491000000000e-03	-1.000000000000e+00	-5.314960000000e-03	-5.600000000000e-01	-2.277840000000e-03	-2.400000000000e-01	-4.176040000000e-03	-4.400000000000e-01	-4.745500000000e-04	-5.000000000000e-02	0.000000000000e+00	0.000000000000e+00	
   6	DIS_NCP	1.300000000000e-02	1.500000000000e+02	1.133878552536e-01	7.996000000000e-01	1.023488000000e-02	1.911044000000e-02	2.390000000000e+00	8.075960000000e-03	1.010000000000e+00	6.526421213743e-03	8.162107570965e-01	1.839080000000e-02	2.300000000000e+00	1.199400000000e-02	1.500000000000e+00	-1.159420000000e-02	-1.450000000000e+00	-1.095452000000e-02	-1.370000000000e+00	-2.958520000000e-03	-3.700000000000e-01	-7.756120000000e-03	-9.700000000000e-01	-7.996000000000e-05	-1.000000000000e-02	5.765997599722e-04	7.211102550928e-02	
   7	DIS_NCP	3.200000000000e-03	2.000000000000e+02	6.141842159570e-01	1.240000000000e+00	1.289600000000e-02	1.612000000000e-03	1.300000000000e-01	9.920000000000e-04	8.000000000000e-02	8.978661815661e-03	7.240856302952e-01	2.852000000000e-02	2.300000000000e+00	1.860000000000e-02	1.500000000000e+00	-1.364000000000e-03	-1.100000000000e-01	-7.812000000000e-03	-6.300000000000e-01	2.480000000000e-04	2.000000000000e-02	2.232000000000e-03	1.800000000000e-01	-7.192000000000e-03	-5.800000000000e-01	0.000000000000e+00	0.000000000000e+00	
   8	DIS_NCP	5.000000000000e-03	2.000000000000e+02	3.930778982125e-01	1.105000000000e+00	7.956000000000e-03	5.856500000000e-03	5.300000000000e-01	3.315000000000e-04	3.000000000000e-02	7.193541513052e-03	6.509992319504e-01	2.541500000000e-02	2.300000000000e+00	1.657500000000e-02	1.500000000000e+00	-4.420000000000e-03	-4.000000000000e-01	-6.740500000000e-03	-6.100000000000e-01	1.105000000000e-04	1.000000000000e-02	1.326000000000e-03	1.200000000000e-01	-7.735000000000e-04	-7.000000000000e-02	0.000000000000e+00	0.000000000000e+00	
   9	DIS_NCP	8.000000000000e-03	2.000000000000e+02	2.456736863828e-01	9.563000000000e-01	6.980990000000e-03	1.004115000000e-02	1.050000000000e+00	0.000000000000e+00	0.000000000000e+00	6.307956611447e-03	6.596211033616e-01	2.199490000000e-02	2.300000000000e+00	1.434450000000e-02	1.500000000000e+00	-5.642170000000e-03	-5.900000000000e-01	-7.650400000000e-03	-8.000000000000e-01	0.000000000000e+00	0.000000000000e+00	0.000000000000e+00	0.000000000000e+00	-9.563000000000e-05	-1.000000000000e-02	0.000000000000e+00	0.000000000000e+00	
  10	DIS_NCP	1.300000000000e-02	2.000000000000e+02	1.511838070048e-01	8.009000000000e-01	6.647470000000e-03	1.601800000000e-04	2.000000000000e-02	1.601800000000e-04	2.000000000000e-02	5.441406784059e-03	6.794115100585e-01	1.842070000000e-02	2.300000000000e+00	1.201350000000e-02	1.500000000000e+00	-7.208100000000e-04	-9.000000000000e-02	-3.203600000000e-03	-4.000000000000e-01	-2.402700000000e-04	-3.000000000000e-02	4.805400000000e-03	6.000000000000e-01	-8.009000000000e-05	-1.000000000000e-02	4.937079174978e-04	6.164414002969e-02	
  11	DIS_NCP	2.000000000000e-02	2.000000000000e+02	9.826947455312e-02	6.928000000000e-01	6.304480000000e-03	4.988160000000e-03	7.200000000000e-01	1.385600000000e-04	2.000000000000e-02	4.805855276722e-03	6.936858078410e-01	1.593440000000e-02	2.300000000000e+00	1.039200000000e-02	1.500000000000e+00	-2.840480000000e-03	-4.100000000000e-01	-3.394720000000e-03	-4.900000000000e-01	-6.235200000000e-04	-9.000000000000e-02	2.632640000000e-03	3.800000000000e-01	-6.928000000000e-05	-1.000000000000e-02	2.856487577428e-04	4.123105625618e-02	
  12	DIS_NCP	3.200000000000e-02	2.000000000000e+02	6.141842159570e-02	5.859000000000e-01	6.151950000000e-03	5.800410000000e-03	9.900000000000e-01	3.163860000000e-03	5.400000000000e-01	4.240799082237e-03	7.238093671679e-01	1.347570000000e-02	2.300000000000e+00	8.788500000000e-03	1.500000000000e+00	-3.573990000000e-03	-6.100000000000e-01	-3.222450000000e-03	-5.500000000000e-01	-9.960300000000e-04	-1.700000000000e-01	7.616700000000e-04	1.300000000000e-01	0.000000000000e+00	0.000000000000e+00	2.684931099675e-04	4.582575694956e-02	
  13	DIS_NCP	5.000000000000e-02	2.000000000000e+02	3.930778982125e-02	5.142000000000e-01	6.170400000000e-03	8.535720000000e-03	1.660000000000e+00	2.056800000000e-04	4.000000000000e-02	3.955331217332e-03	7.692203845453e-01	1.182660000000e-02	2.300000000000e+00	7.713000000000e-03	1.500000000000e+00	-5.399100000000e-03	-1.050000000000e+00	-4.113600000000e-03	-8.000000000000e-01	-4.113600000000e-04	-8.000000000000e-02	5.707620000000e-03	1.110000000000e+00	0.000000000000e+00	0.000000000000e+00	5.609259769346e-04	1.090871211464e-01	
  14	DIS_NCP	8.000000000000e-02	2.000000000000e+02	2.456736863828e-02	4.378000000000e-01	5.778960000000e-03	7.880400000000e-03	1.800000000000e+00	7.442600000000e-04	1.700000000000e-01	3.743382012619e-03	8.550438585242e-01	1.006940000000e-02	2.300000000000e+00	6.567000000000e-03	1.500000000000e+00	-5.166040000000e-03	-1.180000000000e+00	-3.239720000000e-03	-7.400000000000e-01	-6.567000000000e-04	-1.500000000000e-01	6.172980000000e-03	1.410000000000e+00	0.000000000000e+00	0.000000000000e+00	4.267146564157e-04	9.746794344809e-02	
  15	DIS_NCP	1.300000000000e-01	2.000000000000e+02	1.511838070048e-02	3.624000000000e-01	5.363520000000e-03	6.052080000000e-03	1.670000000000e+00	3.479040000000e-03	9.600000000000e-01	4.213825382239e-03	1.162755348300e+00	8.335200000000e-03	2.300000000000e+00	5.436000000000e-03	1.500000000000e+00	-3.515280000000e-03	-9.700000000000e-01	-3.261600000000e-03	-9.000000000000e-01	-9.784800000000e-04	-2.700000000000e-01	-3.913920000000e-03	-1.080000000000e+00	0.000000000000e+00	0.000000000000e+00	1.883085637989e-04	5.196152422707e-02	
  16	DIS_NCP	1.800000000000e-01	2.000000000000e+02	1.091883050590e-02	3.140000000000e-01	6.248600000000e-03	5.055400000000e-03	1.610000000000e+00	5.966000000000e-03	1.900000000000e+00	4.541942434686e-03	1.446478482384e+00	7.222000000000e-03	2.300000000000e+00	4.710000000000e-03	1.500000000000e+00	-2.763200000000e-03	-8.800000000000e-01	-3.265600000000e-03	-1.040000000000e+00	-1.067600000000e-03	-3.400000000000e-01	-4.207600000000e-03	-1.340000000000e+00	0.000000000000e+00	0.000000000000e+00	0.000000000000e+00	0.000000000000e+00	
  17	DIS_NCP	5.000000000000e-03	2.500000000000e+02	4.913473727656e-01	1.123000000000e+00	9.433200000000e-03	3.256700000000e-03	2.900000000000e-01	6.738000000000e-04	6.000000000000e-02	7.369994981681e-03	6.562773803812e-01	2.582900000000e-02	2.300000000000e+00	1.684500000000e-02	1.500000000000e+00	-3.144400000000e-03	-2.800000000000e-01	-5.053500000000e-03	-4.500000000000e-01	1.123000000000e-04	1.000000000000e-02	1.796800000000e-03	1.600000000000e-01	-3.369000000000e-03	-3.000000000000e-01	1.945093056900e-04	1.732050807569e-02	
  18	DIS_NCP	8.000000000000e-03	2.500000000000e+02	3.070921079785e-01	9.607000000000e-01	7.877740000000e-03	5.860270000000e-03	6.100000000000e-01	0.000000000000e+00	0.000000000000e+00	6.487393062240e-03	6.752777206454e-01	2.209610000000e-02	2.300000000000e+00	1.441050000000e-02	1.500000000000e+00	-5.091710000000e-03	-5.300000000000e-01	-4.803500000000e-03	-5.000000000000e-01	0.000000000000e+00	0.000000000000e+00	2.882100000000e-04	3.000000000000e-02	-1.921400000000e-04	-2.000000000000e-02	2.541773284540e-04	2.645751311064e-02	
  19	DIS_NCP	1.300000000000e-02	2.500000000000e+02	1.889797587560e-01	8.095000000000e-01	7.447400000000e-03	7.366450000000e-03	9.100000000000e-01	1.699950000000e-03	2.100000000000e-01	5.432100878804e-03	6.710439627923e-01	1.861850000000e-02	2.300000000000e+00	1.214250000000e-02	1.500000000000e+00	3.885600000000e-03	4.800000000000e-01	-4.857000000000e-03	-6.000000000000e-01	2.428500000000e-04	3.000000000000e-02	6.233150000000e-03	7.700000000000e-01	-1.619000000000e-04	-2.000000000000e-02	4.789066584419e-04	5.916079783100e-02	
  20	DIS_NCP	2.000000000000e-02	2.500000000000e+02	1.228368431914e-01	6.952000000000e-01	6.465360000000e-03	7.438640000000e-03	1.070000000000e+00	1.320880000000e-03	1.900000000000e-01	4.832015093354e-03	6.950539547402e-01	1.598960000000e-02	2.300000000000e+00	1.042800000000e-02	1.500000000000e+00	3.406480000000e-03	4.900000000000e-01	-4.588320000000e-03	-6.600000000000e-01	-1.390400000000e-04	-2.000000000000e-02	4.727360000000e-03	6.800000000000e-01	-6.952000000000e-05	-1.000000000000e-02	5.517978934356e-04	7.937253933194e-02	
  21	DIS_NCP	3.200000000000e-02	2.500000000000e+02	7.677302699462e-02	5.799000000000e-01	5.683020000000e-03	5.219100000000e-03	9.000000000000e-01	2.319600000000e-04	4.000000000000e-02	4.051007243637e-03	6.985699678629e-01	1.333770000000e-02	2.300000000000e+00	8.698500000000e-03	1.500000000000e+00	2.087640000000e-03	3.600000000000e-01	-2.783520000000e-03	-4.800000000000e-01	5.799000000000e-05	1.000000000000e-02	4.813170000000e-03	8.300000000000e-01	0.000000000000e+00	0.000000000000e+00	6.325962155277e-04	1.090871211464e-01	
  22	DIS_NCP	5.000000000000e-02	2.500000000000e+02	4.913473727656e-02	5.035000000000e-01	5.387450000000e-03	4.481150000000e-03	8.900000000000e-01	5.035000000000e-04	1.000000000000e-01	3.632186323690e-03	7.213875518749e-01	1.158050000000e-02	2.300000000000e+00	7.552500000000e-03	1.500000000000e+00	1.963650000000e-03	3.900000000000e-01	-2.869950000000e-03	-5.700000000000e-01	-4.531500000000e-04	-9.000000000000e-02	6.998650000000e-03	1.390000000000e+00	0.000000000000e+00	0.000000000000e+00	0.000000000000e+00	0.000000000000e+00	
  23	DIS_NCP	8.000000000000e-02	2.500000000000e+02	3.070921079785e-02	4.372000000000e-01	4.852920000000e-03	2.448320000000e-03	5.600000000000e-01	8.744000000000e-04	2.000000000000e-01	3.405672945425e-03	7.789736837660e-01	1.005560000000e-02	2.300000000000e+00	6.558000000000e-03	1.500000000000e+00	1.355320000000e-03	3.100000000000e-01	-2.229720000000e-03	-5.100000000000e-01	-2.186000000000e-04	-5.000000000000e-02	9.356080000000e-03	2.140000000000e+00	0.000000000000e+00	0.000000000000e+00	0.000000000000e+00	0.000000000000e+00	
  24	DIS_NCP	1.300000000000e-01	2.500000000000e+02	1.889797587560e-02	3.689000000000e-01	4.426800000000e-03	4.168570000000e-03	1.130000000000e+00	2.508520000000e-03	6.800000000000e-01	4.073130463305e-03	1.104128615697e+00	8.484700000000e-03	2.300000000000e+00	5.533500000000e-03	1.500000000000e+00	1.881390000000e-03	5.100000000000e-01	-2.102730000000e-03	-5.700000000000e-01	-8.484700000000e-04	-2.300000000000e-01	-2.065840000000e-03	-5.600000000000e-01	0.000000000000e+00	0.000000000000e+00	3.480195639616e-04	9.433981132057e-02	
  25	DIS_NCP	1.800000000000e-01	2.500000000000e+02	1.364853813238e-02	2.983000000000e-01	4.832460000000e-03	5.160590000000e-03	1.730000000000e+00	4.802630000000e-03	1.610000000000e+00	3.956384736082e-03	1.326310672505e+00	6.860900000000e-03	2.300000000000e+00	4.474500000000e-03	1.500000000000e+00	3.072490000000e-03	1.030000000000e+00	-2.326740000000e-03	-7.800000000000e-01	-1.014220000000e-03	-3.400000000000e-01	-5.608040000000e-03	-1.880000000000e+00	0.000000000000e+00	0.000000000000e+00	3.866409900670e-04	1.296148139682e-01	
  26	DIS_NCP	5.000000000000e-03	3.000000000000e+02	5.896168473187e-01	1.135000000000e+00	1.634400000000e-02	3.178000000000e-03	2.800000000000e-01	7.945000000000e-04	7.000000000000e-02	8.590083119505e-03	7.568355171370e-01	2.610500000000e-02	2.300000000000e+00	1.702500000000e-02	1.500000000000e+00	-3.178000000000e-03	-2.800000000000e-01	-4.199500000000e-03	-3.700000000000e-01	2.270000000000e-04	2.000000000000e-02	1.702500000000e-03	1.500000000000e-01	-5.448000000000e-03	-4.800000000000e-01	0.000000000000e+00	0.000000000000e+00	
  27	DIS_NCP	8.000000000000e-03	3.000000000000e+02	3.685105295742e-01	9.748000000000e-01	9.358080000000e-03	2.924400000000e-03	3.000000000000e-01	1.949600000000e-04	2.000000000000e-02	6.484435250660e-03	6.652067347825e-01	2.242040000000e-02	2.300000000000e+00	1.462200000000e-02	1.500000000000e+00	-2.924400000000e-03	-3.000000000000e-01	-5.751320000000e-03	-5.900000000000e-01	0.000000000000e+00	0.000000000000e+00	9.748000000000e-04	1.000000000000e-01	-4.874000000000e-04	-5.000000000000e-02	0.000000000000e+00	0.000000000000e+00	
  28	DIS_NCP	1.300000000000e-02	3.000000000000e+02	2.267757105072e-01	8.060000000000e-01	7.818200000000e-03	5.077800000000e-03	6.300000000000e-01	0.000000000000e+00	0.000000000000e+00	5.513888355779e-03	6.841052550595e-01	1.853800000000e-02	2.300000000000e+00	1.209000000000e-02	1.500000000000e+00	-4.997200000000e-03	-6.200000000000e-01	-4.594200000000e-03	-5.700000000000e-01	0.000000000000e+00	0.000000000000e+00	0.000000000000e+00	0.000000000000e+00	-8.060000000000e-05	-1.000000000000e-02	0.000000000000e+00	0.000000000000e+00	
  29	DIS_NCP	2.000000000000e-02	3.000000000000e+02	1.474042118297e-01	7.114000000000e-01	7.611980000000e-03	3.770420000000e-03	5.300000000000e-01	8.536800000000e-04	1.200000000000e-01	4.924100931500e-03	6.921704992269e-01	1.636220000000e-02	2.300000000000e+00	1.067100000000e-02	1.500000000000e+00	2.561040000000e-03	3.600000000000e-01	-3.272440000000e-03	-4.600000000000e-01	-7.114000000000e-05	-1.000000000000e-02	4.552960000000e-03	6.400000000000e-01	-1.422800000000e-04	-2.000000000000e-02	0.000000000000e+00	0.000000000000e+00	
  30	DIS_NCP	3.200000000000e-02	3.000000000000e+02	9.212763239355e-02	5.833000000000e-01	6.591290000000e-03	4.841390000000e-03	8.300000000000e-01	5.249700000000e-04	9.000000000000e-02	4.087680502180e-03	7.007852738179e-01	1.341590000000e-02	2.300000000000e+00	8.749500000000e-03	1.500000000000e+00	2.508190000000e-03	4.300000000000e-01	-3.208150000000e-03	-5.500000000000e-01	-1.166600000000e-04	-2.000000000000e-02	3.733120000000e-03	6.400000000000e-01	-5.833000000000e-05	-1.000000000000e-02	4.124553854661e-04	7.071067811865e-02	
  31	DIS_NCP	5.000000000000e-02	3.000000000000e+02	5.896168473187e-02	4.976000000000e-01	6.120480000000e-03	4.876480000000e-03	9.800000000000e-01	6.966400000000e-04	1.400000000000e-01	3.632480000000e-03	7.300000000000e-01	1.144480000000e-02	2.300000000000e+00	7.464000000000e-03	1.500000000000e+00	2.438240000000e-03	4.900000000000e-01	-2.687040000000e-03	-5.400000000000e-01	-2.488000000000e-04	-5.000000000000e-02	5.125280000000e-03	1.030000000000e+00	0.000000000000e+00	0.000000000000e+00	0.000000000000e+00	0.000000000000e+00	
  32	DIS_NCP	8.000000000000e-02	3.000000000000e+02	3.685105295742e-02	4.408000000000e-01	5.554080000000e-03	4.760640000000e-03	1.080000000000e+00	1.322400000000e-03	3.000000000000e-01	3.472261930212e-03	7.877182237323e-01	1.013840000000e-02	2.300000000000e+00	6.612000000000e-03	1.500000000000e+00	2.248080000000e-03	5.100000000000e-01	-3.041520000000e-03	-6.900000000000e-01	-2.644800000000e-04	-6.000000000000e-02	9.168640000000e-03	2.080000000000e+00	-4.408000000000e-05	-1.000000000000e-02	0.000000000000e+00	0.000000000000e+00	
  33	DIS_NCP	1.300000000000e-01	3.000000000000e+02	2.267757105072e-02	3.712000000000e-01	4.825600000000e-03	5.196800000000e-03	1.400000000000e+00	1.893120000000e-03	5.100000000000e-01	4.132674810338e-03	1.113328343302e+00	8.537600000000e-03	2.300000000000e+00	5.568000000000e-03	1.500000000000e+00	2.524160000000e-03	6.800000000000e-01	-2.709760000000e-03	-7.300000000000e-01	-7.424000000000e-04	-2.000000000000e-01	2.561280000000e-03	6.900000000000e-01	0.000000000000e+00	0.000000000000e+00	1.437651418112e-04	3.872983346207e-02	
  34	DIS_NCP	1.800000000000e-01	3.000000000000e+02	1.637824575885e-02	3.077000000000e-01	5.169360000000e-03	6.184770000000e-03	2.010000000000e+00	4.953970000000e-03	1.610000000000e+00	4.035330356625e-03	1.311449579664e+00	7.077100000000e-03	2.300000000000e+00	4.615500000000e-03	1.500000000000e+00	3.292390000000e-03	1.070000000000e+00	-2.092360000000e-03	-6.800000000000e-01	-9.231000000000e-04	-3.000000000000e-01	-7.938660000000e-03	-2.580000000000e+00	0.000000000000e+00	0.000000000000e+00	0.000000000000e+00	0.000000000000e+00	
  35	DIS_NCP	4.000000000000e-01	3.000000000000e+02	7.370210591484e-03	1.505000000000e-01	3.205650000000e-03	3.612000000000e-03	2.400000000000e+00	3.265850000000e-03	2.170000000000e+00	2.606736465391e-03	1.732050807569e+00	3.461500000000e-03	2.300000000000e+00	2.257500000000e-03	1.500000000000e+00	2.016700000000e-03	1.340000000000e+00	-1.535100000000e-03	-1.020000000000e+00	-6.772500000000e-04	-4.500000000000e-01	-6.817650000000e-03	-4.530000000000e+00	0.000000000000e+00	0.000000000000e+00	3.692621088062e-04	2.453568829277e-01	
  36	DIS_NCP	8.000000000000e-03	4.000000000000e+02	4.913473727656e-01	1.000000000000e+00	1.190000000000e-02	2.600000000000e-03	2.600000000000e-01	6.000000000000e-04	6.000000000000e-02	6.902173570695e-03	6.902173570695e-01	2.300000000000e-02	2.300000000000e+00	1.500000000000e-02	1.500000000000e+00	-2.700000000000e-03	-2.700000000000e-01	-4.400000000000e-03	-4.400000000000e-01	1.000000000000e-04	1.000000000000e-02	1.400000000000e-03	1.400000000000e-01	-2.200000000000e-03	-2.200000000000e-01	4.242640687119e-04	4.242640687119e-02	
  37	DIS_NCP	1.300000000000e-02	4.000000000000e+02	3.023676140096e-01	8.496000000000e-01	9.515520000000e-03	3.823200000000e-03	4.500000000000e-01	8.496000000000e-05	1.000000000000e-02	5.823324747668e-03	6.854195795278e-01	1.954080000000e-02	2.300000000000e+00	1.274400000000e-02	1.500000000000e+00	-3.823200000000e-03	-4.500000000000e-01	-4.163040000000e-03	-4.900000000000e-01	0.000000000000e+00	0.000000000000e+00	2.548800000000e-04	3.000000000000e-02	-8.496000000000e-05	-1.000000000000e-02	6.185181361933e-04	7.280109889281e-02	
  38	DIS_NCP	2.000000000000e-02	4.000000000000e+02	1.965389491062e-01	7.105000000000e-01	8.312850000000e-03	6.110300000000e-03	8.600000000000e-01	0.000000000000e+00	0.000000000000e+00	4.986171358116e-03	7.017834423809e-01	1.634150000000e-02	2.300000000000e+00	1.065750000000e-02	1.500000000000e+00	-6.110300000000e-03	-8.600000000000e-01	-4.120900000000e-03	-5.800000000000e-01	0.000000000000e+00	0.000000000000e+00	0.000000000000e+00	0.000000000000e+00	0.000000000000e+00	0.000000000000e+00	5.316895146606e-04	7.483314773548e-02	
  39	DIS_NCP	3.200000000000e-02	4.000000000000e+02	1.228368431914e-01	5.966000000000e-01	7.517160000000e-03	2.923340000000e-03	4.900000000000e-01	8.949000000000e-04	1.500000000000e-01	4.268088241918e-03	7.154019849008e-01	1.372180000000e-02	2.300000000000e+00	8.949000000000e-03	1.500000000000e+00	2.863680000000e-03	4.800000000000e-01	-2.863680000000e-03	-4.800000000000e-01	-1.789800000000e-04	-3.000000000000e-02	3.937560000000e-03	6.600000000000e-01	-5.966000000000e-05	-1.000000000000e-02	4.260576200469e-04	7.141428428543e-02	
  40	DIS_NCP	5.000000000000e-02	4.000000000000e+02	7.861557964250e-02	4.986000000000e-01	6.880680000000e-03	3.340620000000e-03	6.700000000000e-01	1.595520000000e-03	3.200000000000e-01	3.630889965119e-03	7.282170006255e-01	1.146780000000e-02	2.300000000000e+00	7.479000000000e-03	1.500000000000e+00	3.191040000000e-03	6.400000000000e-01	-2.443140000000e-03	-4.900000000000e-01	-4.487400000000e-04	-9.000000000000e-02	2.842020000000e-03	5.700000000000e-01	0.000000000000e+00	0.000000000000e+00	0.000000000000e+00	0.000000000000e+00	
  41	DIS_NCP	8.000000000000e-02	4.000000000000e+02	4.913473727656e-02	4.293000000000e-01	6.267780000000e-03	1.073250000000e-03	2.500000000000e-01	1.631340000000e-03	3.800000000000e-01	3.333922904313e-03	7.765951326142e-01	9.873900000000e-03	2.300000000000e+00	6.439500000000e-03	1.500000000000e+00	9.444600000000e-04	2.200000000000e-01	-1.287900000000e-03	-3.000000000000e-01	-8.586000000000e-05	-2.000000000000e-02	8.414280000000e-03	1.960000000000e+00	0.000000000000e+00	0.000000000000e+00	0.000000000000e+00	0.000000000000e+00	
  42	DIS_NCP	1.300000000000e-01	4.000000000000e+02	3.023676140096e-02	3.581000000000e-01	5.120830000000e-03	2.291840000000e-03	6.400000000000e-01	1.432400000000e-03	4.000000000000e-01	4.008321291626e-03	1.119330156835e+00	8.236300000000e-03	2.300000000000e+00	5.371500000000e-03	1.500000000000e+00	2.112790000000e-03	5.900000000000e-01	-1.683070000000e-03	-4.700000000000e-01	-5.729600000000e-04	-1.600000000000e-01	3.043850000000e-03	8.500000000000e-01	0.000000000000e+00	0.000000000000e+00	0.000000000000e+00	0.000000000000e+00	
  43	DIS_NCP	1.800000000000e-01	4.000000000000e+02	2.183766101180e-02	3.061000000000e-01	5.693460000000e-03	3.397710000000e-03	1.110000000000e+00	5.142480000000e-03	1.680000000000e+00	3.997506618569e-03	1.305947931581e+00	7.040300000000e-03	2.300000000000e+00	4.591500000000e-03	1.500000000000e+00	3.183440000000e-03	1.040000000000e+00	-1.714160000000e-03	-5.600000000000e-01	-1.163180000000e-03	-3.800000000000e-01	-8.417750000000e-03	-2.750000000000e+00	0.000000000000e+00	0.000000000000e+00	4.140844048017e-04	1.352774925847e-01	
  44	DIS_NCP	4.000000000000e-01	4.000000000000e+02	9.826947455312e-03	1.490000000000e-01	3.501500000000e-03	2.041300000000e-03	1.370000000000e+00	3.397200000000e-03	2.280000000000e+00	2.703888183709e-03	1.814690056180e+00	3.427000000000e-03	2.300000000000e+00	2.235000000000e-03	1.500000000000e+00	1.907200000000e-03	1.280000000000e+00	-1.162200000000e-03	-7.800000000000e-01	-6.854000000000e-04	-4.600000000000e-01	-7.867200000000e-03	-5.280000000000e+00	0.000000000000e+00	0.000000000000e+00	2.274386290848e-04	1.526433752247e-01	
  45	DIS_NCP	8.000000000000e-03	5.000000000000e+02	6.141842159570e-01	9.824000000000e-01	1.945152000000e-02	3.045440000000e-03	3.100000000000e-01	8.841600000000e-04	9.000000000000e-02	7.936794947282e-03	8.078985084774e-01	2.259520000000e-02	2.300000000000e+00	1.473600000000e-02	1.500000000000e+00	-1.473600000000e-03	-1.500000000000e-01	-4.126080000000e-03	-4.200000000000e-01	9.824000000000e-05	1.000000000000e-02	1.571840000000e-03	1.600000000000e-01	-3.143680000000e-03	-3.200000000000e-01	0.000000000000e+00	0.000000000000e+00	
  46	DIS_NCP	1.300000000000e-02	5.000000000000e+02	3.779595175120e-01	8.668000000000e-01	1.204852000000e-02	2.513720000000e-03	2.900000000000e-01	1.733600000000e-04	2.000000000000e-02	6.086763167267e-03	7.022107945624e-01	1.993640000000e-02	2.300000000000e+00	1.300200000000e-02	1.500000000000e+00	-2.080320000000e-03	-2.400000000000e-01	-3.987280000000e-03	-4.600000000000e-01	8.668000000000e-05	1.000000000000e-02	7.801200000000e-04	9.000000000000e-02	-3.467200000000e-04	-4.000000000000e-02	0.000000000000e+00	0.000000000000e+00	
  47	DIS_NCP	2.000000000000e-02	5.000000000000e+02	2.456736863828e-01	7.418000000000e-01	1.038520000000e-02	4.821700000000e-03	6.500000000000e-01	0.000000000000e+00	0.000000000000e+00	5.340960000000e-03	7.200000000000e-01	1.706140000000e-02	2.300000000000e+00	1.112700000000e-02	1.500000000000e+00	-4.747520000000e-03	-6.400000000000e-01	-4.005720000000e-03	-5.400000000000e-01	0.000000000000e+00	0.000000000000e+00	0.000000000000e+00	0.000000000000e+00	0.000000000000e+00	0.000000000000e+00	0.000000000000e+00	0.000000000000e+00	
  48	DIS_NCP	3.200000000000e-02	5.000000000000e+02	1.535460539892e-01	6.091000000000e-01	9.014680000000e-03	2.497310000000e-03	4.100000000000e-01	2.192760000000e-03	3.600000000000e-01	4.435987944348e-03	7.282856582413e-01	1.400930000000e-02	2.300000000000e+00	9.136500000000e-03	1.500000000000e+00	2.558220000000e-03	4.200000000000e-01	-2.253670000000e-03	-3.700000000000e-01	4.263700000000e-04	7.000000000000e-02	4.263700000000e-03	7.000000000000e-01	-6.091000000000e-05	-1.000000000000e-02	2.511383636564e-04	4.123105625618e-02	
  49	DIS_NCP	5.000000000000e-02	5.000000000000e+02	9.826947455312e-02	5.286000000000e-01	8.087580000000e-03	3.594480000000e-03	6.800000000000e-01	1.585800000000e-03	3.000000000000e-01	3.995041160639e-03	7.557777451076e-01	1.215780000000e-02	2.300000000000e+00	7.929000000000e-03	1.500000000000e+00	3.594480000000e-03	6.800000000000e-01	-2.590140000000e-03	-4.900000000000e-01	-8.457600000000e-04	-1.600000000000e-01	2.431560000000e-03	4.600000000000e-01	0.000000000000e+00	0.000000000000e+00	1.831124113762e-04	3.464101615138e-02	
  50	DIS_NCP	8.000000000000e-02	5.000000000000e+02	6.141842159570e-02	4.403000000000e-01	7.264950000000e-03	1.497020000000e-03	3.400000000000e-01	1.232840000000e-03	2.800000000000e-01	3.455723939206e-03	7.848566748139e-01	1.012690000000e-02	2.300000000000e+00	6.604500000000e-03	1.500000000000e+00	1.497020000000e-03	3.400000000000e-01	-1.452990000000e-03	-3.300000000000e-01	2.641800000000e-04	6.000000000000e-02	6.868680000000e-03	1.560000000000e+00	0.000000000000e+00	0.000000000000e+00	0.000000000000e+00	0.000000000000e+00	
  51	DIS_NCP	1.300000000000e-01	5.000000000000e+02	3.779595175120e-02	3.848000000000e-01	7.311200000000e-03	2.501200000000e-03	6.500000000000e-01	1.539200000000e-04	4.000000000000e-02	4.329470285566e-03	1.125122215584e+00	8.850400000000e-03	2.300000000000e+00	5.772000000000e-03	1.500000000000e+00	2.501200000000e-03	6.500000000000e-01	-2.039440000000e-03	-5.300000000000e-01	-2.693600000000e-04	-7.000000000000e-02	5.425680000000e-03	1.410000000000e+00	0.000000000000e+00	0.000000000000e+00	6.216634253356e-04	1.615549442140e-01	
  52	DIS_NCP	1.800000000000e-01	5.000000000000e+02	2.729707626476e-02	3.128000000000e-01	6.662640000000e-03	2.439840000000e-03	7.800000000000e-01	2.690080000000e-03	8.600000000000e-01	4.011774325856e-03	1.282536549187e+00	7.194400000000e-03	2.300000000000e+00	4.692000000000e-03	1.500000000000e+00	2.439840000000e-03	7.800000000000e-01	-1.313760000000e-03	-4.200000000000e-01	-6.881600000000e-04	-2.200000000000e-01	-9.384000000000e-04	-3.000000000000e-01	0.000000000000e+00	0.000000000000e+00	0.000000000000e+00	0.000000000000e+00	
  53	DIS_NCP	2.500000000000e-01	5.000000000000e+02	1.965389491062e-02	2.495000000000e-01	6.561850000000e-03	3.043900000000e-03	1.220000000000e+00	5.039900000000e-03	2.020000000000e+00	3.571250652083e-03	1.431362986807e+00	5.738500000000e-03	2.300000000000e+00	3.742500000000e-03	1.500000000000e+00	3.043900000000e-03	1.220000000000e+00	-1.372250000000e-03	-5.500000000000e-01	-1.047900000000e-03	-4.200000000000e-01	-1.005485000000e-02	-4.030000000000e+00	0.000000000000e+00	0.000000000000e+00	3.921200294552e-04	1.571623364550e-01	
  54	DIS_NCP	1.300000000000e-02	6.500000000000e+02	4.913473727656e-01	8.554000000000e-01	1.351532000000e-02	1.539720000000e-03	1.800000000000e-01	4.277000000000e-04	5.000000000000e-02	6.301575684954e-03	7.366817494685e-01	1.967420000000e-02	2.300000000000e+00	1.283100000000e-02	1.500000000000e+00	-1.368640000000e-03	-1.600000000000e-01	-3.164980000000e-03	-3.700000000000e-01	8.554000000000e-05	1.000000000000e-02	1.026480000000e-03	1.200000000000e-01	-9.409400000000e-04	-1.100000000000e-01	0.000000000000e+00	0.000000000000e+00	
  55	DIS_NCP	2.000000000000e-02	6.500000000000e+02	3.193757922976e-01	7.332000000000e-01	1.209780000000e-02	4.252560000000e-03	5.800000000000e-01	0.000000000000e+00	0.000000000000e+00	5.516568734857e-03	7.523961722391e-01	1.686360000000e-02	2.300000000000e+00	1.099800000000e-02	1.500000000000e+00	-3.006120000000e-03	-4.100000000000e-01	-3.885960000000e-03	-5.300000000000e-01	0.000000000000e+00	0.000000000000e+00	1.466400000000e-04	2.000000000000e-02	-1.466400000000e-04	-2.000000000000e-02	0.000000000000e+00	0.000000000000e+00	
  56	DIS_NCP	3.200000000000e-02	6.500000000000e+02	1.996098701860e-01	6.452000000000e-01	1.096840000000e-02	5.613240000000e-03	8.700000000000e-01	0.000000000000e+00	0.000000000000e+00	5.047427270204e-03	7.823042886243e-01	1.483960000000e-02	2.300000000000e+00	9.678000000000e-03	1.500000000000e+00	-5.290640000000e-03	-8.200000000000e-01	-3.742160000000e-03	-5.800000000000e-01	0.000000000000e+00	0.000000000000e+00	0.000000000000e+00	0.000000000000e+00	0.000000000000e+00	0.000000000000e+00	6.858570078376e-04	1.063014581273e-01	
  57	DIS_NCP	5.000000000000e-02	6.500000000000e+02	1.277503169191e-01	5.196000000000e-01	9.352800000000e-03	3.273480000000e-03	6.300000000000e-01	5.715600000000e-04	1.100000000000e-01	4.128777041982e-03	7.946068210128e-01	1.195080000000e-02	2.300000000000e+00	7.794000000000e-03	1.500000000000e+00	3.585240000000e-03	6.900000000000e-01	-1.818600000000e-03	-3.500000000000e-01	3.117600000000e-04	6.000000000000e-02	2.546040000000e-03	4.900000000000e-01	0.000000000000e+00	0.000000000000e+00	3.327063353770e-04	6.403124237433e-02	
  58	DIS_NCP	8.000000000000e-02	6.500000000000e+02	7.984394807441e-02	4.202000000000e-01	8.446020000000e-03	2.016960000000e-03	4.800000000000e-01	4.622200000000e-04	1.100000000000e-01	3.511625252444e-03	8.357032966310e-01	9.664600000000e-03	2.300000000000e+00	6.303000000000e-03	1.500000000000e+00	2.101000000000e-03	5.000000000000e-01	-2.101000000000e-03	-5.000000000000e-01	2.521200000000e-04	6.000000000000e-02	5.378560000000e-03	1.280000000000e+00	0.000000000000e+00	0.000000000000e+00	0.000000000000e+00	0.000000000000e+00	
  59	DIS_NCP	1.300000000000e-01	6.500000000000e+02	4.913473727656e-02	3.747000000000e-01	8.655570000000e-03	2.210730000000e-03	5.900000000000e-01	1.873500000000e-04	5.000000000000e-02	4.378542256220e-03	1.168546105209e+00	8.618100000000e-03	2.300000000000e+00	5.620500000000e-03	1.500000000000e+00	2.398080000000e-03	6.400000000000e-01	-7.868700000000e-04	-2.100000000000e-01	-3.747000000000e-04	-1.000000000000e-01	5.283270000000e-03	1.410000000000e+00	0.000000000000e+00	0.000000000000e+00	4.288637521405e-04	1.144552314226e-01	
  60	DIS_NCP	1.800000000000e-01	6.500000000000e+02	3.548619914418e-02	3.368000000000e-01	7.847440000000e-03	2.155520000000e-03	6.400000000000e-01	1.684000000000e-03	5.000000000000e-01	4.485892795866e-03	1.331915913262e+00	7.746400000000e-03	2.300000000000e+00	5.052000000000e-03	1.500000000000e+00	2.222880000000e-03	6.600000000000e-01	-1.549280000000e-03	-4.600000000000e-01	-8.420000000000e-04	-2.500000000000e-01	9.430400000000e-04	2.800000000000e-01	0.000000000000e+00	0.000000000000e+00	2.130110231889e-04	6.324555320337e-02	
  61	DIS_NCP	2.500000000000e-01	6.500000000000e+02	2.555006338381e-02	2.403000000000e-01	7.136910000000e-03	3.123900000000e-03	1.300000000000e+00	3.796740000000e-03	1.580000000000e+00	3.493618225179e-03	1.453856939317e+00	5.526900000000e-03	2.300000000000e+00	3.604500000000e-03	1.500000000000e+00	3.171960000000e-03	1.320000000000e+00	-1.321650000000e-03	-5.500000000000e-01	-9.131400000000e-04	-3.800000000000e-01	-7.040790000000e-03	-2.930000000000e+00	0.000000000000e+00	0.000000000000e+00	5.367895389256e-04	2.233830790369e-01	
  62	DIS_NCP	4.000000000000e-01	6.500000000000e+02	1.596878961488e-02	1.352000000000e-01	5.705440000000e-03	1.946880000000e-03	1.440000000000e+00	3.528720000000e-03	2.610000000000e+00	2.847813980442e-03	2.106371287309e+00	3.109600000000e-03	2.300000000000e+00	2.028000000000e-03	1.500000000000e+00	1.973920000000e-03	1.460000000000e+00	-7.841600000000e-04	-5.800000000000e-01	-7.976800000000e-04	-5.900000000000e-01	-6.138080000000e-03	-4.540000000000e+00	0.000000000000e+00	0.000000000000e+00	0.000000000000e+00	0.000000000000e+00	
  63	DIS_NCP	1.300000000000e-02	8.000000000000e+02	6.047352280192e-01	8.202000000000e-01	2.132520000000e-02	1.394340000000e-03	1.700000000000e-01	6.561600000000e-04	8.000000000000e-02	7.721650483232e-03	9.414350747662e-01	1.886460000000e-02	2.300000000000e+00	1.230300000000e-02	1.500000000000e+00	-2.378580000000e-03	-2.900000000000e-01	-2.952720000000e-03	-3.600000000000e-01	2.460600000000e-04	3.000000000000e-02	1.148280000000e-03	1.400000000000e-01	-1.722420000000e-03	-2.100000000000e-01	4.182215805049e-04	5.099019513593e-02	
  64	DIS_NCP	2.000000000000e-02	8.000000000000e+02	3.930778982125e-01	7.020000000000e-01	1.326780000000e-02	3.018600000000e-03	4.300000000000e-01	1.404000000000e-04	2.000000000000e-02	5.468395260037e-03	7.789736837660e-01	1.614600000000e-02	2.300000000000e+00	1.053000000000e-02	1.500000000000e+00	-2.035800000000e-03	-2.900000000000e-01	-2.457000000000e-03	-3.500000000000e-01	0.000000000000e+00	0.000000000000e+00	5.616000000000e-04	8.000000000000e-02	-3.510000000000e-04	-5.000000000000e-02	0.000000000000e+00	0.000000000000e+00	
  65	DIS_NCP	3.200000000000e-02	8.000000000000e+02	2.456736863828e-01	6.160000000000e-01	1.225840000000e-02	4.496800000000e-03	7.300000000000e-01	0.000000000000e+00	0.000000000000e+00	5.150879878234e-03	8.361817984147e-01	1.416800000000e-02	2.300000000000e+00	9.240000000000e-03	1.500000000000e+00	-3.141600000000e-03	-5.100000000000e-01	-2.956800000000e-03	-4.800000000000e-01	0.000000000000e+00	0.000000000000e+00	0.000000000000e+00	0.000000000000e+00	0.000000000000e+00	0.000000000000e+00	0.000000000000e+00	0.000000000000e+00	
  66	DIS_NCP	5.000000000000e-02	8.000000000000e+02	1.572311592850e-01	5.275000000000e-01	1.123575000000e-02	1.213250000000e-03	2.300000000000e-01	1.160500000000e-03	2.200000000000e-01	4.497072853535e-03	8.525256594379e-01	1.213250000000e-02	2.300000000000e+00	7.912500000000e-03	1.500000000000e+00	1.951750000000e-03	3.700000000000e-01	-1.529750000000e-03	-2.900000000000e-01	6.857500000000e-04	1.300000000000e-01	3.059500000000e-03	5.800000000000e-01	0.000000000000e+00	0.000000000000e+00	3.030256796049e-04	5.744562646538e-02	
  67	DIS_NCP	8.000000000000e-02	8.000000000000e+02	9.826947455312e-02	4.562000000000e-01	1.031012000000e-02	2.189760000000e-03	4.800000000000e-01	1.277360000000e-03	2.800000000000e-01	4.171424549048e-03	9.143850392477e-01	1.049260000000e-02	2.300000000000e+00	6.843000000000e-03	1.500000000000e+00	3.330260000000e-03	7.300000000000e-01	-1.961660000000e-03	-4.300000000000e-01	-5.474400000000e-04	-1.200000000000e-01	3.330260000000e-03	7.300000000000e-01	0.000000000000e+00	0.000000000000e+00	4.955600460086e-04	1.086278049120e-01	
  68	DIS_NCP	1.300000000000e-01	8.000000000000e+02	6.047352280192e-02	3.574000000000e-01	9.506840000000e-03	1.572560000000e-03	4.400000000000e-01	6.790600000000e-04	1.900000000000e-01	4.434065206918e-03	1.240644993542e+00	8.220200000000e-03	2.300000000000e+00	5.361000000000e-03	1.500000000000e+00	2.251620000000e-03	6.300000000000e-01	-1.858480000000e-03	-5.200000000000e-01	-3.216600000000e-04	-9.000000000000e-02	5.003600000000e-03	1.400000000000e+00	0.000000000000e+00	0.000000000000e+00	5.240512703925e-04	1.466287829862e-01	
  69	DIS_NCP	1.800000000000e-01	8.000000000000e+02	4.367532202361e-02	3.261000000000e-01	9.000360000000e-03	1.891380000000e-03	5.800000000000e-01	1.728330000000e-03	5.300000000000e-01	4.507735396715e-03	1.382316895650e+00	7.500300000000e-03	2.300000000000e+00	4.891500000000e-03	1.500000000000e+00	2.282700000000e-03	7.000000000000e-01	-1.532670000000e-03	-4.700000000000e-01	-4.565400000000e-04	-1.400000000000e-01	1.076130000000e-03	3.300000000000e-01	0.000000000000e+00	0.000000000000e+00	2.728348346528e-04	8.366600265341e-02	
  70	DIS_NCP	2.500000000000e-01	8.000000000000e+02	3.144623185700e-02	2.406000000000e-01	7.867620000000e-03	2.309760000000e-03	9.600000000000e-01	3.199980000000e-03	1.330000000000e+00	3.740614320616e-03	1.554702543897e+00	5.533800000000e-03	2.300000000000e+00	3.609000000000e-03	1.500000000000e+00	2.502240000000e-03	1.040000000000e+00	-1.058640000000e-03	-4.400000000000e-01	-1.034580000000e-03	-4.300000000000e-01	-4.042080000000e-03	-1.680000000000e+00	0.000000000000e+00	0.000000000000e+00	1.178694464227e-04	4.898979485566e-02	
  71	DIS_NCP	4.000000000000e-01	8.000000000000e+02	1.965389491062e-02	1.221000000000e-01	5.873010000000e-03	2.466420000000e-03	2.020000000000e+00	3.247860000000e-03	2.660000000000e+00	2.731440041517e-03	2.237051631054e+00	2.808300000000e-03	2.300000000000e+00	1.831500000000e-03	1.500000000000e+00	2.405370000000e-03	1.970000000000e+00	-6.837600000000e-04	-5.600000000000e-01	-7.692300000000e-04	-6.300000000000e-01	-6.617820000000e-03	-5.420000000000e+00	0.000000000000e+00	0.000000000000e+00	1.773604947557e-04	1.452583904633e-01	
  72	DIS_NCP	1.300000000000e-02	1.000000000000e+03	7.559190350240e-01	7.998000000000e-01	2.127468000000e-02	1.119720000000e-03	1.400000000000e-01	1.919520000000e-03	2.400000000000e-01	1.138219655871e-02	1.423130352427e+00	1.839540000000e-02	2.300000000000e+00	1.199700000000e-02	1.500000000000e+00	-7.998000000000e-04	-1.000000000000e-01	-2.319420000000e-03	-2.900000000000e-01	3.199200000000e-04	4.000000000000e-02	1.679580000000e-03	2.100000000000e-01	-9.437640000000e-03	-1.180000000000e+00	5.877305688834e-04	7.348469228350e-02	
  73	DIS_NCP	2.000000000000e-02	1.000000000000e+03	4.913473727656e-01	7.314000000000e-01	1.609080000000e-02	2.267340000000e-03	3.100000000000e-01	3.657000000000e-04	5.000000000000e-02	5.777134103031e-03	7.898734075787e-01	1.682220000000e-02	2.300000000000e+00	1.097100000000e-02	1.500000000000e+00	-1.609080000000e-03	-2.200000000000e-01	-2.852460000000e-03	-3.900000000000e-01	7.314000000000e-05	1.000000000000e-02	9.508200000000e-04	1.300000000000e-01	-8.776800000000e-04	-1.200000000000e-01	0.000000000000e+00	0.000000000000e+00	
  74	DIS_NCP	3.200000000000e-02	1.000000000000e+03	3.070921079785e-01	6.166000000000e-01	1.344188000000e-02	4.007900000000e-03	6.500000000000e-01	0.000000000000e+00	0.000000000000e+00	4.846883911587e-03	7.860661549768e-01	1.418180000000e-02	2.300000000000e+00	9.249000000000e-03	1.500000000000e+00	-2.528060000000e-03	-4.100000000000e-01	-2.404740000000e-03	-3.900000000000e-01	0.000000000000e+00	0.000000000000e+00	6.166000000000e-05	1.000000000000e-02	-6.166000000000e-05	-1.000000000000e-02	4.136278544779e-04	6.708203932499e-02	
  75	DIS_NCP	5.000000000000e-02	1.000000000000e+03	1.965389491062e-01	5.197000000000e-01	1.216098000000e-02	6.444280000000e-03	1.240000000000e+00	0.000000000000e+00	0.000000000000e+00	4.293426620137e-03	8.261355820929e-01	1.195310000000e-02	2.300000000000e+00	7.795500000000e-03	1.500000000000e+00	-3.585930000000e-03	-6.900000000000e-01	-2.494560000000e-03	-4.800000000000e-01	0.000000000000e+00	0.000000000000e+00	0.000000000000e+00	0.000000000000e+00	0.000000000000e+00	0.000000000000e+00	0.000000000000e+00	0.000000000000e+00	
  76	DIS_NCP	8.000000000000e-02	1.000000000000e+03	1.228368431914e-01	4.398000000000e-01	1.125888000000e-02	2.199000000000e-03	5.000000000000e-01	1.275420000000e-03	2.900000000000e-01	3.802426460827e-03	8.645808232895e-01	1.011540000000e-02	2.300000000000e+00	6.597000000000e-03	1.500000000000e+00	1.671240000000e-03	3.800000000000e-01	-9.675600000000e-04	-2.200000000000e-01	-5.717400000000e-04	-1.300000000000e-01	1.935120000000e-03	4.400000000000e-01	-4.398000000000e-05	-1.000000000000e-02	3.462988662990e-04	7.874007874012e-02	
  77	DIS_NCP	1.300000000000e-01	1.000000000000e+03	7.559190350240e-02	3.412000000000e-01	1.115724000000e-02	1.023600000000e-03	3.000000000000e-01	7.506400000000e-04	2.200000000000e-01	4.107458509200e-03	1.203827230129e+00	7.847600000000e-03	2.300000000000e+00	5.118000000000e-03	1.500000000000e+00	1.023600000000e-03	3.000000000000e-01	4.776800000000e-04	1.400000000000e-01	3.070800000000e-04	9.000000000000e-02	4.196760000000e-03	1.230000000000e+00	0.000000000000e+00	0.000000000000e+00	0.000000000000e+00	0.000000000000e+00	
  78	DIS_NCP	1.800000000000e-01	1.000000000000e+03	5.459415252951e-02	3.006000000000e-01	9.799560000000e-03	9.919800000000e-04	3.300000000000e-01	1.172340000000e-03	3.900000000000e-01	4.047062991059e-03	1.346328340339e+00	6.913800000000e-03	2.300000000000e+00	4.509000000000e-03	1.500000000000e+00	1.382760000000e-03	4.600000000000e-01	-9.919800000000e-04	-3.300000000000e-01	-6.012000000000e-04	-2.000000000000e-01	1.773540000000e-03	5.900000000000e-01	0.000000000000e+00	0.000000000000e+00	0.000000000000e+00	0.000000000000e+00	
  79	DIS_NCP	2.500000000000e-01	1.000000000000e+03	3.930778982125e-02	2.450000000000e-01	8.844500000000e-03	2.033500000000e-03	8.300000000000e-01	2.572500000000e-03	1.050000000000e+00	3.673938179937e-03	1.499566604056e+00	5.635000000000e-03	2.300000000000e+00	3.675000000000e-03	1.500000000000e+00	2.401000000000e-03	9.800000000000e-01	-1.053500000000e-03	-4.300000000000e-01	-5.145000000000e-04	-2.100000000000e-01	-2.401000000000e-03	-9.800000000000e-01	0.000000000000e+00	0.000000000000e+00	0.000000000000e+00	0.000000000000e+00	
  80	DIS_NCP	4.000000000000e-01	1.000000000000e+03	2.456736863828e-02	1.296000000000e-01	7.711200000000e-03	1.788480000000e-03	1.380000000000e+00	3.408480000000e-03	2.630000000000e+00	2.771834675589e-03	2.138761323757e+00	2.980800000000e-03	2.300000000000e+00	1.944000000000e-03	1.500000000000e+00	1.814400000000e-03	1.400000000000e+00	-5.313600000000e-04	-4.100000000000e-01	-8.164800000000e-04	-6.300000000000e-01	-5.663520000000e-03	-4.370000000000e+00	0.000000000000e+00	0.000000000000e+00	3.967115062612e-04	3.061045573003e-01	
  81	DIS_NCP	1.300000000000e-02	1.200000000000e+03	9.071028420288e-01	8.342000000000e-01	3.662138000000e-02	1.084460000000e-03	1.300000000000e-01	2.502600000000e-03	3.000000000000e-01	1.738901855692e-02	2.084514331925e+00	1.918660000000e-02	2.300000000000e+00	1.251300000000e-02	1.500000000000e+00	-1.167880000000e-03	-1.400000000000e-01	-1.835240000000e-03	-2.200000000000e-01	5.005200000000e-04	6.000000000000e-02	1.918660000000e-03	2.300000000000e-01	-1.718452000000e-02	-2.060000000000e+00	0.000000000000e+00	0.000000000000e+00	
  82	DIS_NCP	2.000000000000e-02	1.200000000000e+03	5.896168473187e-01	7.108000000000e-01	1.976024000000e-02	9.240400000000e-04	1.300000000000e-01	5.686400000000e-04	8.000000000000e-02	6.880823027400e-03	9.680392554024e-01	1.634840000000e-02	2.300000000000e+00	1.066200000000e-02	1.500000000000e+00	5.686400000000e-04	8.000000000000e-02	-2.061320000000e-03	-2.900000000000e-01	1.421600000000e-04	2.000000000000e-02	8.529600000000e-04	1.200000000000e-01	-1.634840000000e-03	-2.300000000000e-01	3.015669000404e-04	4.242640687119e-02	
  83	DIS_NCP	3.200000000000e-02	1.200000000000e+03	3.685105295742e-01	6.093000000000e-01	1.559808000000e-02	2.619990000000e-03	4.300000000000e-01	1.218600000000e-04	2.000000000000e-02	4.465799082225e-03	7.329392880723e-01	1.401390000000e-02	2.300000000000e+00	9.139500000000e-03	1.500000000000e+00	-1.462320000000e-03	-2.400000000000e-01	-2.376270000000e-03	-3.900000000000e-01	0.000000000000e+00	0.000000000000e+00	3.655800000000e-04	6.000000000000e-02	-6.093000000000e-05	-1.000000000000e-02	0.000000000000e+00	0.000000000000e+00	
  84	DIS_NCP	5.000000000000e-02	1.200000000000e+03	2.358467389275e-01	5.158000000000e-01	1.356554000000e-02	5.054840000000e-03	9.800000000000e-01	0.000000000000e+00	0.000000000000e+00	3.918722396496e-03	7.597367965289e-01	1.186340000000e-02	2.300000000000e+00	7.737000000000e-03	1.500000000000e+00	-2.940060000000e-03	-5.700000000000e-01	-2.424260000000e-03	-4.700000000000e-01	0.000000000000e+00	0.000000000000e+00	0.000000000000e+00	0.000000000000e+00	-5.158000000000e-05	-1.000000000000e-02	2.126697881694e-04	4.123105625618e-02	
  85	DIS_NCP	8.000000000000e-02	1.200000000000e+03	1.474042118297e-01	4.331000000000e-01	1.230004000000e-02	3.464800000000e-03	8.000000000000e-01	4.764100000000e-04	1.100000000000e-01	3.485042431234e-03	8.046738469716e-01	9.961300000000e-03	2.300000000000e+00	6.496500000000e-03	1.500000000000e+00	2.425360000000e-03	5.600000000000e-01	-1.299300000000e-03	-3.000000000000e-01	-3.897900000000e-04	-9.000000000000e-02	1.948950000000e-03	4.500000000000e-01	0.000000000000e+00	0.000000000000e+00	0.000000000000e+00	0.000000000000e+00	
  86	DIS_NCP	1.300000000000e-01	1.200000000000e+03	9.071028420288e-02	3.443000000000e-01	1.194721000000e-02	3.477430000000e-03	1.010000000000e+00	4.475900000000e-04	1.300000000000e-01	3.885254261512e-03	1.128450264744e+00	7.918900000000e-03	2.300000000000e+00	5.164500000000e-03	1.500000000000e+00	2.031370000000e-03	5.900000000000e-01	-9.984700000000e-04	-2.900000000000e-01	-1.721500000000e-04	-5.000000000000e-02	2.169090000000e-03	6.300000000000e-01	0.000000000000e+00	0.000000000000e+00	0.000000000000e+00	0.000000000000e+00	
  87	DIS_NCP	1.800000000000e-01	1.200000000000e+03	6.551298303541e-02	3.211000000000e-01	1.229813000000e-02	2.279810000000e-03	7.100000000000e-01	1.605500000000e-04	5.000000000000e-02	4.056422125950e-03	1.263289357194e+00	7.385300000000e-03	2.300000000000e+00	4.816500000000e-03	1.500000000000e+00	1.701830000000e-03	5.300000000000e-01	-9.633000000000e-04	-3.000000000000e-01	-4.495400000000e-04	-1.400000000000e-01	3.339440000000e-03	1.040000000000e+00	-3.211000000000e-05	-1.000000000000e-02	4.086935773902e-04	1.272792206136e-01	
  88	DIS_NCP	2.500000000000e-01	1.200000000000e+03	4.716934778550e-02	2.506000000000e-01	1.032472000000e-02	3.458280000000e-03	1.380000000000e+00	2.430820000000e-03	9.700000000000e-01	3.460730653431e-03	1.380977914378e+00	5.763800000000e-03	2.300000000000e+00	3.759000000000e-03	1.500000000000e+00	2.079980000000e-03	8.300000000000e-01	-7.016800000000e-04	-2.800000000000e-01	-7.016800000000e-04	-2.800000000000e-01	-1.027460000000e-03	-4.100000000000e-01	0.000000000000e+00	0.000000000000e+00	0.000000000000e+00	0.000000000000e+00	
  89	DIS_NCP	4.000000000000e-01	1.200000000000e+03	2.948084236594e-02	1.086000000000e-01	6.168480000000e-03	2.834460000000e-03	2.610000000000e+00	2.975640000000e-03	2.740000000000e+00	2.217754526272e-03	2.042131239661e+00	2.497800000000e-03	2.300000000000e+00	1.629000000000e-03	1.500000000000e+00	1.802760000000e-03	1.660000000000e+00	-5.647200000000e-04	-5.200000000000e-01	-6.190200000000e-04	-5.700000000000e-01	-5.299680000000e-03	-4.880000000000e+00	0.000000000000e+00	0.000000000000e+00	3.130619868333e-04	2.882707061080e-01	
  90	DIS_NCP	2.000000000000e-02	1.500000000000e+03	7.370210591484e-01	6.838000000000e-01	2.386462000000e-02	8.889400000000e-04	1.300000000000e-01	1.435980000000e-03	2.100000000000e-01	1.094806296427e-02	1.601062147451e+00	1.572740000000e-02	2.300000000000e+00	1.025700000000e-02	1.500000000000e+00	1.572740000000e-03	2.300000000000e-01	-1.846260000000e-03	-2.700000000000e-01	3.419000000000e-04	5.000000000000e-02	1.367600000000e-03	2.000000000000e-01	-5.402020000000e-03	-7.900000000000e-01	0.000000000000e+00	0.000000000000e+00	
  91	DIS_NCP	3.200000000000e-02	1.500000000000e+03	4.606381619677e-01	5.968000000000e-01	1.987344000000e-02	1.492000000000e-03	2.500000000000e-01	2.984000000000e-04	5.000000000000e-02	4.839234782484e-03	8.108637370113e-01	1.372640000000e-02	2.300000000000e+00	8.952000000000e-03	1.500000000000e+00	-1.492000000000e-03	-2.500000000000e-01	-2.148480000000e-03	-3.600000000000e-01	1.193600000000e-04	2.000000000000e-02	6.564800000000e-04	1.100000000000e-01	-1.790400000000e-04	-3.000000000000e-02	0.000000000000e+00	0.000000000000e+00	
  92	DIS_NCP	5.000000000000e-02	1.500000000000e+03	2.948084236594e-01	5.307000000000e-01	1.592100000000e-02	3.290340000000e-03	6.200000000000e-01	0.000000000000e+00	0.000000000000e+00	4.163881804807e-03	7.846018098373e-01	1.220610000000e-02	2.300000000000e+00	7.960500000000e-03	1.500000000000e+00	-1.539030000000e-03	-2.900000000000e-01	-2.228940000000e-03	-4.200000000000e-01	0.000000000000e+00	0.000000000000e+00	1.061400000000e-04	2.000000000000e-02	0.000000000000e+00	0.000000000000e+00	0.000000000000e+00	0.000000000000e+00	
  93	DIS_NCP	8.000000000000e-02	1.500000000000e+03	1.842552647871e-01	4.510000000000e-01	1.492810000000e-02	4.239400000000e-03	9.400000000000e-01	1.804000000000e-04	4.000000000000e-02	3.711650539854e-03	8.229823813424e-01	1.037300000000e-02	2.300000000000e+00	6.765000000000e-03	1.500000000000e+00	2.660900000000e-03	5.900000000000e-01	-8.569000000000e-04	-1.900000000000e-01	-4.510000000000e-04	-1.000000000000e-01	1.713800000000e-03	3.800000000000e-01	0.000000000000e+00	0.000000000000e+00	4.278561674208e-04	9.486832980505e-02	
  94	DIS_NCP	1.300000000000e-01	1.500000000000e+03	1.133878552536e-01	3.346000000000e-01	1.341746000000e-02	2.877560000000e-03	8.600000000000e-01	2.007600000000e-04	6.000000000000e-02	4.066319338222e-03	1.215277746032e+00	7.695800000000e-03	2.300000000000e+00	5.019000000000e-03	1.500000000000e+00	1.706460000000e-03	5.100000000000e-01	-8.365000000000e-04	-2.500000000000e-01	2.007600000000e-04	6.000000000000e-02	2.141440000000e-03	6.400000000000e-01	0.000000000000e+00	0.000000000000e+00	0.000000000000e+00	0.000000000000e+00	
  95	DIS_NCP	1.800000000000e-01	1.500000000000e+03	8.189122879427e-02	3.027000000000e-01	1.241070000000e-02	2.421600000000e-03	8.000000000000e-01	1.210800000000e-04	4.000000000000e-02	3.945912491389e-03	1.303572015655e+00	6.962100000000e-03	2.300000000000e+00	4.540500000000e-03	1.500000000000e+00	1.604310000000e-03	5.300000000000e-01	-6.054000000000e-04	-2.000000000000e-01	1.513500000000e-04	5.000000000000e-02	2.754570000000e-03	9.100000000000e-01	0.000000000000e+00	0.000000000000e+00	0.000000000000e+00	0.000000000000e+00	
  96	DIS_NCP	2.500000000000e-01	1.500000000000e+03	5.896168473187e-02	2.317000000000e-01	1.033382000000e-02	3.614520000000e-03	1.560000000000e+00	2.571870000000e-03	1.110000000000e+00	3.275667712742e-03	1.413753868253e+00	5.329100000000e-03	2.300000000000e+00	3.475500000000e-03	1.500000000000e+00	2.177980000000e-03	9.400000000000e-01	-4.402300000000e-04	-1.900000000000e-01	-8.572900000000e-04	-3.700000000000e-01	-6.024200000000e-04	-2.600000000000e-01	0.000000000000e+00	0.000000000000e+00	0.000000000000e+00	0.000000000000e+00	
  97	DIS_NCP	4.000000000000e-01	1.500000000000e+03	3.685105295742e-02	1.236000000000e-01	7.107000000000e-03	2.657400000000e-03	2.150000000000e+00	2.533800000000e-03	2.050000000000e+00	2.578445311113e-03	2.086120801871e+00	2.842800000000e-03	2.300000000000e+00	1.854000000000e-03	1.500000000000e+00	1.495560000000e-03	1.210000000000e+00	-2.966400000000e-04	-2.400000000000e-01	-6.303600000000e-04	-5.100000000000e-01	-4.264200000000e-03	-3.450000000000e+00	0.000000000000e+00	0.000000000000e+00	9.331595361994e-05	7.549834435270e-02	
  98	DIS_NCP	6.500000000000e-01	1.500000000000e+03	2.267757105072e-02	1.506000000000e-02	1.637022000000e-03	6.792060000000e-04	4.510000000000e+00	7.349280000000e-04	4.880000000000e+00	3.893060976455e-04	2.585033848908e+00	3.463800000000e-04	2.300000000000e+00	2.259000000000e-04	1.500000000000e+00	4.231860000000e-04	2.810000000000e+00	-4.819200000000e-05	-3.200000000000e-01	-1.506000000000e-04	-1.000000000000e+00	-1.542144000000e-03	-1.024000000000e+01	0.000000000000e+00	0.000000000000e+00	0.000000000000e+00	0.000000000000e+00	
  99	DIS_NCP	2.190000000000e-02	2.000000000000e+03	8.974381237728e-01	6.974000000000e-01	3.926362000000e-02	3.835700000000e-03	5.500000000000e-01	1.464540000000e-03	2.100000000000e-01	1.622620663798e-02	2.326671442211e+00	1.604020000000e-02	2.300000000000e+00	1.046100000000e-02	1.500000000000e+00	1.673760000000e-03	2.400000000000e-01	-9.763600000000e-04	-1.400000000000e-01	3.487000000000e-04	5.000000000000e-02	1.394800000000e-03	2.000000000000e-01	-1.101892000000e-02	-1.580000000000e+00	6.353616378095e-04	9.110433579145e-02	
 100	DIS_NCP	3.200000000000e-02	2.000000000000e+03	6.141842159570e-01	5.496000000000e-01	2.165424000000e-02	1.209120000000e-03	2.200000000000e-01	4.946400000000e-04	9.000000000000e-02	7.191994285204e-03	1.308587024236e+00	1.264080000000e-02	2.300000000000e+00	8.244000000000e-03	1.500000000000e+00	-9.343200000000e-04	-1.700000000000e-01	-2.253360000000e-03	-4.100000000000e-01	1.099200000000e-04	2.000000000000e-02	6.045600000000e-04	1.100000000000e-01	-1.099200000000e-03	-2.000000000000e-01	1.228942960434e-04	2.236067977500e-02	
 101	DIS_NCP	5.000000000000e-02	2.000000000000e+03	3.930778982125e-01	5.345000000000e-01	1.961615000000e-02	2.244900000000e-03	4.200000000000e-01	5.345000000000e-05	1.000000000000e-02	4.909259566370e-03	9.184770002564e-01	1.229350000000e-02	2.300000000000e+00	8.017500000000e-03	1.500000000000e+00	-1.336250000000e-03	-2.500000000000e-01	-1.389700000000e-03	-2.600000000000e-01	0.000000000000e+00	0.000000000000e+00	2.138000000000e-04	4.000000000000e-02	0.000000000000e+00	0.000000000000e+00	3.854334313471e-04	7.211102550928e-02	
 102	DIS_NCP	8.000000000000e-02	2.000000000000e+03	2.456736863828e-01	4.275000000000e-01	1.594575000000e-02	3.804750000000e-03	8.900000000000e-01	0.000000000000e+00	0.000000000000e+00	3.932767656181e-03	9.199456505686e-01	9.832500000000e-03	2.300000000000e+00	6.412500000000e-03	1.500000000000e+00	-1.966500000000e-03	-4.600000000000e-01	-2.565000000000e-03	-6.000000000000e-01	0.000000000000e+00	0.000000000000e+00	0.000000000000e+00	0.000000000000e+00	0.000000000000e+00	0.000000000000e+00	0.000000000000e+00	0.000000000000e+00	
 103	DIS_NCP	1.300000000000e-01	2.000000000000e+03	1.511838070048e-01	3.475000000000e-01	1.723600000000e-02	3.475000000000e-03	1.000000000000e+00	3.475000000000e-04	1.000000000000e-01	4.326340110301e-03	1.244989959799e+00	7.992500000000e-03	2.300000000000e+00	5.212500000000e-03	1.500000000000e+00	1.633250000000e-03	4.700000000000e-01	-7.297500000000e-04	-2.100000000000e-01	-3.127500000000e-04	-9.000000000000e-02	1.772250000000e-03	5.100000000000e-01	0.000000000000e+00	0.000000000000e+00	0.000000000000e+00	0.000000000000e+00	
 104	DIS_NCP	1.800000000000e-01	2.000000000000e+03	1.091883050590e-01	3.027000000000e-01	1.452960000000e-02	1.755660000000e-03	5.800000000000e-01	7.567500000000e-04	2.500000000000e-01	4.118388963163e-03	1.360551358825e+00	6.962100000000e-03	2.300000000000e+00	4.540500000000e-03	1.500000000000e+00	1.301610000000e-03	4.300000000000e-01	-8.475600000000e-04	-2.800000000000e-01	5.751300000000e-04	1.900000000000e-01	3.450780000000e-03	1.140000000000e+00	0.000000000000e+00	0.000000000000e+00	0.000000000000e+00	0.000000000000e+00	
 105	DIS_NCP	2.500000000000e-01	2.000000000000e+03	7.861557964250e-02	2.373000000000e-01	1.181754000000e-02	3.939180000000e-03	1.660000000000e+00	2.159430000000e-03	9.100000000000e-01	3.461978475323e-03	1.458903697987e+00	5.457900000000e-03	2.300000000000e+00	3.559500000000e-03	1.500000000000e+00	2.539110000000e-03	1.070000000000e+00	-6.881700000000e-04	-2.900000000000e-01	-5.457900000000e-04	-2.300000000000e-01	-2.373000000000e-05	-1.000000000000e-02	0.000000000000e+00	0.000000000000e+00	3.148140251005e-04	1.326649916142e-01	
 106	DIS_NCP	4.000000000000e-01	2.000000000000e+03	4.913473727656e-02	1.272000000000e-01	8.013600000000e-03	3.269040000000e-03	2.570000000000e+00	2.658480000000e-03	2.090000000000e+00	2.713447620722e-03	2.133213538303e+00	2.925600000000e-03	2.300000000000e+00	1.908000000000e-03	1.500000000000e+00	2.047920000000e-03	1.610000000000e+00	-3.434400000000e-04	-2.700000000000e-01	-7.886400000000e-04	-6.200000000000e-01	-3.447120000000e-03	-2.710000000000e+00	0.000000000000e+00	0.000000000000e+00	2.524847908291e-04	1.984943324128e-01	
 107	DIS_NCP	6.500000000000e-01	2.000000000000e+03	3.023676140096e-02	1.392000000000e-02	1.785936000000e-03	6.570240000000e-04	4.720000000000e+00	7.113120000000e-04	5.110000000000e+00	3.750942824198e-04	2.694642833475e+00	3.201600000000e-04	2.300000000000e+00	2.088000000000e-04	1.500000000000e+00	3.953280000000e-04	2.840000000000e+00	-3.897600000000e-05	-2.800000000000e-01	-1.475520000000e-04	-1.060000000000e+00	-1.444896000000e-03	-1.038000000000e+01	0.000000000000e+00	0.000000000000e+00	3.421036474520e-05	2.457641145489e-01	
 108	DIS_NCP	3.200000000000e-02	3.000000000000e+03	9.212763239355e-01	5.953000000000e-01	2.226422000000e-02	1.190600000000e-03	2.000000000000e-01	7.738900000000e-04	1.300000000000e-01	1.014021515617e-02	1.703378994822e+00	1.369190000000e-02	2.300000000000e+00	8.929500000000e-03	1.500000000000e+00	2.976500000000e-04	5.000000000000e-02	-1.607310000000e-03	-2.700000000000e-01	1.785900000000e-04	3.000000000000e-02	7.738900000000e-04	1.300000000000e-01	-5.238640000000e-03	-8.800000000000e-01	0.000000000000e+00	0.000000000000e+00	
 109	DIS_NCP	5.000000000000e-02	3.000000000000e+03	5.896168473187e-01	5.069000000000e-01	1.637287000000e-02	1.115180000000e-03	2.200000000000e-01	3.548300000000e-04	7.000000000000e-02	6.278811336734e-03	1.238668640113e+00	1.165870000000e-02	2.300000000000e+00	7.603500000000e-03	1.500000000000e+00	-3.548300000000e-04	-7.000000000000e-02	-1.672770000000e-03	-3.300000000000e-01	1.013800000000e-04	2.000000000000e-02	4.562100000000e-04	9.000000000000e-02	-3.041400000000e-04	-6.000000000000e-02	0.000000000000e+00	0.000000000000e+00	
 110	DIS_NCP	8.000000000000e-02	3.000000000000e+03	3.685105295742e-01	4.387000000000e-01	1.500354000000e-02	2.281240000000e-03	5.200000000000e-01	4.387000000000e-05	1.000000000000e-02	4.499616537884e-03	1.025670512397e+00	1.009010000000e-02	2.300000000000e+00	6.580500000000e-03	1.500000000000e+00	-1.447710000000e-03	-3.300000000000e-01	-1.974150000000e-03	-4.500000000000e-01	0.000000000000e+00	0.000000000000e+00	8.774000000000e-05	2.000000000000e-02	-4.387000000000e-05	-1.000000000000e-02	1.808806437958e-04	4.123105625618e-02	
 111	DIS_NCP	1.300000000000e-01	3.000000000000e+03	2.267757105072e-01	3.410000000000e-01	1.425380000000e-02	2.489300000000e-03	7.300000000000e-01	0.000000000000e+00	0.000000000000e+00	4.468401337167e-03	1.310381623803e+00	7.843000000000e-03	2.300000000000e+00	5.115000000000e-03	1.500000000000e+00	-1.705000000000e-03	-5.000000000000e-01	-1.432200000000e-03	-4.200000000000e-01	0.000000000000e+00	0.000000000000e+00	0.000000000000e+00	0.000000000000e+00	0.000000000000e+00	0.000000000000e+00	0.000000000000e+00	0.000000000000e+00	
 112	DIS_NCP	1.800000000000e-01	3.000000000000e+03	1.637824575885e-01	3.026000000000e-01	1.564442000000e-02	4.266660000000e-03	1.410000000000e+00	1.513000000000e-04	5.000000000000e-02	4.073202823872e-03	1.346068348933e+00	6.959800000000e-03	2.300000000000e+00	4.539000000000e-03	1.500000000000e+00	2.360280000000e-03	7.800000000000e-01	-4.539000000000e-04	-1.500000000000e-01	-1.210400000000e-04	-4.000000000000e-02	1.603780000000e-03	5.300000000000e-01	0.000000000000e+00	0.000000000000e+00	0.000000000000e+00	0.000000000000e+00	
 113	DIS_NCP	2.500000000000e-01	3.000000000000e+03	1.179233694637e-01	2.261000000000e-01	1.053626000000e-02	2.984520000000e-03	1.320000000000e+00	4.522000000000e-04	2.000000000000e-01	3.213564318961e-03	1.421302219797e+00	5.200300000000e-03	2.300000000000e+00	3.391500000000e-03	1.500000000000e+00	1.718360000000e-03	7.600000000000e-01	-2.261000000000e-04	-1.000000000000e-01	-2.261000000000e-04	-1.000000000000e-01	1.311380000000e-03	5.800000000000e-01	0.000000000000e+00	0.000000000000e+00	1.878127655406e-04	8.306623862918e-02	
 114	DIS_NCP	4.000000000000e-01	3.000000000000e+03	7.370210591484e-02	1.212000000000e-01	6.811440000000e-03	3.175440000000e-03	2.620000000000e+00	2.314920000000e-03	1.910000000000e+00	2.538583113156e-03	2.094540522406e+00	2.787600000000e-03	2.300000000000e+00	1.818000000000e-03	1.500000000000e+00	1.830120000000e-03	1.510000000000e+00	-1.212000000000e-04	-1.000000000000e-01	-6.060000000000e-04	-5.000000000000e-01	-2.399760000000e-03	-1.980000000000e+00	0.000000000000e+00	0.000000000000e+00	0.000000000000e+00	0.000000000000e+00	
 115	DIS_NCP	6.500000000000e-01	3.000000000000e+03	4.535514210144e-02	1.279000000000e-02	1.470850000000e-03	6.740330000000e-04	5.270000000000e+00	6.842650000000e-04	5.350000000000e+00	3.258188172819e-04	2.547449705097e+00	2.941700000000e-04	2.300000000000e+00	1.918500000000e-04	1.500000000000e+00	4.220700000000e-04	3.300000000000e+00	-3.325400000000e-05	-2.600000000000e-01	-1.777810000000e-04	-1.390000000000e+00	-1.059012000000e-03	-8.280000000000e+00	0.000000000000e+00	0.000000000000e+00	0.000000000000e+00	0.000000000000e+00	
 116	DIS_NCP	5.470000000000e-02	5.000000000000e+03	8.982584511254e-01	4.698000000000e-01	2.386584000000e-02	2.442960000000e-03	5.200000000000e-01	5.167800000000e-04	1.100000000000e-01	9.106852153758e-03	1.938452991434e+00	1.080540000000e-02	2.300000000000e+00	7.047000000000e-03	1.500000000000e+00	7.516800000000e-04	1.600000000000e-01	-1.550340000000e-03	-3.300000000000e-01	2.349000000000e-04	5.000000000000e-02	4.698000000000e-04	1.000000000000e-01	-5.261760000000e-03	-1.120000000000e+00	0.000000000000e+00	0.000000000000e+00	
 117	DIS_NCP	8.000000000000e-02	5.000000000000e+03	6.141842159570e-01	4.111000000000e-01	1.615623000000e-02	6.166500000000e-04	1.500000000000e-01	2.466600000000e-04	6.000000000000e-02	5.882466085538e-03	1.430908802125e+00	9.455300000000e-03	2.300000000000e+00	6.166500000000e-03	1.500000000000e+00	-4.522100000000e-04	-1.100000000000e-01	-1.356630000000e-03	-3.300000000000e-01	8.222000000000e-05	2.000000000000e-02	2.877700000000e-04	7.000000000000e-02	-6.166500000000e-04	-1.500000000000e-01	0.000000000000e+00	0.000000000000e+00	
 118	DIS_NCP	1.300000000000e-01	5.000000000000e+03	3.779595175120e-01	3.412000000000e-01	1.579756000000e-02	1.228320000000e-03	3.600000000000e-01	0.000000000000e+00	0.000000000000e+00	5.599007790957e-03	1.640975319741e+00	7.847600000000e-03	2.300000000000e+00	5.118000000000e-03	1.500000000000e+00	9.212400000000e-04	2.700000000000e-01	-1.569520000000e-03	-4.600000000000e-01	0.000000000000e+00	0.000000000000e+00	6.824000000000e-05	2.000000000000e-02	0.000000000000e+00	0.000000000000e+00	2.792842365763e-04	8.185352771872e-02	
 119	DIS_NCP	1.800000000000e-01	5.000000000000e+03	2.729707626476e-01	2.954000000000e-01	1.518356000000e-02	1.447460000000e-03	4.900000000000e-01	0.000000000000e+00	0.000000000000e+00	4.962720000000e-03	1.680000000000e+00	6.794200000000e-03	2.300000000000e+00	4.431000000000e-03	1.500000000000e+00	-9.157400000000e-04	-3.100000000000e-01	-1.152060000000e-03	-3.900000000000e-01	0.000000000000e+00	0.000000000000e+00	0.000000000000e+00	0.000000000000e+00	0.000000000000e+00	0.000000000000e+00	1.253276058975e-04	4.242640687119e-02	
 120	DIS_NCP	2.500000000000e-01	5.000000000000e+03	1.965389491062e-01	2.165000000000e-01	1.327145000000e-02	1.537150000000e-03	7.100000000000e-01	0.000000000000e+00	0.000000000000e+00	3.978419457523e-03	1.837607139734e+00	4.979500000000e-03	2.300000000000e+00	3.247500000000e-03	1.500000000000e+00	1.169100000000e-03	5.400000000000e-01	-1.732000000000e-04	-8.000000000000e-02	0.000000000000e+00	0.000000000000e+00	0.000000000000e+00	0.000000000000e+00	0.000000000000e+00	0.000000000000e+00	1.452326151386e-04	6.708203932499e-02	
 121	DIS_NCP	4.000000000000e-01	5.000000000000e+03	1.228368431914e-01	1.049000000000e-01	7.857010000000e-03	1.993100000000e-03	1.900000000000e+00	1.489580000000e-03	1.420000000000e+00	2.436752715398e-03	2.322929185318e+00	2.412700000000e-03	2.300000000000e+00	1.573500000000e-03	1.500000000000e+00	1.248310000000e-03	1.190000000000e+00	5.245000000000e-05	5.000000000000e-02	-4.510700000000e-04	-4.300000000000e-01	-7.238100000000e-04	-6.900000000000e-01	0.000000000000e+00	0.000000000000e+00	1.587425050199e-04	1.513274595042e-01	
 122	DIS_NCP	6.500000000000e-01	5.000000000000e+03	7.559190350240e-02	9.830000000000e-03	1.521684000000e-03	3.912340000000e-04	3.980000000000e+00	4.187580000000e-04	4.260000000000e+00	2.825505214647e-04	2.874369496081e+00	2.260900000000e-04	2.300000000000e+00	1.474500000000e-04	1.500000000000e+00	2.024980000000e-04	2.060000000000e+00	-6.881000000000e-06	-7.000000000000e-02	-1.169770000000e-04	-1.190000000000e+00	-5.563780000000e-04	-5.660000000000e+00	0.000000000000e+00	0.000000000000e+00	0.000000000000e+00	0.000000000000e+00	
 123	DIS_NCP	8.750000000000e-02	8.000000000000e+03	8.984637673428e-01	3.502000000000e-01	3.057246000000e-02	1.155660000000e-03	3.300000000000e-01	3.852200000000e-04	1.100000000000e-01	9.341285503634e-03	2.667414478479e+00	8.054600000000e-03	2.300000000000e+00	5.253000000000e-03	1.500000000000e+00	4.552600000000e-04	1.300000000000e-01	-8.404800000000e-04	-2.400000000000e-01	1.751000000000e-04	5.000000000000e-02	3.151800000000e-04	9.000000000000e-02	-6.968980000000e-03	-1.990000000000e+00	0.000000000000e+00	0.000000000000e+00	
 124	DIS_NCP	1.300000000000e-01	8.000000000000e+03	6.047352280192e-01	2.897000000000e-01	2.027900000000e-02	9.849800000000e-04	3.400000000000e-01	1.738200000000e-04	6.000000000000e-02	6.558298701958e-03	2.263824198121e+00	6.663100000000e-03	2.300000000000e+00	4.345500000000e-03	1.500000000000e+00	-5.794000000000e-04	-2.000000000000e-01	-9.560100000000e-04	-3.300000000000e-01	5.794000000000e-05	2.000000000000e-02	2.027900000000e-04	7.000000000000e-02	-6.663100000000e-04	-2.300000000000e-01	0.000000000000e+00	0.000000000000e+00	
 125	DIS_NCP	1.800000000000e-01	8.000000000000e+03	4.367532202361e-01	2.632000000000e-01	1.855560000000e-02	7.632800000000e-04	2.900000000000e-01	2.632000000000e-05	1.000000000000e-02	5.660146444466e-03	2.150511567046e+00	6.053600000000e-03	2.300000000000e+00	3.948000000000e-03	1.500000000000e+00	4.737600000000e-04	1.800000000000e-01	-1.158080000000e-03	-4.400000000000e-01	0.000000000000e+00	0.000000000000e+00	5.264000000000e-05	2.000000000000e-02	0.000000000000e+00	0.000000000000e+00	1.664622960313e-04	6.324555320337e-02	
 126	DIS_NCP	2.500000000000e-01	8.000000000000e+03	3.144623185700e-01	2.203000000000e-01	1.945249000000e-02	1.233680000000e-03	5.600000000000e-01	0.000000000000e+00	0.000000000000e+00	4.914418507575e-03	2.230784615332e+00	5.066900000000e-03	2.300000000000e+00	3.304500000000e-03	1.500000000000e+00	9.472900000000e-04	4.300000000000e-01	-5.507500000000e-04	-2.500000000000e-01	0.000000000000e+00	0.000000000000e+00	0.000000000000e+00	0.000000000000e+00	0.000000000000e+00	0.000000000000e+00	0.000000000000e+00	0.000000000000e+00	
 127	DIS_NCP	4.000000000000e-01	8.000000000000e+03	1.965389491062e-01	1.004000000000e-01	1.016048000000e-02	3.222840000000e-03	3.210000000000e+00	0.000000000000e+00	0.000000000000e+00	2.872545591353e-03	2.861101186606e+00	2.309200000000e-03	2.300000000000e+00	1.506000000000e-03	1.500000000000e+00	1.847360000000e-03	1.840000000000e+00	4.216800000000e-04	4.200000000000e-01	0.000000000000e+00	0.000000000000e+00	0.000000000000e+00	0.000000000000e+00	0.000000000000e+00	0.000000000000e+00	1.009007512361e-04	1.004987562112e-01	
 128	DIS_NCP	6.500000000000e-01	8.000000000000e+03	1.209470456038e-01	1.365000000000e-02	2.085720000000e-03	6.674850000000e-04	4.890000000000e+00	5.664750000000e-04	4.150000000000e+00	4.585059179007e-04	3.359017713559e+00	3.139500000000e-04	2.300000000000e+00	2.047500000000e-04	1.500000000000e+00	3.644550000000e-04	2.670000000000e+00	3.412500000000e-05	2.500000000000e-01	-1.556100000000e-04	-1.140000000000e+00	-4.531800000000e-04	-3.320000000000e+00	0.000000000000e+00	0.000000000000e+00	2.070124996226e-05	1.516575088810e-01	
 129	DIS_NCP	1.300000000000e-01	1.200000000000e+04	9.071028420288e-01	2.114000000000e-01	4.204746000000e-02	1.352960000000e-03	6.400000000000e-01	2.114000000000e-04	1.000000000000e-01	1.054487696347e-02	4.988115876761e+00	4.862200000000e-03	2.300000000000e+00	3.171000000000e-03	1.500000000000e+00	-1.606640000000e-03	-7.600000000000e-01	-9.724400000000e-04	-4.600000000000e-01	6.342000000000e-05	3.000000000000e-02	1.902600000000e-04	9.000000000000e-02	-2.959600000000e-03	-1.400000000000e+00	0.000000000000e+00	0.000000000000e+00	
 130	DIS_NCP	1.800000000000e-01	1.200000000000e+04	6.551298303541e-01	2.159000000000e-01	2.463419000000e-02	1.360170000000e-03	6.300000000000e-01	1.511300000000e-04	7.000000000000e-02	5.109445811113e-03	2.366579810613e+00	4.965700000000e-03	2.300000000000e+00	3.238500000000e-03	1.500000000000e+00	6.692900000000e-04	3.100000000000e-01	-9.931400000000e-04	-4.600000000000e-01	4.318000000000e-05	2.000000000000e-02	1.727200000000e-04	8.000000000000e-02	-1.619250000000e-03	-7.500000000000e-01	0.000000000000e+00	0.000000000000e+00	
 131	DIS_NCP	2.500000000000e-01	1.200000000000e+04	4.716934778550e-01	1.563000000000e-01	1.853718000000e-02	1.375440000000e-03	8.800000000000e-01	3.126000000000e-05	2.000000000000e-02	3.489797853573e-03	2.232756144320e+00	3.594900000000e-03	2.300000000000e+00	2.344500000000e-03	1.500000000000e+00	6.408300000000e-04	4.100000000000e-01	-5.001600000000e-04	-3.200000000000e-01	0.000000000000e+00	0.000000000000e+00	6.252000000000e-05	4.000000000000e-02	0.000000000000e+00	0.000000000000e+00	0.000000000000e+00	0.000000000000e+00	
 132	DIS_NCP	4.000000000000e-01	1.200000000000e+04	2.948084236594e-01	9.966000000000e-02	1.386270600000e-02	3.517998000000e-03	3.530000000000e+00	0.000000000000e+00	0.000000000000e+00	2.732938149904e-03	2.742261840160e+00	2.292180000000e-03	2.300000000000e+00	1.494900000000e-03	1.500000000000e+00	1.504866000000e-03	1.510000000000e+00	3.787080000000e-04	3.800000000000e-01	0.000000000000e+00	0.000000000000e+00	0.000000000000e+00	0.000000000000e+00	0.000000000000e+00	0.000000000000e+00	9.506958081321e-05	9.539392014170e-02	
 133	DIS_NCP	6.500000000000e-01	1.200000000000e+04	1.814205684058e-01	1.569000000000e-02	3.352953000000e-03	8.205870000000e-04	5.230000000000e+00	4.769760000000e-04	3.040000000000e+00	4.591543861045e-04	2.926414188047e+00	3.608700000000e-04	2.300000000000e+00	2.353500000000e-04	1.500000000000e+00	4.361820000000e-04	2.780000000000e+00	4.079400000000e-05	2.600000000000e-01	-1.176750000000e-04	-7.500000000000e-01	-2.494710000000e-04	-1.590000000000e+00	0.000000000000e+00	0.000000000000e+00	9.148763523012e-06	5.830951894845e-02	
 134	DIS_NCP	2.500000000000e-01	2.000000000000e+04	7.861557964250e-01	1.289000000000e-01	2.567688000000e-02	2.861580000000e-03	2.220000000000e+00	1.160100000000e-04	9.000000000000e-02	3.179913623654e-03	2.466961694068e+00	2.964700000000e-03	2.300000000000e+00	1.933500000000e-03	1.500000000000e+00	1.056980000000e-03	8.200000000000e-01	2.835800000000e-04	2.200000000000e-01	5.156000000000e-05	4.000000000000e-02	1.289000000000e-04	1.000000000000e-01	-3.480300000000e-04	-2.700000000000e-01	8.836938779917e-05	6.855654600401e-02	
 135	DIS_NCP	4.000000000000e-01	2.000000000000e+04	4.913473727656e-01	9.566000000000e-02	1.816583400000e-02	3.128082000000e-03	3.270000000000e+00	1.913200000000e-05	2.000000000000e-02	2.671073191107e-03	2.792257151482e+00	2.200180000000e-03	2.300000000000e+00	1.434900000000e-03	1.500000000000e+00	8.800720000000e-04	9.200000000000e-01	-6.696200000000e-05	-7.000000000000e-02	9.566000000000e-06	1.000000000000e-02	2.869800000000e-05	3.000000000000e-02	0.000000000000e+00	0.000000000000e+00	1.073780836856e-04	1.122497216032e-01	
 136	DIS_NCP	6.500000000000e-01	2.000000000000e+04	3.023676140096e-01	9.600000000000e-03	4.306560000000e-03	1.413120000000e-03	1.472000000000e+01	0.000000000000e+00	0.000000000000e+00	3.231594429999e-04	3.366244197916e+00	2.208000000000e-04	2.300000000000e+00	1.440000000000e-04	1.500000000000e+00	4.233600000000e-04	4.410000000000e+00	2.188800000000e-04	2.280000000000e+00	0.000000000000e+00	0.000000000000e+00	0.000000000000e+00	0.000000000000e+00	0.000000000000e+00	0.000000000000e+00	0.000000000000e+00	0.000000000000e+00	
 137	DIS_NCP	4.000000000000e-01	3.000000000000e+04	7.370210591484e-01	5.380000000000e-02	2.495782000000e-02	1.845340000000e-03	3.430000000000e+00	3.766000000000e-05	7.000000000000e-02	2.015641250421e-03	3.746545075133e+00	1.237400000000e-03	2.300000000000e+00	8.070000000000e-04	1.500000000000e+00	5.326200000000e-04	9.900000000000e-01	-1.129800000000e-04	-2.100000000000e-01	5.380000000000e-06	1.000000000000e-02	3.228000000000e-05	6.000000000000e-02	-1.291200000000e-04	-2.400000000000e-01	0.000000000000e+00	0.000000000000e+00	
 138	DIS_NCP	6.500000000000e-01	3.000000000000e+04	4.535514210144e-01	8.040000000000e-03	5.718852000000e-03	7.268160000000e-04	9.040000000000e+00	0.000000000000e+00	0.000000000000e+00	3.185230453955e-04	3.961729420342e+00	1.849200000000e-04	2.300000000000e+00	1.206000000000e-04	1.500000000000e+00	2.194920000000e-04	2.730000000000e+00	9.969600000000e-05	1.240000000000e+00	0.000000000000e+00	0.000000000000e+00	0.000000000000e+00	0.000000000000e+00	0.000000000000e+00	0.000000000000e+00	7.836422653226e-06	9.746794344809e-02	
