SND_SUM_DSIGMA_INCLUSIVE	1	61
   1	DIS	8.228393000000e-04	4.832469000000e+00	9.076880000000e-01	-4.449458988372e+02	3.989238442797e+02	5.823491289034e+00	-1.308808847155e+00	
   2	DIS	1.103385000000e-03	5.112780000000e+00	8.373857000000e-01	2.407133593708e+01	1.291870037752e+02	2.713775148930e+00	1.127388673410e+01	
   3	DIS	1.547351000000e-03	5.345869000000e+00	7.817724000000e-01	2.023372077177e+01	4.697649877722e+01	2.243584466339e+00	1.108834352142e+01	
   4	DIS	1.606810000000e-03	1.039231000000e+01	7.942294000000e-01	7.397378642088e+02	3.563976523811e+02	8.087681463291e+00	1.093317221492e+00	
   5	DIS	2.073466000000e-03	5.403634000000e+00	7.207906000000e-01	2.812222250014e+01	2.266791252512e+01	6.112826208999e-01	2.173663980138e+00	
   6	DIS	2.191724000000e-03	1.198652000000e+01	9.071384000000e-01	5.971831613416e+01	9.038949359096e+01	2.274449775475e+00	3.808630120054e+00	
   7	DIS	2.914019000000e-03	5.701777000000e+00	6.836388000000e-01	5.201605371261e+00	9.828072099232e+00	4.620817544024e-01	8.883445040937e+00	
   8	DIS	2.961505000000e-03	1.250478000000e+01	8.188920000000e-01	1.492625624892e+01	2.958274927447e+01	6.811418755979e-01	4.563380557313e+00	
   9	DIS	3.946973000000e-03	5.955207000000e+00	6.557581000000e-01	1.014916962484e+01	4.621504323474e+00	4.861211059962e-01	4.789762354612e+00	
  10	DIS	4.000474000000e-03	1.336111000000e+01	7.637692000000e-01	-5.953754460685e-01	1.091329029562e+01	2.844171017924e-01	-4.777104996025e+01	
  11	DIS	5.341847000000e-03	6.132393000000e+00	5.893607000000e-01	2.833097606998e+00	2.705055060431e+00	2.705312061277e-01	9.548954665714e+00	
  12	DIS	5.435963000000e-03	1.491398000000e+01	7.431569000000e-01	-2.493743317172e+00	5.028247132612e+00	1.314847812914e-01	-5.272586813004e+00	
  13	DIS	7.453259000000e-03	6.245259000000e+00	5.219310000000e-01	1.172461919354e+00	1.506668596136e+00	1.286961764054e-01	1.097657623510e+01	
  14	DIS	7.535110000000e-03	1.586425000000e+01	7.007185000000e-01	-1.025689175122e+00	2.186919721815e+00	8.041859227226e-02	-7.840444671041e+00	
  15	DIS	1.017312000000e-02	6.403254000000e+00	4.596814000000e-01	1.112832803600e+00	8.268312060198e-01	1.690231781622e-01	1.518855102180e+01	
  16	DIS	1.027343000000e-02	1.771545000000e+01	6.610459000000e-01	8.025493319174e-01	9.965566635147e-01	5.568146002284e-02	6.938073188574e+00	
  17	DIS	1.383414000000e-02	6.466583000000e+00	4.071107000000e-01	5.689699008554e-01	5.117220876853e-01	9.795437989434e-02	1.721609170311e+01	
  18	DIS	1.394597000000e-02	1.964489000000e+01	6.271948000000e-01	1.342907509516e+00	5.256842290257e-01	3.228094732444e-02	2.403810172754e+00	
  19	DIS	1.507257000000e-02	1.062585000000e+02	9.373892000000e-01	1.741398364171e+01	1.338995565920e+01	3.733150014123e-01	2.143765660364e+00	
  20	DIS	1.920211000000e-02	6.544541000000e+00	3.508187000000e-01	1.677160737709e-01	3.391153415865e-01	2.952582620528e-02	1.760464906042e+01	
  21	DIS	1.935373000000e-02	2.248636000000e+01	5.872909000000e-01	6.541676705825e-01	2.939628986531e-01	6.163198642411e-02	9.421435695413e+00	
  22	DIS	2.001787000000e-02	1.170955000000e+02	8.558080000000e-01	3.685764340895e+00	3.359425355092e+00	3.509223417528e-01	9.521019503583e+00	
  23	DIS	2.625493000000e-02	6.610383000000e+00	3.007385000000e-01	7.322644350080e-01	1.987144107687e-01	4.182183824408e-02	5.711302672186e+00	
  24	DIS	2.646697000000e-02	2.522206000000e+01	5.523841000000e-01	6.344792399389e-02	1.456203822548e-01	1.346778337134e-02	2.122651542175e+01	
  25	DIS	2.716661000000e-02	1.213499000000e+02	8.291503000000e-01	-1.571947333010e-01	9.298822904782e-01	6.978678280651e-02	-4.439511511680e+01	
  26	DIS	3.584376000000e-02	6.676607000000e+00	2.572804000000e-01	6.340696142272e-03	1.257833342006e-01	3.535581237237e-02	5.576014301751e+02	
  27	DIS	3.603216000000e-02	2.807666000000e+01	5.122144000000e-01	2.467189426243e-01	8.171630550539e-02	1.748262371283e-02	7.086048410743e+00	
  28	DIS	3.681177000000e-02	1.290755000000e+02	7.857474000000e-01	3.383514396158e-01	3.349322095240e-01	2.703629120171e-02	7.990594404568e+00	
  29	DIS	4.939129000000e-02	6.695579000000e+00	2.109139000000e-01	4.191241833308e-01	9.063059827190e-02	1.011424876739e-02	2.413186632900e+00	
  30	DIS	4.961198000000e-02	3.063049000000e+01	4.605065000000e-01	2.243133199185e-01	5.095575501152e-02	2.017193675512e-02	8.992750302322e+00	
  31	DIS	5.048961000000e-02	1.383584000000e+02	7.357390000000e-01	2.523860929231e-02	1.506469540194e-01	1.544559848096e-02	6.119829465271e+01	
  32	DIS	6.807073000000e-02	6.716170000000e+00	1.737667000000e-01	1.008674048952e-01	5.513656743006e-02	1.018451013767e-02	1.009692888228e+01	
  33	DIS	6.840419000000e-02	3.332160000000e+01	4.155881000000e-01	1.335486957481e-01	2.736298977462e-02	3.199286722284e-03	2.395595632262e+00	
  34	DIS	6.947858000000e-02	1.506083000000e+02	6.965663000000e-01	1.410904470366e-01	5.785372442005e-02	4.182677866382e-03	2.964536546756e+00	
  35	DIS	9.288212000000e-02	6.764471000000e+00	1.411738000000e-01	7.746427034799e-02	3.571985686042e-02	1.292903103972e-02	1.669031539526e+01	
  36	DIS	9.324014000000e-02	3.549959000000e+01	3.674626000000e-01	9.041389854393e-02	1.561671917653e-02	6.117657453165e-03	6.766279910154e+00	
  37	DIS	9.426514000000e-02	1.628890000000e+02	6.521304000000e-01	2.356667180051e-02	2.615946861843e-02	3.685438459713e-03	1.563834932192e+01	
  38	DIS	1.257125000000e-01	7.187220000000e+00	1.185084000000e-01	2.415633117115e-02	2.879351916108e-02	4.926234848349e-03	2.039314171282e+01	
  39	DIS	1.270234000000e-01	3.669429000000e+01	3.108812000000e-01	5.078630673603e-02	1.081189936810e-02	4.504690472001e-03	8.869891830125e+00	
  40	DIS	1.278776000000e-01	1.768201000000e+02	5.912141000000e-01	5.229537292518e-02	1.457932598673e-02	3.292473927478e-03	6.295918249188e+00	
  41	DIS	1.408230000000e-01	1.116794000000e+03	8.605803000000e-01	3.314480685720e-01	3.542795667877e-01	3.448725786546e-02	1.040502604648e+01	
  42	DIS	1.731579000000e-01	8.185410000000e+00	1.022030000000e-01	1.180571050250e-02	2.326409829322e-02	7.657776885541e-03	6.486502344706e+01	
  43	DIS	1.768651000000e-01	3.816077000000e+01	2.622581000000e-01	5.611282688016e-02	6.134231301163e-03	8.350293294850e-04	1.488125578254e+00	
  44	DIS	1.786237000000e-01	1.957758000000e+02	5.405423000000e-01	3.057783842181e-02	6.457241684690e-03	2.618261011299e-04	8.562609871832e-01	
  45	DIS	1.876186000000e-01	1.123707000000e+03	8.516640000000e-01	1.220148075037e-02	5.872916005307e-02	9.588793996892e-03	7.858713375097e+01	
  46	DIS	2.240888000000e-01	9.187125000000e+00	9.281169000000e-02	1.010028372544e-02	2.837568263251e-02	9.024990042846e-03	8.935382696345e+01	
  47	DIS	2.413090000000e-01	3.996185000000e+01	2.263060000000e-01	3.291921953429e-02	3.391291362329e-03	2.651090363252e-03	8.053320828252e+00	
  48	DIS	2.429870000000e-01	2.174877000000e+02	4.985762000000e-01	1.789254634049e-02	2.951312050205e-03	1.528011021571e-03	8.539930496720e+00	
  49	DIS	2.506769000000e-01	1.182420000000e+03	8.190244000000e-01	2.341897226002e-02	1.520831986638e-02	2.688655769448e-03	1.148067361623e+01	
  50	DIS	3.231507000000e-01	4.242132000000e+01	1.907764000000e-01	1.468993910632e-02	2.245209062184e-03	3.269091302593e-04	2.225394726917e+00	
  51	DIS	3.233805000000e-01	2.301016000000e+02	4.339875000000e-01	6.630342421371e-03	1.675078319068e-03	4.936614989235e-04	7.445490256014e+00	
  52	DIS	3.253118000000e-01	1.227315000000e+03	7.596057000000e-01	5.150547601269e-03	5.908355480046e-03	7.761757348155e-04	1.506977111762e+01	
  53	DIS	4.555934000000e-01	4.727873000000e+01	1.582396000000e-01	7.318483423720e-03	1.006417070083e-03	1.361013547431e-04	1.859693420935e+00	
  54	DIS	4.609745000000e-01	2.446337000000e+02	3.558092000000e-01	4.160451735583e-03	5.932849782173e-04	1.060198420178e-04	2.548277176516e+00	
  55	DIS	4.728631000000e-01	1.295020000000e+03	6.445214000000e-01	-3.745287162595e-04	1.191397478348e-03	1.946114503298e-04	-5.196168995355e+01	
  56	DIS	6.209527000000e-01	5.337974000000e+01	1.393310000000e-01	1.360535247467e-03	2.359805780680e-04	2.073358299375e-04	1.523928397470e+01	
  57	DIS	6.276349000000e-01	2.670057000000e+02	3.216037000000e-01	9.043603853577e-04	1.027776488613e-04	9.945216526895e-05	1.099696170677e+01	
  58	DIS	6.390094000000e-01	1.360278000000e+03	5.975781000000e-01	9.383380579661e-05	1.388575302669e-04	2.879009623544e-05	3.068200846275e+01	
  59	DIS	8.177485000000e-01	5.954731000000e+01	1.239251000000e-01	9.331016717876e-05	2.104252008702e-05	9.758948247540e-06	1.045861189901e+01	
  60	DIS	8.252698000000e-01	2.887386000000e+02	2.912018000000e-01	2.239925380248e-05	5.736683819243e-06	3.692832345892e-06	1.648640788865e+01	
  61	DIS	8.349975000000e-01	1.431112000000e+03	5.520626000000e-01	2.091052778279e-05	5.057461018830e-06	1.517786263752e-06	7.258478980150e+00	
