LHCBZ940PB	11	9
   1	EWK_RAP	2.125000000000e+00	8.315178393760e+03	7.000000000000e+03	1.360000000000e+04	7.000000000000e+02	4.760000000000e+02	3.500000000000e+00	4.000000000000e+02	2.941176470588e+00	1.786795831191e+02	1.313820464111e+00	9.209349869353e+00	6.771580786289e-02	4.255057663870e+00	3.128718870493e-02	3.156507170076e+00	2.320961154468e-02	2.592803575749e+02	1.906473217463e+00	-2.178397184507e+01	-1.601762635667e-01	1.611298970767e+01	1.184778654976e-01	-5.016969376576e-01	-3.688948071012e-03	-2.734361356039e-03	-2.010559820617e-05	
   2	EWK_RAP	2.375000000000e+00	8.315178393760e+03	7.000000000000e+03	3.940000000000e+04	1.000000000000e+03	1.379000000000e+03	3.500000000000e+00	6.000000000000e+02	1.522842639594e+00	6.605375150552e+02	1.676491154963e+00	4.675253305261e+01	1.186612514026e-01	3.696619309695e+01	9.382282511917e-02	4.953925460733e+01	1.257341487496e-01	-1.094067146481e+01	-2.776820168733e-02	8.840713545084e+00	2.243835925148e-02	4.154213005333e+02	1.054368783079e+00	-2.547764533295e+02	-6.466407444912e-01	-7.916242946677e-03	-2.009198717431e-05	
   3	EWK_RAP	2.625000000000e+00	8.315178393760e+03	7.000000000000e+03	5.670000000000e+04	1.200000000000e+03	1.984500000000e+03	3.500000000000e+00	7.000000000000e+02	1.234567901235e+00	1.181041579374e+03	2.082965748456e+00	1.574451668601e+02	2.776810703000e-01	1.800919531909e+02	3.176224924002e-01	5.594321728974e+02	9.866528622529e-01	-7.528050808461e+00	-1.327698555284e-02	6.580677086311e+00	1.160613242736e-02	-1.217749116920e+02	-2.147705673580e-01	5.023159897744e+00	8.859188532176e-03	-3.783541348875e-02	-6.672912431879e-05	
   4	EWK_RAP	2.875000000000e+00	8.315178393760e+03	7.000000000000e+03	6.320000000000e+04	1.300000000000e+03	2.212000000000e+03	3.500000000000e+00	8.000000000000e+02	1.265822784810e+00	1.392237751749e+03	2.202907835046e+00	4.124230536550e+02	6.525681228719e-01	-4.339520896037e+02	-6.866330531705e-01	-1.951823519102e+02	-3.088328353010e-01	-8.227775516204e+00	-1.301863214589e-02	5.194558891602e+00	8.219238752535e-03	-7.118343302601e+01	-1.126320142817e-01	2.989819301246e+00	4.730726742478e-03	-3.100455869546e-02	-4.905784603712e-05	
   5	EWK_RAP	3.125000000000e+00	8.315178393760e+03	7.000000000000e+03	5.990000000000e+04	1.400000000000e+03	2.096500000000e+03	3.500000000000e+00	8.000000000000e+02	1.335559265442e+00	1.491061240103e+03	2.489250818202e+00	-6.409019460527e+02	-1.069953165363e+00	-8.572201865490e+01	-1.431085453337e-01	-7.798809103485e+01	-1.301971469697e-01	-6.175566772579e+00	-1.030979427809e-02	5.274082262932e+00	8.804811791206e-03	-4.964155020734e+01	-8.287404041292e-02	4.519833649213e+00	7.545632135580e-03	-3.178552835194e-02	-5.306432112177e-05	
   6	EWK_RAP	3.375000000000e+00	8.315178393760e+03	7.000000000000e+03	4.380000000000e+04	1.300000000000e+03	1.533000000000e+03	3.500000000000e+00	8.000000000000e+02	1.826484018265e+00	8.896527722127e+02	2.031170712814e+00	1.706976277141e+02	3.897206112195e-01	5.464828273508e+02	1.247677688016e+00	-3.560764499366e+02	-8.129599313621e-01	-5.889699681176e+00	-1.344680292506e-02	4.820436257057e+00	1.100556223072e-02	-6.227485349486e+01	-1.421800308102e-01	3.203601578537e+00	7.314158855108e-03	-1.973018810882e-02	-4.504609157265e-05	
   7	EWK_RAP	3.625000000000e+00	8.315178393760e+03	7.000000000000e+03	2.050000000000e+04	1.000000000000e+03	7.175000000000e+02	3.500000000000e+00	7.000000000000e+02	3.414634146341e+00	3.615448784824e+02	1.763633553573e+00	2.975551804294e+01	1.451488685021e-01	2.054338583222e+01	1.002116382059e-01	2.889966376865e+01	1.409739696032e-01	-6.233002103389e+00	-3.040488830922e-02	4.621214622244e+00	2.254251035241e-02	2.602688734352e+02	1.269604260660e+00	4.115125686646e+02	2.007378383730e+00	-4.619268918345e-02	-2.253301911388e-04	
   8	EWK_RAP	3.875000000000e+00	8.315178393760e+03	7.000000000000e+03	5.900000000000e+03	8.000000000000e+02	2.065000000000e+02	3.500000000000e+00	5.000000000000e+02	8.474576271186e+00	1.032693861729e+02	1.750328579201e+00	3.259481103738e+00	5.524544243623e-02	4.839452265632e+00	8.202461467173e-02	3.498440070811e+00	5.929559442053e-02	-1.988887726106e+01	-3.370996145942e-01	-2.980019071881e+02	-5.050879782849e+00	9.366499108977e+00	1.587542221861e-01	-8.454294608277e-01	-1.432931289539e-02	-9.913554676056e-03	-1.680263504416e-04	
   9	EWK_RAP	4.125000000000e+00	8.315178393760e+03	7.000000000000e+03	6.600000000000e+02	4.400000000000e+02	2.310000000000e+01	3.500000000000e+00	3.000000000000e+02	4.545454545455e+01	3.956573818978e+00	5.994808816634e-01	7.953042695971e-02	1.205006469087e-02	6.101991834801e-02	9.245442173942e-03	1.657002006444e-01	2.510609100673e-02	-1.605516838173e-02	-2.432601269960e-03	-4.619261601611e-02	-6.998881214562e-03	1.308159454608e-01	1.982059779709e-02	3.922417761202e-01	5.943057213943e-02	4.454362648674e+01	6.749034316173e+00	
