SLACD	3	211
   1	DIS_F2D	7.000000000000e-02	5.900000000000e-01	0.000000000000e+00	2.567000000000e-01	6.160000000000e-03	3.850000000000e-03	1.499805220101e+00	4.363900000000e-03	1.700000000000e+00	-1.411850000000e-03	-5.500000000000e-01	
   2	DIS_F2D	7.000000000000e-02	8.100000000000e-01	0.000000000000e+00	2.921800000000e-01	5.550000000000e-03	3.510000000000e-03	1.201314258334e+00	4.967060000000e-03	1.700000000000e+00	-1.606990000000e-03	-5.500000000000e-01	
   3	DIS_F2D	7.000000000000e-02	9.000000000000e-01	0.000000000000e+00	2.981100000000e-01	3.580000000000e-03	3.880000000000e-03	1.301532991178e+00	5.067870000000e-03	1.700000000000e+00	-1.639605000000e-03	-5.500000000000e-01	
   4	DIS_F2D	7.000000000000e-02	1.120000000000e+00	0.000000000000e+00	3.085900000000e-01	4.010000000000e-03	4.010000000000e-03	1.299458828867e+00	5.246030000000e-03	1.700000000000e+00	-1.697245000000e-03	-5.500000000000e-01	
   5	DIS_F2D	7.000000000000e-02	1.270000000000e+00	0.000000000000e+00	3.200100000000e-01	5.120000000000e-03	4.800000000000e-03	1.499953126465e+00	5.440170000000e-03	1.700000000000e+00	-1.760055000000e-03	-5.500000000000e-01	
   6	DIS_F2D	7.000000000000e-02	1.520000000000e+00	0.000000000000e+00	3.288200000000e-01	7.890000000000e-03	9.210000000000e-03	2.800924517973e+00	5.589940000000e-03	1.700000000000e+00	-1.808510000000e-03	-5.500000000000e-01	
   7	DIS_F2D	7.000000000000e-02	1.660000000000e+00	0.000000000000e+00	3.333100000000e-01	8.330000000000e-03	4.330000000000e-03	1.299090936366e+00	5.666270000000e-03	1.700000000000e+00	-1.833205000000e-03	-5.500000000000e-01	
   8	DIS_F2D	7.000000000000e-02	2.010000000000e+00	0.000000000000e+00	3.403200000000e-01	1.123000000000e-02	8.170000000000e-03	2.400681711331e+00	5.785440000000e-03	1.700000000000e+00	-1.871760000000e-03	-5.500000000000e-01	
   9	DIS_F2D	1.000000000000e-01	5.800000000000e-01	0.000000000000e+00	2.678100000000e-01	4.820000000000e-03	3.750000000000e-03	1.400246443374e+00	4.552770000000e-03	1.700000000000e+00	-1.472955000000e-03	-5.500000000000e-01	
  10	DIS_F2D	1.000000000000e-01	6.200000000000e-01	0.000000000000e+00	2.734400000000e-01	5.200000000000e-03	3.830000000000e-03	1.400672908133e+00	4.648480000000e-03	1.700000000000e+00	-1.503920000000e-03	-5.500000000000e-01	
  11	DIS_F2D	1.000000000000e-01	6.600000000000e-01	0.000000000000e+00	2.759900000000e-01	3.040000000000e-03	3.310000000000e-03	1.199318815899e+00	4.691830000000e-03	1.700000000000e+00	-1.517945000000e-03	-5.500000000000e-01	
  12	DIS_F2D	1.000000000000e-01	7.400000000000e-01	0.000000000000e+00	2.838700000000e-01	7.100000000000e-03	3.690000000000e-03	1.299890795082e+00	4.825790000000e-03	1.700000000000e+00	-1.561285000000e-03	-5.500000000000e-01	
  13	DIS_F2D	1.000000000000e-01	8.700000000000e-01	0.000000000000e+00	2.917300000000e-01	5.540000000000e-03	3.500000000000e-03	1.199739485140e+00	4.959410000000e-03	1.700000000000e+00	-1.604515000000e-03	-5.500000000000e-01	
  14	DIS_F2D	1.000000000000e-01	1.000000000000e+00	0.000000000000e+00	3.058100000000e-01	3.060000000000e-03	3.980000000000e-03	1.301461691900e+00	5.198770000000e-03	1.700000000000e+00	-1.681955000000e-03	-5.500000000000e-01	
  15	DIS_F2D	1.000000000000e-01	1.080000000000e+00	0.000000000000e+00	3.045800000000e-01	5.480000000000e-03	3.050000000000e-03	1.001378948060e+00	5.177860000000e-03	1.700000000000e+00	-1.675190000000e-03	-5.500000000000e-01	
  16	DIS_F2D	1.000000000000e-01	1.180000000000e+00	0.000000000000e+00	3.098100000000e-01	4.650000000000e-03	2.790000000000e-03	9.005519511959e-01	5.266770000000e-03	1.700000000000e+00	-1.703955000000e-03	-5.500000000000e-01	
  17	DIS_F2D	1.000000000000e-01	1.290000000000e+00	0.000000000000e+00	3.149100000000e-01	5.670000000000e-03	3.150000000000e-03	1.000285795942e+00	5.353470000000e-03	1.700000000000e+00	-1.732005000000e-03	-5.500000000000e-01	
  18	DIS_F2D	1.000000000000e-01	1.420000000000e+00	0.000000000000e+00	3.196300000000e-01	5.750000000000e-03	3.200000000000e-03	1.001157588462e+00	5.433710000000e-03	1.700000000000e+00	-1.757965000000e-03	-5.500000000000e-01	
  19	DIS_F2D	1.000000000000e-01	1.540000000000e+00	0.000000000000e+00	3.138200000000e-01	6.590000000000e-03	6.590000000000e-03	2.099929896119e+00	5.334940000000e-03	1.700000000000e+00	-1.726010000000e-03	-5.500000000000e-01	
  20	DIS_F2D	1.000000000000e-01	1.660000000000e+00	0.000000000000e+00	3.094400000000e-01	9.590000000000e-03	8.970000000000e-03	2.898784901758e+00	5.260480000000e-03	1.700000000000e+00	-1.701920000000e-03	-5.500000000000e-01	
  21	DIS_F2D	1.000000000000e-01	1.820000000000e+00	0.000000000000e+00	3.242700000000e-01	3.890000000000e-03	3.890000000000e-03	1.199617602615e+00	5.512590000000e-03	1.700000000000e+00	-1.783485000000e-03	-5.500000000000e-01	
  22	DIS_F2D	1.000000000000e-01	1.990000000000e+00	0.000000000000e+00	3.265800000000e-01	2.610000000000e-03	4.250000000000e-03	1.301365668443e+00	5.551860000000e-03	1.700000000000e+00	-1.796190000000e-03	-5.500000000000e-01	
  23	DIS_F2D	1.000000000000e-01	2.140000000000e+00	0.000000000000e+00	3.329300000000e-01	7.660000000000e-03	7.320000000000e-03	2.198660379059e+00	5.659810000000e-03	1.700000000000e+00	-1.831115000000e-03	-5.500000000000e-01	
  24	DIS_F2D	1.000000000000e-01	2.370000000000e+00	0.000000000000e+00	3.248800000000e-01	4.550000000000e-03	7.150000000000e-03	2.200812607732e+00	5.522960000000e-03	1.700000000000e+00	-1.786840000000e-03	-5.500000000000e-01	
  25	DIS_F2D	1.000000000000e-01	2.940000000000e+00	0.000000000000e+00	3.345800000000e-01	6.690000000000e-03	9.700000000000e-03	2.899157152251e+00	5.687860000000e-03	1.700000000000e+00	-1.840190000000e-03	-5.500000000000e-01	
  26	DIS_F2D	1.000000000000e-01	3.340000000000e+00	0.000000000000e+00	3.451900000000e-01	1.243000000000e-02	1.243000000000e-02	3.600915437875e+00	5.868230000000e-03	1.700000000000e+00	-1.898545000000e-03	-5.500000000000e-01	
  27	DIS_F2D	1.400000000000e-01	6.600000000000e-01	0.000000000000e+00	2.797200000000e-01	5.310000000000e-03	3.640000000000e-03	1.301301301301e+00	4.755240000000e-03	1.700000000000e+00	-1.538460000000e-03	-5.500000000000e-01	
  28	DIS_F2D	1.400000000000e-01	7.800000000000e-01	0.000000000000e+00	2.897700000000e-01	3.190000000000e-03	2.610000000000e-03	9.007143596646e-01	4.926090000000e-03	1.700000000000e+00	-1.593735000000e-03	-5.500000000000e-01	
  29	DIS_F2D	1.400000000000e-01	9.300000000000e-01	0.000000000000e+00	3.011800000000e-01	4.220000000000e-03	3.310000000000e-03	1.099010558470e+00	5.120060000000e-03	1.700000000000e+00	-1.656490000000e-03	-5.500000000000e-01	
  30	DIS_F2D	1.400000000000e-01	1.140000000000e+00	0.000000000000e+00	3.028700000000e-01	4.850000000000e-03	3.030000000000e-03	1.000429227061e+00	5.148790000000e-03	1.700000000000e+00	-1.665785000000e-03	-5.500000000000e-01	
  31	DIS_F2D	1.400000000000e-01	1.290000000000e+00	0.000000000000e+00	3.056300000000e-01	3.060000000000e-03	2.450000000000e-03	8.016228773353e-01	5.195710000000e-03	1.700000000000e+00	-1.680965000000e-03	-5.500000000000e-01	
  32	DIS_F2D	1.400000000000e-01	1.370000000000e+00	0.000000000000e+00	3.162200000000e-01	5.380000000000e-03	3.160000000000e-03	9.993042818291e-01	5.375740000000e-03	1.700000000000e+00	-1.739210000000e-03	-5.500000000000e-01	
  33	DIS_F2D	1.400000000000e-01	1.600000000000e+00	0.000000000000e+00	3.141300000000e-01	3.460000000000e-03	2.200000000000e-03	7.003469900996e-01	5.340210000000e-03	1.700000000000e+00	-1.727715000000e-03	-5.500000000000e-01	
  34	DIS_F2D	1.400000000000e-01	1.740000000000e+00	0.000000000000e+00	3.161300000000e-01	4.430000000000e-03	2.210000000000e-03	6.990794926138e-01	5.374210000000e-03	1.700000000000e+00	-1.738715000000e-03	-5.500000000000e-01	
  35	DIS_F2D	1.400000000000e-01	2.010000000000e+00	0.000000000000e+00	3.196400000000e-01	3.520000000000e-03	3.840000000000e-03	1.201351520461e+00	5.433880000000e-03	1.700000000000e+00	-1.758020000000e-03	-5.500000000000e-01	
  36	DIS_F2D	1.400000000000e-01	2.190000000000e+00	0.000000000000e+00	3.134100000000e-01	3.760000000000e-03	2.820000000000e-03	8.997798411027e-01	5.327970000000e-03	1.700000000000e+00	-1.723755000000e-03	-5.500000000000e-01	
  37	DIS_F2D	1.400000000000e-01	2.370000000000e+00	0.000000000000e+00	3.201900000000e-01	3.200000000000e-03	3.200000000000e-03	9.994066023299e-01	5.443230000000e-03	1.700000000000e+00	-1.761045000000e-03	-5.500000000000e-01	
  38	DIS_F2D	1.400000000000e-01	2.580000000000e+00	0.000000000000e+00	3.164900000000e-01	4.430000000000e-03	6.960000000000e-03	2.199121615217e+00	5.380330000000e-03	1.700000000000e+00	-1.740695000000e-03	-5.500000000000e-01	
  39	DIS_F2D	1.400000000000e-01	2.800000000000e+00	0.000000000000e+00	3.282800000000e-01	5.580000000000e-03	7.220000000000e-03	2.199342025101e+00	5.580760000000e-03	1.700000000000e+00	-1.805540000000e-03	-5.500000000000e-01	
  40	DIS_F2D	1.400000000000e-01	3.000000000000e+00	0.000000000000e+00	3.222000000000e-01	5.480000000000e-03	8.050000000000e-03	2.498448168839e+00	5.477400000000e-03	1.700000000000e+00	-1.772100000000e-03	-5.500000000000e-01	
  41	DIS_F2D	1.400000000000e-01	3.310000000000e+00	0.000000000000e+00	3.332300000000e-01	6.000000000000e-03	6.330000000000e-03	1.899588872550e+00	5.664910000000e-03	1.700000000000e+00	-1.832765000000e-03	-5.500000000000e-01	
  42	DIS_F2D	1.400000000000e-01	3.770000000000e+00	0.000000000000e+00	3.200600000000e-01	6.400000000000e-03	7.040000000000e-03	2.199587577329e+00	5.441020000000e-03	1.700000000000e+00	-1.760330000000e-03	-5.500000000000e-01	
  43	DIS_F2D	1.400000000000e-01	4.180000000000e+00	0.000000000000e+00	3.113200000000e-01	8.720000000000e-03	8.410000000000e-03	2.701400488244e+00	5.292440000000e-03	1.700000000000e+00	-1.712260000000e-03	-5.500000000000e-01	
  44	DIS_F2D	1.400000000000e-01	5.000000000000e+00	0.000000000000e+00	3.271600000000e-01	2.290000000000e-03	6.870000000000e-03	2.099889962098e+00	5.561720000000e-03	1.700000000000e+00	-1.799380000000e-03	-5.500000000000e-01	
  45	DIS_F2D	2.000000000000e-01	6.900000000000e-01	0.000000000000e+00	2.841300000000e-01	5.400000000000e-03	3.980000000000e-03	1.400767254426e+00	4.830210000000e-03	1.700000000000e+00	-1.562715000000e-03	-5.500000000000e-01	
  46	DIS_F2D	2.000000000000e-01	8.200000000000e-01	0.000000000000e+00	2.841900000000e-01	6.250000000000e-03	3.130000000000e-03	1.101375840107e+00	4.831230000000e-03	1.700000000000e+00	-1.563045000000e-03	-5.500000000000e-01	
  47	DIS_F2D	2.000000000000e-01	8.900000000000e-01	0.000000000000e+00	2.908300000000e-01	3.490000000000e-03	2.620000000000e-03	9.008699240106e-01	4.944110000000e-03	1.700000000000e+00	-1.599565000000e-03	-5.500000000000e-01	
  48	DIS_F2D	2.000000000000e-01	1.000000000000e+00	0.000000000000e+00	2.938100000000e-01	5.290000000000e-03	3.530000000000e-03	1.201456723733e+00	4.994770000000e-03	1.700000000000e+00	-1.615955000000e-03	-5.500000000000e-01	
  49	DIS_F2D	2.000000000000e-01	1.100000000000e+00	0.000000000000e+00	2.980000000000e-01	5.070000000000e-03	4.470000000000e-03	1.500000000000e+00	5.066000000000e-03	1.700000000000e+00	-1.639000000000e-03	-5.500000000000e-01	
  50	DIS_F2D	2.000000000000e-01	1.240000000000e+00	0.000000000000e+00	3.019600000000e-01	5.440000000000e-03	3.320000000000e-03	1.099483375281e+00	5.133320000000e-03	1.700000000000e+00	-1.660780000000e-03	-5.500000000000e-01	
  51	DIS_F2D	2.000000000000e-01	1.410000000000e+00	0.000000000000e+00	2.958200000000e-01	2.960000000000e-03	2.370000000000e-03	8.011628693124e-01	5.028940000000e-03	1.700000000000e+00	-1.627010000000e-03	-5.500000000000e-01	
  52	DIS_F2D	2.000000000000e-01	1.500000000000e+00	0.000000000000e+00	3.043800000000e-01	5.480000000000e-03	3.040000000000e-03	9.987515605493e-01	5.174460000000e-03	1.700000000000e+00	-1.674090000000e-03	-5.500000000000e-01	
  53	DIS_F2D	2.000000000000e-01	1.870000000000e+00	0.000000000000e+00	3.069700000000e-01	3.380000000000e-03	2.150000000000e-03	7.003941753266e-01	5.218490000000e-03	1.700000000000e+00	-1.688335000000e-03	-5.500000000000e-01	
  54	DIS_F2D	2.000000000000e-01	2.570000000000e+00	0.000000000000e+00	3.066500000000e-01	2.760000000000e-03	3.370000000000e-03	1.098972770259e+00	5.213050000000e-03	1.700000000000e+00	-1.686575000000e-03	-5.500000000000e-01	
  55	DIS_F2D	2.000000000000e-01	2.740000000000e+00	0.000000000000e+00	3.066000000000e-01	4.910000000000e-03	5.210000000000e-03	1.699282452707e+00	5.212200000000e-03	1.700000000000e+00	-1.686300000000e-03	-5.500000000000e-01	
  56	DIS_F2D	2.000000000000e-01	3.010000000000e+00	0.000000000000e+00	3.127100000000e-01	8.440000000000e-03	4.380000000000e-03	1.400658757315e+00	5.316070000000e-03	1.700000000000e+00	-1.719905000000e-03	-5.500000000000e-01	
  57	DIS_F2D	2.000000000000e-01	3.250000000000e+00	0.000000000000e+00	3.125000000000e-01	3.750000000000e-03	6.250000000000e-03	2.000000000000e+00	5.312500000000e-03	1.700000000000e+00	-1.718750000000e-03	-5.500000000000e-01	
  58	DIS_F2D	2.000000000000e-01	3.540000000000e+00	0.000000000000e+00	3.073900000000e-01	3.690000000000e-03	6.150000000000e-03	2.000715703178e+00	5.225630000000e-03	1.700000000000e+00	-1.690645000000e-03	-5.500000000000e-01	
  59	DIS_F2D	2.000000000000e-01	4.170000000000e+00	0.000000000000e+00	3.132800000000e-01	3.760000000000e-03	5.950000000000e-03	1.899259448417e+00	5.325760000000e-03	1.700000000000e+00	-1.723040000000e-03	-5.500000000000e-01	
  60	DIS_F2D	2.000000000000e-01	4.590000000000e+00	0.000000000000e+00	3.016100000000e-01	6.940000000000e-03	6.940000000000e-03	2.300984715361e+00	5.127370000000e-03	1.700000000000e+00	-1.658855000000e-03	-5.500000000000e-01	
  61	DIS_F2D	2.000000000000e-01	5.200000000000e+00	0.000000000000e+00	3.041100000000e-01	4.260000000000e-03	6.390000000000e-03	2.101213376739e+00	5.169870000000e-03	1.700000000000e+00	-1.672605000000e-03	-5.500000000000e-01	
  62	DIS_F2D	2.250000000000e-01	7.200000000000e-01	0.000000000000e+00	2.761100000000e-01	5.250000000000e-03	4.140000000000e-03	1.499402412082e+00	4.693870000000e-03	1.700000000000e+00	-1.518605000000e-03	-5.500000000000e-01	
  63	DIS_F2D	2.250000000000e-01	8.700000000000e-01	0.000000000000e+00	2.760000000000e-01	6.070000000000e-03	3.040000000000e-03	1.101449275362e+00	4.692000000000e-03	1.700000000000e+00	-1.518000000000e-03	-5.500000000000e-01	
  64	DIS_F2D	2.250000000000e-01	1.000000000000e+00	0.000000000000e+00	2.839800000000e-01	1.140000000000e-03	1.700000000000e-03	5.986337065991e-01	4.827660000000e-03	1.700000000000e+00	-1.561890000000e-03	-5.500000000000e-01	
  65	DIS_F2D	2.250000000000e-01	1.290000000000e+00	0.000000000000e+00	2.873900000000e-01	3.450000000000e-03	2.590000000000e-03	9.012143776749e-01	4.885630000000e-03	1.700000000000e+00	-1.580645000000e-03	-5.500000000000e-01	
  66	DIS_F2D	2.250000000000e-01	1.500000000000e+00	0.000000000000e+00	2.898800000000e-01	8.700000000000e-04	1.450000000000e-03	5.002069821995e-01	4.927960000000e-03	1.700000000000e+00	-1.594340000000e-03	-5.500000000000e-01	
  67	DIS_F2D	2.250000000000e-01	1.730000000000e+00	0.000000000000e+00	2.897700000000e-01	2.900000000000e-03	2.030000000000e-03	7.005556130724e-01	4.926090000000e-03	1.700000000000e+00	-1.593735000000e-03	-5.500000000000e-01	
  68	DIS_F2D	2.250000000000e-01	2.010000000000e+00	0.000000000000e+00	2.913100000000e-01	2.330000000000e-03	1.750000000000e-03	6.007346126120e-01	4.952270000000e-03	1.700000000000e+00	-1.602205000000e-03	-5.500000000000e-01	
  69	DIS_F2D	2.250000000000e-01	2.220000000000e+00	0.000000000000e+00	2.863300000000e-01	6.300000000000e-03	4.290000000000e-03	1.498271225509e+00	4.867610000000e-03	1.700000000000e+00	-1.574815000000e-03	-5.500000000000e-01	
  70	DIS_F2D	2.250000000000e-01	2.500000000000e+00	0.000000000000e+00	2.918400000000e-01	1.460000000000e-03	2.920000000000e-03	1.000548245614e+00	4.961280000000e-03	1.700000000000e+00	-1.605120000000e-03	-5.500000000000e-01	
  71	DIS_F2D	2.250000000000e-01	2.820000000000e+00	0.000000000000e+00	2.863200000000e-01	3.440000000000e-03	2.290000000000e-03	7.998044146410e-01	4.867440000000e-03	1.700000000000e+00	-1.574760000000e-03	-5.500000000000e-01	
  72	DIS_F2D	2.250000000000e-01	3.000000000000e+00	0.000000000000e+00	2.880200000000e-01	3.460000000000e-03	4.610000000000e-03	1.600583292827e+00	4.896340000000e-03	1.700000000000e+00	-1.584110000000e-03	-5.500000000000e-01	
  73	DIS_F2D	2.250000000000e-01	3.290000000000e+00	0.000000000000e+00	2.883100000000e-01	4.040000000000e-03	3.170000000000e-03	1.099510943082e+00	4.901270000000e-03	1.700000000000e+00	-1.585705000000e-03	-5.500000000000e-01	
  74	DIS_F2D	2.250000000000e-01	3.620000000000e+00	0.000000000000e+00	2.806300000000e-01	5.890000000000e-03	5.050000000000e-03	1.799522502940e+00	4.770710000000e-03	1.700000000000e+00	-1.543465000000e-03	-5.500000000000e-01	
  75	DIS_F2D	2.250000000000e-01	4.010000000000e+00	0.000000000000e+00	2.822000000000e-01	2.820000000000e-03	4.230000000000e-03	1.498936924167e+00	4.797400000000e-03	1.700000000000e+00	-1.552100000000e-03	-5.500000000000e-01	
  76	DIS_F2D	2.250000000000e-01	4.460000000000e+00	0.000000000000e+00	2.857600000000e-01	4.290000000000e-03	3.710000000000e-03	1.298292273236e+00	4.857920000000e-03	1.700000000000e+00	-1.571680000000e-03	-5.500000000000e-01	
  77	DIS_F2D	2.250000000000e-01	5.000000000000e+00	0.000000000000e+00	2.819500000000e-01	1.130000000000e-03	3.950000000000e-03	1.400957616599e+00	4.793150000000e-03	1.700000000000e+00	-1.550725000000e-03	-5.500000000000e-01	
  78	DIS_F2D	2.250000000000e-01	5.330000000000e+00	0.000000000000e+00	2.859200000000e-01	8.010000000000e-03	6.860000000000e-03	2.399272523783e+00	4.860640000000e-03	1.700000000000e+00	-1.572560000000e-03	-5.500000000000e-01	
  79	DIS_F2D	2.250000000000e-01	5.720000000000e+00	0.000000000000e+00	2.796300000000e-01	4.750000000000e-03	5.030000000000e-03	1.798805564496e+00	4.753710000000e-03	1.700000000000e+00	-1.537965000000e-03	-5.500000000000e-01	
  80	DIS_F2D	2.250000000000e-01	6.090000000000e+00	0.000000000000e+00	2.761400000000e-01	8.280000000000e-03	6.350000000000e-03	2.299558195118e+00	4.694380000000e-03	1.700000000000e+00	-1.518770000000e-03	-5.500000000000e-01	
  81	DIS_F2D	2.250000000000e-01	7.310000000000e+00	0.000000000000e+00	2.703100000000e-01	1.541000000000e-02	6.490000000000e-03	2.400947060782e+00	4.595270000000e-03	1.700000000000e+00	-1.486705000000e-03	-5.500000000000e-01	
  82	DIS_F2D	2.750000000000e-01	9.000000000000e-01	0.000000000000e+00	2.616900000000e-01	6.280000000000e-03	2.880000000000e-03	1.100538805457e+00	4.448730000000e-03	1.700000000000e+00	-1.439295000000e-03	-5.500000000000e-01	
  83	DIS_F2D	2.750000000000e-01	1.070000000000e+00	0.000000000000e+00	2.647500000000e-01	1.850000000000e-03	1.850000000000e-03	6.987724268178e-01	4.500750000000e-03	1.700000000000e+00	-1.456125000000e-03	-5.500000000000e-01	
  84	DIS_F2D	2.750000000000e-01	1.350000000000e+00	0.000000000000e+00	2.676800000000e-01	4.820000000000e-03	2.940000000000e-03	1.098326359833e+00	4.550560000000e-03	1.700000000000e+00	-1.472240000000e-03	-5.500000000000e-01	
  85	DIS_F2D	2.750000000000e-01	1.460000000000e+00	0.000000000000e+00	2.684800000000e-01	4.830000000000e-03	2.950000000000e-03	1.098778307509e+00	4.564160000000e-03	1.700000000000e+00	-1.476640000000e-03	-5.500000000000e-01	
  86	DIS_F2D	2.750000000000e-01	1.600000000000e+00	0.000000000000e+00	2.659400000000e-01	3.720000000000e-03	2.130000000000e-03	8.009325411747e-01	4.520980000000e-03	1.700000000000e+00	-1.462670000000e-03	-5.500000000000e-01	
  87	DIS_F2D	2.750000000000e-01	1.920000000000e+00	0.000000000000e+00	2.637400000000e-01	2.900000000000e-03	2.110000000000e-03	8.000303329036e-01	4.483580000000e-03	1.700000000000e+00	-1.450570000000e-03	-5.500000000000e-01	
  88	DIS_F2D	2.750000000000e-01	2.110000000000e+00	0.000000000000e+00	2.657500000000e-01	3.720000000000e-03	2.130000000000e-03	8.015051740357e-01	4.517750000000e-03	1.700000000000e+00	-1.461625000000e-03	-5.500000000000e-01	
  89	DIS_F2D	2.750000000000e-01	2.350000000000e+00	0.000000000000e+00	2.634600000000e-01	3.950000000000e-03	2.630000000000e-03	9.982540044029e-01	4.478820000000e-03	1.700000000000e+00	-1.449030000000e-03	-5.500000000000e-01	
  90	DIS_F2D	2.750000000000e-01	2.530000000000e+00	0.000000000000e+00	2.645600000000e-01	3.700000000000e-03	3.440000000000e-03	1.300272149985e+00	4.497520000000e-03	1.700000000000e+00	-1.455080000000e-03	-5.500000000000e-01	
  91	DIS_F2D	2.750000000000e-01	3.090000000000e+00	0.000000000000e+00	2.622100000000e-01	6.560000000000e-03	2.360000000000e-03	9.000419511079e-01	4.457570000000e-03	1.700000000000e+00	-1.442155000000e-03	-5.500000000000e-01	
  92	DIS_F2D	2.750000000000e-01	3.320000000000e+00	0.000000000000e+00	2.695500000000e-01	7.280000000000e-03	4.310000000000e-03	1.598961231682e+00	4.582350000000e-03	1.700000000000e+00	-1.482525000000e-03	-5.500000000000e-01	
  93	DIS_F2D	2.750000000000e-01	3.530000000000e+00	0.000000000000e+00	2.547500000000e-01	2.290000000000e-03	2.800000000000e-03	1.099116781158e+00	4.330750000000e-03	1.700000000000e+00	-1.401125000000e-03	-5.500000000000e-01	
  94	DIS_F2D	2.750000000000e-01	4.300000000000e+00	0.000000000000e+00	2.565600000000e-01	3.590000000000e-03	2.570000000000e-03	1.001714998441e+00	4.361520000000e-03	1.700000000000e+00	-1.411080000000e-03	-5.500000000000e-01	
  95	DIS_F2D	2.750000000000e-01	4.760000000000e+00	0.000000000000e+00	2.568200000000e-01	2.570000000000e-03	3.340000000000e-03	1.300521766218e+00	4.365940000000e-03	1.700000000000e+00	-1.412510000000e-03	-5.500000000000e-01	
  96	DIS_F2D	2.750000000000e-01	5.290000000000e+00	0.000000000000e+00	2.512800000000e-01	2.260000000000e-03	3.270000000000e-03	1.301337153773e+00	4.271760000000e-03	1.700000000000e+00	-1.382040000000e-03	-5.500000000000e-01	
  97	DIS_F2D	2.750000000000e-01	6.070000000000e+00	0.000000000000e+00	2.553100000000e-01	3.570000000000e-03	4.090000000000e-03	1.601974070738e+00	4.340270000000e-03	1.700000000000e+00	-1.404205000000e-03	-5.500000000000e-01	
  98	DIS_F2D	2.750000000000e-01	6.750000000000e+00	0.000000000000e+00	2.494400000000e-01	4.240000000000e-03	4.490000000000e-03	1.800032071841e+00	4.240480000000e-03	1.700000000000e+00	-1.371920000000e-03	-5.500000000000e-01	
  99	DIS_F2D	2.750000000000e-01	7.500000000000e+00	0.000000000000e+00	2.505600000000e-01	5.510000000000e-03	5.010000000000e-03	1.999521072797e+00	4.259520000000e-03	1.700000000000e+00	-1.378080000000e-03	-5.500000000000e-01	
 100	DIS_F2D	2.750000000000e-01	8.220000000000e+00	0.000000000000e+00	2.451400000000e-01	8.090000000000e-03	5.880000000000e-03	2.398629354654e+00	4.167380000000e-03	1.700000000000e+00	-1.348270000000e-03	-5.500000000000e-01	
 101	DIS_F2D	3.500000000000e-01	1.140000000000e+00	0.000000000000e+00	2.345200000000e-01	2.110000000000e-03	1.410000000000e-03	6.012280402524e-01	3.986840000000e-03	1.700000000000e+00	-1.289860000000e-03	-5.500000000000e-01	
 102	DIS_F2D	3.500000000000e-01	1.390000000000e+00	0.000000000000e+00	2.333200000000e-01	3.030000000000e-03	2.330000000000e-03	9.986284930567e-01	3.966440000000e-03	1.700000000000e+00	-1.283260000000e-03	-5.500000000000e-01	
 103	DIS_F2D	3.500000000000e-01	1.500000000000e+00	0.000000000000e+00	2.309100000000e-01	9.200000000000e-04	1.390000000000e-03	6.019661339916e-01	3.925470000000e-03	1.700000000000e+00	-1.270005000000e-03	-5.500000000000e-01	
 104	DIS_F2D	3.500000000000e-01	1.660000000000e+00	0.000000000000e+00	2.310700000000e-01	1.620000000000e-03	1.160000000000e-03	5.020123772017e-01	3.928190000000e-03	1.700000000000e+00	-1.270885000000e-03	-5.500000000000e-01	
 105	DIS_F2D	3.500000000000e-01	1.830000000000e+00	0.000000000000e+00	2.262400000000e-01	3.850000000000e-03	2.260000000000e-03	9.989391796322e-01	3.846080000000e-03	1.700000000000e+00	-1.244320000000e-03	-5.500000000000e-01	
 106	DIS_F2D	3.500000000000e-01	2.010000000000e+00	0.000000000000e+00	2.240200000000e-01	2.020000000000e-03	1.120000000000e-03	4.999553611285e-01	3.808340000000e-03	1.700000000000e+00	-1.232110000000e-03	-5.500000000000e-01	
 107	DIS_F2D	3.500000000000e-01	2.180000000000e+00	0.000000000000e+00	2.246000000000e-01	1.800000000000e-03	1.120000000000e-03	4.986642920748e-01	3.818200000000e-03	1.700000000000e+00	-1.235300000000e-03	-5.500000000000e-01	
 108	DIS_F2D	3.500000000000e-01	2.500000000000e+00	0.000000000000e+00	2.219200000000e-01	8.900000000000e-04	1.110000000000e-03	5.001802451334e-01	3.772640000000e-03	1.700000000000e+00	-1.220560000000e-03	-5.500000000000e-01	
 109	DIS_F2D	3.500000000000e-01	2.790000000000e+00	0.000000000000e+00	2.138700000000e-01	3.420000000000e-03	2.570000000000e-03	1.201664562585e+00	3.635790000000e-03	1.700000000000e+00	-1.176285000000e-03	-5.500000000000e-01	
 110	DIS_F2D	3.500000000000e-01	3.080000000000e+00	0.000000000000e+00	2.169500000000e-01	1.740000000000e-03	1.740000000000e-03	8.020281170777e-01	3.688150000000e-03	1.700000000000e+00	-1.193225000000e-03	-5.500000000000e-01	
 111	DIS_F2D	3.500000000000e-01	3.360000000000e+00	0.000000000000e+00	2.140500000000e-01	5.350000000000e-03	1.930000000000e-03	9.016584910068e-01	3.638850000000e-03	1.700000000000e+00	-1.177275000000e-03	-5.500000000000e-01	
 112	DIS_F2D	3.500000000000e-01	3.740000000000e+00	0.000000000000e+00	2.102100000000e-01	2.100000000000e-03	1.890000000000e-03	8.991008991009e-01	3.573570000000e-03	1.700000000000e+00	-1.156155000000e-03	-5.500000000000e-01	
 113	DIS_F2D	3.500000000000e-01	4.160000000000e+00	0.000000000000e+00	2.125400000000e-01	1.490000000000e-03	1.910000000000e-03	8.986543709419e-01	3.613180000000e-03	1.700000000000e+00	-1.168970000000e-03	-5.500000000000e-01	
 114	DIS_F2D	3.500000000000e-01	5.010000000000e+00	0.000000000000e+00	2.080500000000e-01	6.200000000000e-04	1.870000000000e-03	8.988223984619e-01	3.536850000000e-03	1.700000000000e+00	-1.144275000000e-03	-5.500000000000e-01	
 115	DIS_F2D	3.500000000000e-01	5.840000000000e+00	0.000000000000e+00	2.063600000000e-01	1.650000000000e-03	2.480000000000e-03	1.201783291336e+00	3.508120000000e-03	1.700000000000e+00	-1.134980000000e-03	-5.500000000000e-01	
 116	DIS_F2D	3.500000000000e-01	6.410000000000e+00	0.000000000000e+00	2.016200000000e-01	1.610000000000e-03	2.220000000000e-03	1.101081241940e+00	3.427540000000e-03	1.700000000000e+00	-1.108910000000e-03	-5.500000000000e-01	
 117	DIS_F2D	3.500000000000e-01	7.370000000000e+00	0.000000000000e+00	1.990500000000e-01	1.590000000000e-03	3.180000000000e-03	1.597588545592e+00	3.383850000000e-03	1.700000000000e+00	-1.094775000000e-03	-5.500000000000e-01	
 118	DIS_F2D	3.500000000000e-01	8.130000000000e+00	0.000000000000e+00	1.960200000000e-01	2.160000000000e-03	3.140000000000e-03	1.601877359453e+00	3.332340000000e-03	1.700000000000e+00	-1.078110000000e-03	-5.500000000000e-01	
 119	DIS_F2D	3.500000000000e-01	9.310000000000e+00	0.000000000000e+00	1.907800000000e-01	3.050000000000e-03	3.620000000000e-03	1.897473529720e+00	3.243260000000e-03	1.700000000000e+00	-1.049290000000e-03	-5.500000000000e-01	
 120	DIS_F2D	3.500000000000e-01	1.001000000000e+01	0.000000000000e+00	1.942000000000e-01	2.330000000000e-03	3.300000000000e-03	1.699279093718e+00	3.301400000000e-03	1.700000000000e+00	-1.068100000000e-03	-5.500000000000e-01	
 121	DIS_F2D	3.500000000000e-01	1.096000000000e+01	0.000000000000e+00	1.899300000000e-01	4.560000000000e-03	4.560000000000e-03	2.400884536408e+00	3.228810000000e-03	1.700000000000e+00	-1.044615000000e-03	-5.500000000000e-01	
 122	DIS_F2D	4.500000000000e-01	1.700000000000e+00	0.000000000000e+00	1.816700000000e-01	1.820000000000e-03	1.090000000000e-03	5.999889910277e-01	3.088390000000e-03	1.700000000000e+00	-9.991850000000e-04	-5.500000000000e-01	
 123	DIS_F2D	4.500000000000e-01	1.870000000000e+00	0.000000000000e+00	1.685400000000e-01	4.720000000000e-03	1.850000000000e-03	1.097662276018e+00	2.865180000000e-03	1.700000000000e+00	-9.269700000000e-04	-5.500000000000e-01	
 124	DIS_F2D	4.500000000000e-01	2.000000000000e+00	0.000000000000e+00	1.750800000000e-01	1.750000000000e-03	1.230000000000e-03	7.025359835504e-01	2.976360000000e-03	1.700000000000e+00	-9.629400000000e-04	-5.500000000000e-01	
 125	DIS_F2D	4.500000000000e-01	2.290000000000e+00	0.000000000000e+00	1.686600000000e-01	1.180000000000e-03	8.400000000000e-04	4.980434009249e-01	2.867220000000e-03	1.700000000000e+00	-9.276300000000e-04	-5.500000000000e-01	
 126	DIS_F2D	4.500000000000e-01	2.440000000000e+00	0.000000000000e+00	1.642400000000e-01	1.480000000000e-03	1.310000000000e-03	7.976132489040e-01	2.792080000000e-03	1.700000000000e+00	-9.033200000000e-04	-5.500000000000e-01	
 127	DIS_F2D	4.500000000000e-01	2.650000000000e+00	0.000000000000e+00	1.622200000000e-01	2.270000000000e-03	1.460000000000e-03	9.000123289360e-01	2.757740000000e-03	1.700000000000e+00	-8.922100000000e-04	-5.500000000000e-01	
 128	DIS_F2D	4.500000000000e-01	3.360000000000e+00	0.000000000000e+00	1.576300000000e-01	1.260000000000e-03	1.260000000000e-03	7.993402271141e-01	2.679710000000e-03	1.700000000000e+00	-8.669650000000e-04	-5.500000000000e-01	
 129	DIS_F2D	4.500000000000e-01	3.800000000000e+00	0.000000000000e+00	1.567400000000e-01	3.760000000000e-03	1.410000000000e-03	8.995789205053e-01	2.664580000000e-03	1.700000000000e+00	-8.620700000000e-04	-5.500000000000e-01	
 130	DIS_F2D	4.500000000000e-01	4.590000000000e+00	0.000000000000e+00	1.498200000000e-01	1.500000000000e-03	1.350000000000e-03	9.010812975571e-01	2.546940000000e-03	1.700000000000e+00	-8.240100000000e-04	-5.500000000000e-01	
 131	DIS_F2D	4.500000000000e-01	4.970000000000e+00	0.000000000000e+00	1.467400000000e-01	1.030000000000e-03	1.320000000000e-03	8.995502248876e-01	2.494580000000e-03	1.700000000000e+00	-8.070700000000e-04	-5.500000000000e-01	
 132	DIS_F2D	4.500000000000e-01	5.300000000000e+00	0.000000000000e+00	1.450800000000e-01	1.450000000000e-03	1.450000000000e-03	9.994485800937e-01	2.466360000000e-03	1.700000000000e+00	-7.979400000000e-04	-5.500000000000e-01	
 133	DIS_F2D	4.500000000000e-01	5.680000000000e+00	0.000000000000e+00	1.428100000000e-01	1.290000000000e-03	1.140000000000e-03	7.982634269309e-01	2.427770000000e-03	1.700000000000e+00	-7.854550000000e-04	-5.500000000000e-01	
 134	DIS_F2D	4.500000000000e-01	6.070000000000e+00	0.000000000000e+00	1.460700000000e-01	2.780000000000e-03	2.040000000000e-03	1.396590675703e+00	2.483190000000e-03	1.700000000000e+00	-8.033850000000e-04	-5.500000000000e-01	
 135	DIS_F2D	4.500000000000e-01	6.510000000000e+00	0.000000000000e+00	1.412800000000e-01	1.410000000000e-03	1.550000000000e-03	1.097112117780e+00	2.401760000000e-03	1.700000000000e+00	-7.770400000000e-04	-5.500000000000e-01	
 136	DIS_F2D	4.500000000000e-01	7.110000000000e+00	0.000000000000e+00	1.392800000000e-01	8.400000000000e-04	1.390000000000e-03	9.979896611143e-01	2.367760000000e-03	1.700000000000e+00	-7.660400000000e-04	-5.500000000000e-01	
 137	DIS_F2D	4.500000000000e-01	7.840000000000e+00	0.000000000000e+00	1.394700000000e-01	2.650000000000e-03	2.370000000000e-03	1.699290169929e+00	2.370990000000e-03	1.700000000000e+00	-7.670850000000e-04	-5.500000000000e-01	
 138	DIS_F2D	4.500000000000e-01	8.430000000000e+00	0.000000000000e+00	1.337900000000e-01	1.200000000000e-03	1.740000000000e-03	1.300545631213e+00	2.274430000000e-03	1.700000000000e+00	-7.358450000000e-04	-5.500000000000e-01	
 139	DIS_F2D	4.500000000000e-01	9.050000000000e+00	0.000000000000e+00	1.345600000000e-01	1.350000000000e-03	2.020000000000e-03	1.501189060642e+00	2.287520000000e-03	1.700000000000e+00	-7.400800000000e-04	-5.500000000000e-01	
 140	DIS_F2D	4.500000000000e-01	9.830000000000e+00	0.000000000000e+00	1.310100000000e-01	9.200000000000e-04	1.700000000000e-03	1.297610869399e+00	2.227170000000e-03	1.700000000000e+00	-7.205550000000e-04	-5.500000000000e-01	
 141	DIS_F2D	4.500000000000e-01	1.069000000000e+01	0.000000000000e+00	1.291500000000e-01	1.030000000000e-03	2.320000000000e-03	1.796360820751e+00	2.195550000000e-03	1.700000000000e+00	-7.103250000000e-04	-5.500000000000e-01	
 142	DIS_F2D	4.500000000000e-01	1.161000000000e+01	0.000000000000e+00	1.292100000000e-01	1.420000000000e-03	2.580000000000e-03	1.996749477595e+00	2.196570000000e-03	1.700000000000e+00	-7.106550000000e-04	-5.500000000000e-01	
 143	DIS_F2D	4.500000000000e-01	1.275000000000e+01	0.000000000000e+00	1.264200000000e-01	1.520000000000e-03	2.780000000000e-03	2.199019142541e+00	2.149140000000e-03	1.700000000000e+00	-6.953100000000e-04	-5.500000000000e-01	
 144	DIS_F2D	4.500000000000e-01	1.502000000000e+01	0.000000000000e+00	1.325800000000e-01	9.410000000000e-03	9.020000000000e-03	6.803439432795e+00	2.253860000000e-03	1.700000000000e+00	-7.291900000000e-04	-5.500000000000e-01	
 145	DIS_F2D	4.500000000000e-01	1.639000000000e+01	0.000000000000e+00	1.358700000000e-01	6.250000000000e-03	8.150000000000e-03	5.998380805181e+00	2.309790000000e-03	1.700000000000e+00	-7.472850000000e-04	-5.500000000000e-01	
 146	DIS_F2D	5.500000000000e-01	2.490000000000e+00	0.000000000000e+00	1.190100000000e-01	4.800000000000e-04	7.100000000000e-04	5.965885219729e-01	2.023170000000e-03	1.700000000000e+00	-6.545550000000e-04	-5.500000000000e-01	
 147	DIS_F2D	5.500000000000e-01	2.770000000000e+00	0.000000000000e+00	1.157100000000e-01	1.620000000000e-03	1.040000000000e-03	8.987987209403e-01	1.967070000000e-03	1.700000000000e+00	-6.364050000000e-04	-5.500000000000e-01	
 148	DIS_F2D	5.500000000000e-01	3.470000000000e+00	0.000000000000e+00	1.054400000000e-01	1.160000000000e-03	1.270000000000e-03	1.204476479514e+00	1.792480000000e-03	1.700000000000e+00	-5.799200000000e-04	-5.500000000000e-01	
 149	DIS_F2D	5.500000000000e-01	3.740000000000e+00	0.000000000000e+00	1.027000000000e-01	2.050000000000e-03	1.030000000000e-03	1.002921129503e+00	1.745900000000e-03	1.700000000000e+00	-5.648500000000e-04	-5.500000000000e-01	
 150	DIS_F2D	5.500000000000e-01	4.070000000000e+00	0.000000000000e+00	1.006900000000e-01	8.100000000000e-04	8.100000000000e-04	8.044492998312e-01	1.711730000000e-03	1.700000000000e+00	-5.537950000000e-04	-5.500000000000e-01	
 151	DIS_F2D	5.500000000000e-01	4.990000000000e+00	0.000000000000e+00	9.359000000000e-02	3.700000000000e-04	6.600000000000e-04	7.052035473875e-01	1.591030000000e-03	1.700000000000e+00	-5.147450000000e-04	-5.500000000000e-01	
 152	DIS_F2D	5.500000000000e-01	5.330000000000e+00	0.000000000000e+00	9.261000000000e-02	1.480000000000e-03	1.020000000000e-03	1.101392938128e+00	1.574370000000e-03	1.700000000000e+00	-5.093550000000e-04	-5.500000000000e-01	
 153	DIS_F2D	5.500000000000e-01	5.770000000000e+00	0.000000000000e+00	9.144000000000e-02	9.100000000000e-04	1.010000000000e-03	1.104549431321e+00	1.554480000000e-03	1.700000000000e+00	-5.029200000000e-04	-5.500000000000e-01	
 154	DIS_F2D	5.500000000000e-01	6.250000000000e+00	0.000000000000e+00	8.865000000000e-02	8.900000000000e-04	8.000000000000e-04	9.024252679075e-01	1.507050000000e-03	1.700000000000e+00	-4.875750000000e-04	-5.500000000000e-01	
 155	DIS_F2D	5.500000000000e-01	7.500000000000e+00	0.000000000000e+00	8.487000000000e-02	4.200000000000e-04	7.600000000000e-04	8.954872157417e-01	1.442790000000e-03	1.700000000000e+00	-4.667850000000e-04	-5.500000000000e-01	
 156	DIS_F2D	5.500000000000e-01	8.380000000000e+00	0.000000000000e+00	8.177000000000e-02	8.200000000000e-04	1.060000000000e-03	1.296318943378e+00	1.390090000000e-03	1.700000000000e+00	-4.497350000000e-04	-5.500000000000e-01	
 157	DIS_F2D	5.500000000000e-01	9.020000000000e+00	0.000000000000e+00	8.413000000000e-02	1.350000000000e-03	1.430000000000e-03	1.699750386307e+00	1.430210000000e-03	1.700000000000e+00	-4.627150000000e-04	-5.500000000000e-01	
 158	DIS_F2D	5.500000000000e-01	9.910000000000e+00	0.000000000000e+00	7.850000000000e-02	3.900000000000e-04	9.400000000000e-04	1.197452229299e+00	1.334500000000e-03	1.700000000000e+00	-4.317500000000e-04	-5.500000000000e-01	
 159	DIS_F2D	5.500000000000e-01	1.072000000000e+01	0.000000000000e+00	7.760000000000e-02	6.200000000000e-04	1.160000000000e-03	1.494845360825e+00	1.319200000000e-03	1.700000000000e+00	-4.268000000000e-04	-5.500000000000e-01	
 160	DIS_F2D	5.500000000000e-01	1.186000000000e+01	0.000000000000e+00	7.620000000000e-02	6.100000000000e-04	1.300000000000e-03	1.706036745407e+00	1.295400000000e-03	1.700000000000e+00	-4.191000000000e-04	-5.500000000000e-01	
 161	DIS_F2D	5.500000000000e-01	1.288000000000e+01	0.000000000000e+00	7.372000000000e-02	7.400000000000e-04	1.400000000000e-03	1.899077590884e+00	1.253240000000e-03	1.700000000000e+00	-4.054600000000e-04	-5.500000000000e-01	
 162	DIS_F2D	5.500000000000e-01	1.412000000000e+01	0.000000000000e+00	7.208000000000e-02	5.800000000000e-04	1.510000000000e-03	2.094894561598e+00	1.225360000000e-03	1.700000000000e+00	-3.964400000000e-04	-5.500000000000e-01	
 163	DIS_F2D	5.500000000000e-01	1.555000000000e+01	0.000000000000e+00	7.053000000000e-02	1.760000000000e-03	1.970000000000e-03	2.793137671913e+00	1.199010000000e-03	1.700000000000e+00	-3.879150000000e-04	-5.500000000000e-01	
 164	DIS_F2D	5.500000000000e-01	1.671000000000e+01	0.000000000000e+00	6.426000000000e-02	7.130000000000e-03	4.750000000000e-03	7.391845627140e+00	1.092420000000e-03	1.700000000000e+00	-3.534300000000e-04	-5.500000000000e-01	
 165	DIS_F2D	5.500000000000e-01	1.789000000000e+01	0.000000000000e+00	7.179000000000e-02	2.660000000000e-03	4.020000000000e-03	5.599665691601e+00	1.220430000000e-03	1.700000000000e+00	-3.948450000000e-04	-5.500000000000e-01	
 166	DIS_F2D	5.500000000000e-01	1.951000000000e+01	0.000000000000e+00	6.892000000000e-02	2.140000000000e-03	3.510000000000e-03	5.092861288450e+00	1.171640000000e-03	1.700000000000e+00	-3.790600000000e-04	-5.500000000000e-01	
 167	DIS_F2D	6.500000000000e-01	4.150000000000e+00	0.000000000000e+00	6.204000000000e-02	1.490000000000e-03	8.700000000000e-04	1.402321083172e+00	1.054680000000e-03	1.700000000000e+00	-3.412200000000e-04	-5.500000000000e-01	
 168	DIS_F2D	6.500000000000e-01	4.410000000000e+00	0.000000000000e+00	5.975000000000e-02	7.200000000000e-04	6.000000000000e-04	1.004184100418e+00	1.015750000000e-03	1.700000000000e+00	-3.286250000000e-04	-5.500000000000e-01	
 169	DIS_F2D	6.500000000000e-01	5.010000000000e+00	0.000000000000e+00	5.575000000000e-02	5.000000000000e-04	3.900000000000e-04	6.995515695067e-01	9.477500000000e-04	1.700000000000e+00	-3.066250000000e-04	-5.500000000000e-01	
 170	DIS_F2D	6.500000000000e-01	5.720000000000e+00	0.000000000000e+00	5.284000000000e-02	7.400000000000e-04	5.800000000000e-04	1.097653292960e+00	8.982800000000e-04	1.700000000000e+00	-2.906200000000e-04	-5.500000000000e-01	
 171	DIS_F2D	6.500000000000e-01	6.270000000000e+00	0.000000000000e+00	5.018000000000e-02	4.500000000000e-04	5.000000000000e-04	9.964129135114e-01	8.530600000000e-04	1.700000000000e+00	-2.759900000000e-04	-5.500000000000e-01	
 172	DIS_F2D	6.500000000000e-01	6.780000000000e+00	0.000000000000e+00	4.943000000000e-02	4.400000000000e-04	6.400000000000e-04	1.294760267044e+00	8.403100000000e-04	1.700000000000e+00	-2.718650000000e-04	-5.500000000000e-01	
 173	DIS_F2D	6.500000000000e-01	7.980000000000e+00	0.000000000000e+00	4.493000000000e-02	4.000000000000e-04	4.900000000000e-04	1.090585354997e+00	7.638100000000e-04	1.700000000000e+00	-2.471150000000e-04	-5.500000000000e-01	
 174	DIS_F2D	6.500000000000e-01	8.610000000000e+00	0.000000000000e+00	4.346000000000e-02	3.500000000000e-04	4.300000000000e-04	9.894155545329e-01	7.388200000000e-04	1.700000000000e+00	-2.390300000000e-04	-5.500000000000e-01	
 175	DIS_F2D	6.500000000000e-01	9.750000000000e+00	0.000000000000e+00	4.185000000000e-02	3.300000000000e-04	4.600000000000e-04	1.099163679809e+00	7.114500000000e-04	1.700000000000e+00	-2.301750000000e-04	-5.500000000000e-01	
 176	DIS_F2D	6.500000000000e-01	1.060000000000e+01	0.000000000000e+00	4.074000000000e-02	3.300000000000e-04	5.300000000000e-04	1.300932744232e+00	6.925800000000e-04	1.700000000000e+00	-2.240700000000e-04	-5.500000000000e-01	
 177	DIS_F2D	6.500000000000e-01	1.153000000000e+01	0.000000000000e+00	3.871000000000e-02	3.900000000000e-04	7.000000000000e-04	1.808318264014e+00	6.580700000000e-04	1.700000000000e+00	-2.129050000000e-04	-5.500000000000e-01	
 178	DIS_F2D	6.500000000000e-01	1.317000000000e+01	0.000000000000e+00	3.788000000000e-02	3.000000000000e-04	6.100000000000e-04	1.610348468849e+00	6.439600000000e-04	1.700000000000e+00	-2.083400000000e-04	-5.500000000000e-01	
 179	DIS_F2D	6.500000000000e-01	1.420000000000e+01	0.000000000000e+00	3.804000000000e-02	6.800000000000e-04	1.100000000000e-03	2.891692954784e+00	6.466800000000e-04	1.700000000000e+00	-2.092200000000e-04	-5.500000000000e-01	
 180	DIS_F2D	6.500000000000e-01	1.524000000000e+01	0.000000000000e+00	3.529000000000e-02	2.500000000000e-04	6.400000000000e-04	1.813544913573e+00	5.999300000000e-04	1.700000000000e+00	-1.940950000000e-04	-5.500000000000e-01	
 181	DIS_F2D	6.500000000000e-01	1.689000000000e+01	0.000000000000e+00	3.414000000000e-02	5.500000000000e-04	8.900000000000e-04	2.606912712361e+00	5.803800000000e-04	1.700000000000e+00	-1.877700000000e-04	-5.500000000000e-01	
 182	DIS_F2D	6.500000000000e-01	1.828000000000e+01	0.000000000000e+00	3.277000000000e-02	8.500000000000e-04	1.610000000000e-03	4.913030210558e+00	5.570900000000e-04	1.700000000000e+00	-1.802350000000e-04	-5.500000000000e-01	
 183	DIS_F2D	6.500000000000e-01	2.063000000000e+01	0.000000000000e+00	3.437000000000e-02	1.130000000000e-03	1.820000000000e-03	5.295315682281e+00	5.842900000000e-04	1.700000000000e+00	-1.890350000000e-04	-5.500000000000e-01	
 184	DIS_F2D	6.500000000000e-01	2.221000000000e+01	0.000000000000e+00	3.234000000000e-02	6.500000000000e-04	1.580000000000e-03	4.885590599876e+00	5.497800000000e-04	1.700000000000e+00	-1.778700000000e-04	-5.500000000000e-01	
 185	DIS_F2D	7.500000000000e-01	5.000000000000e+00	0.000000000000e+00	2.917000000000e-02	2.300000000000e-04	5.800000000000e-04	1.988344189236e+00	4.958900000000e-04	1.700000000000e+00	-1.604350000000e-04	-5.500000000000e-01	
 186	DIS_F2D	7.500000000000e-01	6.060000000000e+00	0.000000000000e+00	2.635000000000e-02	4.500000000000e-04	4.000000000000e-04	1.518026565465e+00	4.479500000000e-04	1.700000000000e+00	-1.449250000000e-04	-5.500000000000e-01	
 187	DIS_F2D	7.500000000000e-01	6.660000000000e+00	0.000000000000e+00	2.425000000000e-02	2.900000000000e-04	2.700000000000e-04	1.113402061856e+00	4.122500000000e-04	1.700000000000e+00	-1.333750000000e-04	-5.500000000000e-01	
 188	DIS_F2D	7.500000000000e-01	7.300000000000e+00	0.000000000000e+00	2.251000000000e-02	2.500000000000e-04	3.400000000000e-04	1.510439804531e+00	3.826700000000e-04	1.700000000000e+00	-1.238050000000e-04	-5.500000000000e-01	
 189	DIS_F2D	7.500000000000e-01	7.960000000000e+00	0.000000000000e+00	2.160000000000e-02	6.300000000000e-04	5.000000000000e-04	2.314814814815e+00	3.672000000000e-04	1.700000000000e+00	-1.188000000000e-04	-5.500000000000e-01	
 190	DIS_F2D	7.500000000000e-01	8.900000000000e+00	0.000000000000e+00	2.011000000000e-02	1.600000000000e-04	2.600000000000e-04	1.292889109896e+00	3.418700000000e-04	1.700000000000e+00	-1.106050000000e-04	-5.500000000000e-01	
 191	DIS_F2D	7.500000000000e-01	1.019000000000e+01	0.000000000000e+00	1.853000000000e-02	1.700000000000e-04	2.400000000000e-04	1.295196977874e+00	3.150100000000e-04	1.700000000000e+00	-1.019150000000e-04	-5.500000000000e-01	
 192	DIS_F2D	7.500000000000e-01	1.157000000000e+01	0.000000000000e+00	1.687000000000e-02	1.700000000000e-04	2.200000000000e-04	1.304090100771e+00	2.867900000000e-04	1.700000000000e+00	-9.278500000000e-05	-5.500000000000e-01	
 193	DIS_F2D	7.500000000000e-01	1.307000000000e+01	0.000000000000e+00	1.607000000000e-02	1.600000000000e-04	2.900000000000e-04	1.804604853765e+00	2.731900000000e-04	1.700000000000e+00	-8.838500000000e-05	-5.500000000000e-01	
 194	DIS_F2D	7.500000000000e-01	1.447000000000e+01	0.000000000000e+00	1.488000000000e-02	1.600000000000e-04	2.800000000000e-04	1.881720430108e+00	2.529600000000e-04	1.700000000000e+00	-8.184000000000e-05	-5.500000000000e-01	
 195	DIS_F2D	7.500000000000e-01	1.571000000000e+01	0.000000000000e+00	1.464000000000e-02	3.500000000000e-04	3.200000000000e-04	2.185792349727e+00	2.488800000000e-04	1.700000000000e+00	-8.052000000000e-05	-5.500000000000e-01	
 196	DIS_F2D	7.500000000000e-01	1.696000000000e+01	0.000000000000e+00	1.380000000000e-02	1.500000000000e-04	3.300000000000e-04	2.391304347826e+00	2.346000000000e-04	1.700000000000e+00	-7.590000000000e-05	-5.500000000000e-01	
 197	DIS_F2D	7.500000000000e-01	1.842000000000e+01	0.000000000000e+00	1.378000000000e-02	2.100000000000e-04	3.700000000000e-04	2.685050798258e+00	2.342600000000e-04	1.700000000000e+00	-7.579000000000e-05	-5.500000000000e-01	
 198	DIS_F2D	7.500000000000e-01	1.994000000000e+01	0.000000000000e+00	1.329000000000e-02	4.100000000000e-04	7.000000000000e-04	5.267118133935e+00	2.259300000000e-04	1.700000000000e+00	-7.309500000000e-05	-5.500000000000e-01	
 199	DIS_F2D	7.500000000000e-01	2.156000000000e+01	0.000000000000e+00	1.168000000000e-02	4.200000000000e-04	7.200000000000e-04	6.164383561644e+00	1.985600000000e-04	1.700000000000e+00	-6.424000000000e-05	-5.500000000000e-01	
 200	DIS_F2D	7.500000000000e-01	2.437000000000e+01	0.000000000000e+00	1.135000000000e-02	3.700000000000e-04	6.200000000000e-04	5.462555066079e+00	1.929500000000e-04	1.700000000000e+00	-6.242500000000e-05	-5.500000000000e-01	
 201	DIS_F2D	7.500000000000e-01	2.673000000000e+01	0.000000000000e+00	1.122000000000e-02	3.400000000000e-04	7.400000000000e-04	6.595365418895e+00	1.907400000000e-04	1.700000000000e+00	-6.171000000000e-05	-5.500000000000e-01	
 202	DIS_F2D	8.500000000000e-01	1.003000000000e+01	0.000000000000e+00	6.450000000000e-03	1.000000000000e-04	3.200000000000e-04	4.961240310078e+00	1.096500000000e-04	1.700000000000e+00	-3.547500000000e-05	-5.500000000000e-01	
 203	DIS_F2D	8.500000000000e-01	1.108000000000e+01	0.000000000000e+00	5.720000000000e-03	1.500000000000e-04	2.500000000000e-04	4.370629370629e+00	9.724000000000e-05	1.700000000000e+00	-3.146000000000e-05	-5.500000000000e-01	
 204	DIS_F2D	8.500000000000e-01	1.218000000000e+01	0.000000000000e+00	5.320000000000e-03	1.100000000000e-04	1.800000000000e-04	3.383458646617e+00	9.044000000000e-05	1.700000000000e+00	-2.926000000000e-05	-5.500000000000e-01	
 205	DIS_F2D	8.500000000000e-01	1.395000000000e+01	0.000000000000e+00	4.910000000000e-03	9.000000000000e-05	1.600000000000e-04	3.258655804481e+00	8.347000000000e-05	1.700000000000e+00	-2.700500000000e-05	-5.500000000000e-01	
 206	DIS_F2D	8.500000000000e-01	1.545000000000e+01	0.000000000000e+00	4.650000000000e-03	6.000000000000e-05	1.300000000000e-04	2.795698924731e+00	7.905000000000e-05	1.700000000000e+00	-2.557500000000e-05	-5.500000000000e-01	
 207	DIS_F2D	8.500000000000e-01	1.664000000000e+01	0.000000000000e+00	4.130000000000e-03	9.000000000000e-05	1.300000000000e-04	3.147699757869e+00	7.021000000000e-05	1.700000000000e+00	-2.271500000000e-05	-5.500000000000e-01	
 208	DIS_F2D	8.500000000000e-01	1.846000000000e+01	0.000000000000e+00	3.950000000000e-03	5.000000000000e-05	1.200000000000e-04	3.037974683544e+00	6.715000000000e-05	1.700000000000e+00	-2.172500000000e-05	-5.500000000000e-01	
 209	DIS_F2D	8.500000000000e-01	1.999000000000e+01	0.000000000000e+00	3.990000000000e-03	8.000000000000e-05	1.500000000000e-04	3.759398496241e+00	6.783000000000e-05	1.700000000000e+00	-2.194500000000e-05	-5.500000000000e-01	
 210	DIS_F2D	8.500000000000e-01	2.340000000000e+01	0.000000000000e+00	3.240000000000e-03	9.000000000000e-05	2.500000000000e-04	7.716049382716e+00	5.508000000000e-05	1.700000000000e+00	-1.782000000000e-05	-5.500000000000e-01	
 211	DIS_F2D	8.500000000000e-01	2.909000000000e+01	0.000000000000e+00	2.800000000000e-03	8.000000000000e-05	2.200000000000e-04	7.857142857143e+00	4.760000000000e-05	1.700000000000e+00	-1.540000000000e-05	-5.500000000000e-01	
