FASERV2NB_DSIGMA_INCLUSIVE	1	39
   1	DIS_SNB	2.866487000000e-03	6.072168000000e+00	6.088007000000e-01	3.569928094091e+00	3.294806180392e-01	5.825842391852e-01	1.631921494860e+01	
   2	DIS_SNB	3.934715000000e-03	6.259179000000e+00	5.433827000000e-01	2.958282619449e+00	1.767301015793e-01	3.719842601708e-01	1.257433139502e+01	
   3	DIS_SNB	5.395882000000e-03	6.373690000000e+00	4.755787000000e-01	1.991549923934e+00	9.997724217082e-02	2.377004185682e-01	1.193544865291e+01	
   4	DIS_SNB	5.449674000000e-03	1.581571000000e+01	6.753538000000e-01	2.594058294185e+00	1.436947729038e-01	1.320041527576e-01	5.088711886448e+00	
   5	DIS_SNB	7.394143000000e-03	6.481757000000e+00	4.224385000000e-01	1.574087578556e+00	5.835559199317e-02	1.295058664374e-01	8.227360929706e+00	
   6	DIS_SNB	7.460342000000e-03	1.780593000000e+01	6.346820000000e-01	1.484717309888e+00	6.853185268113e-02	1.050261368198e-01	7.073813723350e+00	
   7	DIS_SNB	1.011743000000e-02	6.570012000000e+00	3.653743000000e-01	1.133485952321e+00	3.557866680970e-02	8.106724465526e-02	7.152029055966e+00	
   8	DIS_SNB	1.020236000000e-02	2.009044000000e+01	5.951677000000e-01	1.071027681850e+00	3.481788143853e-02	4.628573457552e-02	4.321618886225e+00	
   9	DIS_SNB	1.388007000000e-02	6.646079000000e+00	3.057246000000e-01	8.859388407949e-01	2.237194407193e-02	5.439354974764e-02	6.139650644376e+00	
  10	DIS_SNB	1.398746000000e-02	2.326287000000e+01	5.604941000000e-01	6.918660849132e-01	1.812463236915e-02	3.321821864008e-02	4.801249745354e+00	
  11	DIS_SNB	1.901761000000e-02	6.730523000000e+00	2.556173000000e-01	6.613804380261e-01	1.448567438204e-02	5.155346571940e-02	7.794827720224e+00	
  12	DIS_SNB	1.916617000000e-02	2.639353000000e+01	5.174304000000e-01	5.417052464668e-01	1.007533062837e-02	1.969813101410e-02	3.636319039288e+00	
  13	DIS_SNB	2.588461000000e-02	7.260684000000e+00	2.173113000000e-01	3.297882983441e-01	1.060480143702e-02	7.073319983675e-02	2.144806234542e+01	
  14	DIS_SNB	2.630567000000e-02	2.960382000000e+01	4.759137000000e-01	3.653911739298e-01	5.553142380299e-03	1.314486124776e-02	3.597476399439e+00	
  15	DIS_SNB	2.686116000000e-02	1.277078000000e+02	7.799102000000e-01	2.973435198554e-01	2.577248504832e-02	7.479307667069e-02	2.515376044081e+01	
  16	DIS_SNB	3.529722000000e-02	8.247089000000e+00	1.927849000000e-01	2.560387605785e-01	9.116389430237e-03	7.847903293209e-02	3.065123138183e+01	
  17	DIS_SNB	3.613122000000e-02	3.259975000000e+01	4.274534000000e-01	2.451383674313e-01	3.178909948482e-03	9.092406548447e-03	3.709091581102e+00	
  18	DIS_SNB	3.674860000000e-02	1.370638000000e+02	7.292915000000e-01	1.564807942666e-01	9.230089704297e-03	2.505352475581e-02	1.601060684362e+01	
  19	DIS_SNB	4.547096000000e-02	9.261531000000e+00	1.754045000000e-01	2.134020943986e-01	1.309094488797e-02	9.612996761497e-02	4.504640307578e+01	
  20	DIS_SNB	4.949819000000e-02	3.522526000000e+01	3.774151000000e-01	2.003002031506e-01	1.879789416716e-03	1.057642529657e-02	5.280286854537e+00	
  21	DIS_SNB	5.014484000000e-02	1.496933000000e+02	6.771808000000e-01	1.107119030124e-01	3.804385873552e-03	8.236291389183e-03	7.439391036626e+00	
  22	DIS_SNB	6.760507000000e-02	3.995763000000e+01	3.381908000000e-01	1.205680354234e-01	1.180163741289e-03	9.507719115544e-03	7.885770952603e+00	
  23	DIS_SNB	6.858695000000e-02	1.649695000000e+02	6.251326000000e-01	7.420922141861e-02	1.688647909340e-03	3.654883867952e-03	4.925107416685e+00	
  24	DIS_SNB	9.265795000000e-02	4.600280000000e+01	3.016227000000e-01	7.930574950002e-02	7.659419360335e-04	8.107377367563e-03	1.022293770461e+01	
  25	DIS_SNB	9.373375000000e-02	1.824838000000e+02	5.715903000000e-01	4.620139293560e-02	8.014546404298e-04	3.275203108105e-03	7.088970483357e+00	
  26	DIS_SNB	1.271037000000e-01	5.243741000000e+01	2.662293000000e-01	5.313305464671e-02	5.102627527122e-04	7.597590389873e-03	1.429917861939e+01	
  27	DIS_SNB	1.285427000000e-01	2.015121000000e+02	5.178166000000e-01	2.723246263696e-02	4.012204154912e-04	2.804855705366e-03	1.029967705366e+01	
  28	DIS_SNB	1.744877000000e-01	5.995623000000e+01	2.336383000000e-01	2.722401601811e-02	3.496221572469e-04	6.441270119231e-03	2.366024951993e+01	
  29	DIS_SNB	1.765524000000e-01	2.200508000000e+02	4.552443000000e-01	1.901019130643e-02	2.141468861376e-04	2.347933694048e-03	1.235092091500e+01	
  30	DIS_SNB	2.385749000000e-01	6.859101000000e+01	2.029611000000e-01	2.466556319357e-02	2.458870700290e-04	5.041261224142e-03	2.043845982587e+01	
  31	DIS_SNB	2.420548000000e-01	2.385996000000e+02	3.933264000000e-01	1.160527231906e-02	1.186044756874e-04	1.672963463090e-03	1.441554680576e+01	
  32	DIS_SNB	3.235229000000e-01	7.854411000000e+01	1.765255000000e-01	6.305588070644e-03	1.826394566060e-04	3.436485113160e-03	5.449904235196e+01	
  33	DIS_SNB	3.305638000000e-01	2.553389000000e+02	3.353596000000e-01	6.460150151424e-03	6.396347476151e-05	1.089101800756e-03	1.685876914974e+01	
  34	DIS_SNB	3.369055000000e-01	1.280874000000e+03	6.536965000000e-01	1.261973222041e-03	1.136329396849e-04	2.562830083097e-04	2.030811778203e+01	
  35	DIS_SNB	4.252738000000e-01	8.950842000000e+01	1.550679000000e-01	6.257558379748e-03	1.723469232992e-04	1.841943460307e-03	2.943549781762e+01	
  36	DIS_SNB	4.462790000000e-01	2.762210000000e+02	2.914799000000e-01	2.944819034105e-03	3.180076758899e-05	3.825603359474e-04	1.299096248417e+01	
  37	DIS_SNB	4.527705000000e-01	1.344657000000e+03	5.779055000000e-01	7.121692681714e-04	4.489167327932e-05	3.588245006284e-05	5.038472125450e+00	
  38	DIS_SNB	5.975587000000e-01	3.094532000000e+02	2.572316000000e-01	6.908127682069e-04	1.339939360916e-05	3.828696664425e-04	5.542307323536e+01	
  39	DIS_SNB	6.074026000000e-01	1.435095000000e+03	5.204409000000e-01	9.683306908924e-05	1.433911094747e-05	1.335453011285e-04	1.379129076301e+02	
