*  Total number of systematic sources *
   99
   36     AVE 99 99    1     0.000 O 1 2 3 4 5 6 7 8 9101112131415161718192021222324252627282930313233343536373839404142434445464748495051525354555657585960616263646566676869707172737475767778798081828384858687888990919293949596979899
 0.2000000E-02 0.2571428E+04 0.3600000E+02 0.9457916E+01 0.2700972E-01 0.7557912E-02 0.3250938E-01
 -0.0000 -0.0000 -0.0000  0.0000  0.0000 -0.0000  0.0000  0.0000 -0.0000 -0.0000  0.0000  0.0000 -0.0000 -0.0000  0.0000  0.0000 -0.0000 -0.0000 -0.0000 -0.0000 -0.0000 -0.0000 -0.0000 -0.0000 -0.0000 -0.0000 -0.0000 -0.0000 -0.0000 -0.0000 -0.0000 -0.0000 -0.0000 -0.0000 -0.0000 -0.0000 -0.0000 -0.0000 -0.0000 -0.0000 -0.0000 -0.0000 -0.0000 -0.0000 -0.0000 -0.0000 -0.0000 -0.0000 -0.0000 -0.0000 -0.0000 -0.0000 -0.0000 -0.0000 -0.0000 -0.0000 -0.0000  0.0000  0.0000  0.0000 -0.0000  0.0000 -0.0000 -0.0000  0.0000 -0.0000  0.0000 -0.0000 -0.0040  0.0032 -0.0085 -0.0139 -0.0087 -0.0087  0.0013  0.0126  0.0129  0.0002  0.0162  0.0596  0.0017  0.0273  0.0034  0.0318  0.0966 -0.0524  0.0043 -0.0407 -0.0332  0.0045  0.0305  0.0018  0.0402  0.0336  0.0008  0.0107 -0.0563 -0.0098 -0.0438
 0.6000000E-02 0.8571429E+03 0.3600000E+02 0.9412402E+01 0.2702818E-01 0.7105289E-02 0.3069454E-01
 -0.0000 -0.0000 -0.0000  0.0000  0.0000 -0.0000  0.0000  0.0000 -0.0000 -0.0000 -0.0000  0.0000 -0.0000 -0.0000  0.0000  0.0000 -0.0000 -0.0000 -0.0000 -0.0000 -0.0000 -0.0000 -0.0000 -0.0000 -0.0000 -0.0000 -0.0000 -0.0000 -0.0000 -0.0000 -0.0000 -0.0000 -0.0000 -0.0000 -0.0000 -0.0000 -0.0000 -0.0000 -0.0000 -0.0000 -0.0000 -0.0000 -0.0000 -0.0000 -0.0000 -0.0000 -0.0000 -0.0000 -0.0000 -0.0000 -0.0000 -0.0000 -0.0000 -0.0000 -0.0000 -0.0000 -0.0000  0.0000  0.0000  0.0000 -0.0000  0.0000  0.0000 -0.0000  0.0000 -0.0000  0.0000 -0.0000 -0.0018  0.0007 -0.0024 -0.0052 -0.0041 -0.0049 -0.0001  0.0057  0.0031  0.0028  0.0047  0.0205 -0.0089  0.0076  0.0034  0.0087  0.0471 -0.0374  0.0006 -0.0424 -0.0349  0.0109  0.0211  0.0102  0.0275  0.0373  0.0142  0.0024 -0.0762 -0.0071 -0.0434
 0.1000000E-01 0.5142857E+03 0.3600000E+02 0.9265331E+01 0.2719484E-01 0.6676283E-02 0.3061680E-01
 -0.0000 -0.0000 -0.0000  0.0000  0.0000 -0.0000  0.0000  0.0000 -0.0000 -0.0000 -0.0000  0.0000 -0.0000 -0.0000  0.0000  0.0000 -0.0000 -0.0000  0.0000 -0.0000 -0.0000 -0.0000 -0.0000 -0.0000 -0.0000 -0.0000 -0.0000 -0.0000 -0.0000 -0.0000 -0.0000 -0.0000 -0.0000 -0.0000 -0.0000 -0.0000 -0.0000 -0.0000 -0.0000 -0.0000 -0.0000 -0.0000 -0.0000 -0.0000 -0.0000 -0.0000 -0.0000 -0.0000 -0.0000 -0.0000 -0.0000 -0.0000 -0.0000 -0.0000 -0.0000 -0.0000 -0.0000  0.0000  0.0000  0.0000 -0.0000  0.0000  0.0000 -0.0000  0.0000 -0.0000  0.0000 -0.0000 -0.0015  0.0004 -0.0007 -0.0021 -0.0031 -0.0028 -0.0003  0.0044 -0.0009  0.0022  0.0035  0.0141 -0.0147  0.0019  0.0055  0.0077  0.0370 -0.0269  0.0011 -0.0464 -0.0322 -0.0084  0.0095  0.0038  0.0275  0.0538 -0.0032 -0.0304 -0.0702 -0.0261 -0.0406
 0.1400000E-01 0.3673469E+03 0.3600000E+02 0.8972574E+01 0.2705939E-01 0.7529938E-02 0.3050892E-01
 -0.0000 -0.0000 -0.0000  0.0000  0.0000 -0.0000  0.0000  0.0000 -0.0000 -0.0000  0.0000  0.0000 -0.0000 -0.0000  0.0000  0.0000 -0.0000 -0.0000 -0.0000 -0.0000 -0.0000 -0.0000 -0.0000 -0.0000 -0.0000 -0.0000 -0.0000 -0.0000 -0.0000 -0.0000 -0.0000 -0.0000 -0.0000 -0.0000 -0.0000 -0.0000 -0.0000 -0.0000 -0.0000 -0.0000 -0.0000 -0.0000 -0.0000 -0.0000 -0.0000 -0.0000 -0.0000 -0.0000 -0.0000 -0.0000 -0.0000 -0.0000 -0.0000 -0.0000 -0.0000 -0.0000 -0.0000  0.0000  0.0000  0.0000 -0.0000 -0.0000  0.0000 -0.0000  0.0000 -0.0000  0.0000 -0.0000 -0.0008 -0.0003 -0.0005 -0.0029 -0.0031 -0.0044 -0.0005  0.0038  0.0004  0.0054  0.0007  0.0089 -0.0150  0.0034  0.0052  0.0014  0.0329 -0.0393 -0.0132 -0.0482 -0.0326  0.0206  0.0346  0.0032  0.0106  0.0368 -0.0019 -0.0055 -0.0799  0.0072 -0.0379
 0.1800000E-01 0.2857143E+03 0.3600000E+02 0.8711855E+01 0.2622419E-01 0.7336987E-02 0.2943030E-01
 -0.0000 -0.0000 -0.0000  0.0000  0.0000 -0.0000  0.0000  0.0000  0.0000 -0.0000  0.0000  0.0000 -0.0000 -0.0000  0.0000  0.0000 -0.0000 -0.0000 -0.0000 -0.0000 -0.0000 -0.0000 -0.0000 -0.0000 -0.0000 -0.0000 -0.0000 -0.0000 -0.0000 -0.0000 -0.0000 -0.0000 -0.0000 -0.0000 -0.0000 -0.0000 -0.0000 -0.0000 -0.0000 -0.0000 -0.0000 -0.0000 -0.0000 -0.0000 -0.0000 -0.0000 -0.0000 -0.0000 -0.0000 -0.0000 -0.0000 -0.0000 -0.0000 -0.0000 -0.0000 -0.0000 -0.0000  0.0000  0.0000  0.0000 -0.0000  0.0000  0.0000 -0.0000  0.0000 -0.0000  0.0000 -0.0000 -0.0005 -0.0006 -0.0003 -0.0014 -0.0026 -0.0033 -0.0002  0.0025 -0.0000  0.0052 -0.0004  0.0055 -0.0126 -0.0008  0.0018 -0.0017  0.0271 -0.0339 -0.0038 -0.0385 -0.0282  0.0026  0.0189  0.0056  0.0327  0.0333 -0.0028 -0.0119 -0.0850 -0.0218 -0.0395
 0.2200000E-01 0.2337662E+03 0.3600000E+02 0.8355791E+01 0.2562878E-01 0.7033069E-02 0.2869786E-01
 -0.0000  0.0000 -0.0000  0.0000  0.0000 -0.0000  0.0000 -0.0000  0.0000 -0.0000 -0.0000 -0.0000 -0.0000 -0.0000  0.0000  0.0000 -0.0000 -0.0000  0.0000 -0.0000 -0.0000 -0.0000 -0.0000 -0.0000 -0.0000 -0.0000 -0.0000 -0.0000 -0.0000 -0.0000 -0.0000 -0.0000 -0.0000 -0.0000 -0.0000 -0.0000 -0.0000 -0.0000 -0.0000 -0.0000 -0.0000 -0.0000 -0.0000 -0.0000 -0.0000 -0.0000 -0.0000 -0.0000 -0.0000 -0.0000 -0.0000 -0.0000 -0.0000 -0.0000 -0.0000  0.0000 -0.0000  0.0000  0.0000  0.0000 -0.0000 -0.0000  0.0000 -0.0000  0.0000 -0.0000  0.0000 -0.0000 -0.0005 -0.0003  0.0008 -0.0009 -0.0022 -0.0032 -0.0008  0.0031 -0.0017  0.0032 -0.0011  0.0027 -0.0143 -0.0015  0.0064 -0.0028  0.0281 -0.0384 -0.0078 -0.0544 -0.0360  0.0159  0.0098  0.0093  0.0126  0.0372 -0.0028 -0.0174 -0.0785  0.0019 -0.0382
 0.2650000E-01 0.1940701E+03 0.3600000E+02 0.7918491E+01 0.2225197E-01 0.5672094E-02 0.2485408E-01
 -0.0000  0.0000 -0.0000  0.0000  0.0000 -0.0000  0.0000 -0.0000  0.0000 -0.0000 -0.0000 -0.0000 -0.0000 -0.0000  0.0000  0.0000  0.0000 -0.0000  0.0000 -0.0000 -0.0000 -0.0000 -0.0000 -0.0000 -0.0000 -0.0000 -0.0000 -0.0000 -0.0000 -0.0000 -0.0000 -0.0000 -0.0000 -0.0000 -0.0000 -0.0000 -0.0000 -0.0000 -0.0000 -0.0000 -0.0000 -0.0000 -0.0000 -0.0000 -0.0000 -0.0000 -0.0000 -0.0000 -0.0000 -0.0000 -0.0000 -0.0000 -0.0000 -0.0000 -0.0000 -0.0000 -0.0000 -0.0000  0.0000  0.0000 -0.0000 -0.0000  0.0000 -0.0000  0.0000 -0.0000  0.0000 -0.0000 -0.0007 -0.0006  0.0005 -0.0002 -0.0021 -0.0017  0.0006  0.0017 -0.0017  0.0039 -0.0001  0.0041 -0.0139 -0.0040  0.0033 -0.0028  0.0211 -0.0320 -0.0076 -0.0373 -0.0271  0.0073  0.0110 -0.0002  0.0375  0.0130 -0.0083 -0.0171 -0.0823 -0.0224 -0.0330
 0.3150000E-01 0.1632653E+03 0.3600000E+02 0.7438653E+01 0.2160769E-01 0.5983092E-02 0.2411552E-01
 -0.0000  0.0000 -0.0000  0.0000  0.0000 -0.0000  0.0000 -0.0000  0.0000 -0.0000 -0.0000 -0.0000  0.0000 -0.0000  0.0000  0.0000  0.0000 -0.0000  0.0000 -0.0000 -0.0000 -0.0000 -0.0000 -0.0000 -0.0000 -0.0000 -0.0000 -0.0000 -0.0000 -0.0000 -0.0000 -0.0000 -0.0000 -0.0000 -0.0000 -0.0000 -0.0000 -0.0000 -0.0000 -0.0000 -0.0000 -0.0000 -0.0000 -0.0000 -0.0000 -0.0000 -0.0000 -0.0000 -0.0000 -0.0000 -0.0000 -0.0000 -0.0000 -0.0000 -0.0000 -0.0000 -0.0000  0.0000  0.0000  0.0000 -0.0000 -0.0000  0.0000 -0.0000  0.0000  0.0000  0.0000 -0.0000 -0.0005 -0.0004  0.0012  0.0001 -0.0015 -0.0011 -0.0000  0.0013 -0.0032  0.0023 -0.0016 -0.0002 -0.0132 -0.0030  0.0045 -0.0019  0.0224 -0.0259 -0.0069 -0.0399 -0.0229  0.0100  0.0077  0.0210  0.0285  0.0326  0.0043 -0.0272 -0.0786 -0.0136 -0.0329
 0.3650000E-01 0.1409002E+03 0.3600000E+02 0.6937184E+01 0.2093942E-01 0.6421170E-02 0.2340950E-01
 -0.0000  0.0000 -0.0000  0.0000 -0.0000  0.0000 -0.0000 -0.0000  0.0000  0.0000 -0.0000 -0.0000  0.0000 -0.0000 -0.0000 -0.0000  0.0000 -0.0000  0.0000  0.0000 -0.0000 -0.0000 -0.0000 -0.0000 -0.0000 -0.0000 -0.0000 -0.0000 -0.0000 -0.0000 -0.0000 -0.0000 -0.0000 -0.0000 -0.0000 -0.0000 -0.0000 -0.0000 -0.0000 -0.0000 -0.0000 -0.0000 -0.0000 -0.0000 -0.0000 -0.0000 -0.0000 -0.0000 -0.0000 -0.0000 -0.0000 -0.0000 -0.0000 -0.0000 -0.0000  0.0000 -0.0000 -0.0000  0.0000 -0.0000  0.0000 -0.0000  0.0000  0.0000  0.0000  0.0000 -0.0000  0.0000 -0.0001 -0.0009  0.0013  0.0005 -0.0012 -0.0017  0.0000  0.0011 -0.0033  0.0037 -0.0013 -0.0018 -0.0148 -0.0034  0.0033 -0.0061  0.0208 -0.0284 -0.0052 -0.0416 -0.0227  0.0003  0.0237  0.0031  0.0112  0.0417 -0.0045 -0.0196 -0.0810 -0.0113 -0.0291
 0.4200000E-01 0.1224490E+03 0.3600000E+02 0.6475083E+01 0.1851398E-01 0.4826016E-02 0.2061101E-01
 -0.0000  0.0000 -0.0000  0.0000  0.0000 -0.0000  0.0000 -0.0000  0.0000 -0.0000 -0.0000 -0.0000  0.0000 -0.0000  0.0000  0.0000  0.0000  0.0000  0.0000 -0.0000 -0.0000 -0.0000 -0.0000 -0.0000 -0.0000 -0.0000 -0.0000 -0.0000 -0.0000 -0.0000 -0.0000 -0.0000 -0.0000 -0.0000 -0.0000 -0.0000 -0.0000 -0.0000 -0.0000 -0.0000 -0.0000 -0.0000 -0.0000 -0.0000 -0.0000 -0.0000 -0.0000 -0.0000 -0.0000 -0.0000 -0.0000 -0.0000 -0.0000 -0.0000 -0.0000  0.0000 -0.0000 -0.0000  0.0000  0.0000 -0.0000 -0.0000  0.0000 -0.0000  0.0000  0.0000  0.0000 -0.0000 -0.0004 -0.0004  0.0018  0.0010 -0.0011 -0.0011  0.0004  0.0015 -0.0046  0.0026 -0.0007 -0.0015 -0.0162 -0.0033  0.0030 -0.0046  0.0161 -0.0359 -0.0105 -0.0416 -0.0301  0.0034  0.0033  0.0053  0.0081  0.0324 -0.0008 -0.0210 -0.0779 -0.0194 -0.0361
 0.4800000E-01 0.1071429E+03 0.3600000E+02 0.5904881E+01 0.1743693E-01 0.4923118E-02 0.1944951E-01
 -0.0000  0.0000 -0.0000  0.0000  0.0000 -0.0000  0.0000 -0.0000  0.0000 -0.0000 -0.0000 -0.0000  0.0000 -0.0000  0.0000  0.0000  0.0000 -0.0000  0.0000 -0.0000 -0.0000 -0.0000 -0.0000 -0.0000 -0.0000 -0.0000 -0.0000 -0.0000 -0.0000 -0.0000 -0.0000 -0.0000 -0.0000 -0.0000 -0.0000 -0.0000 -0.0000 -0.0000 -0.0000 -0.0000 -0.0000 -0.0000 -0.0000 -0.0000 -0.0000 -0.0000 -0.0000 -0.0000 -0.0000 -0.0000 -0.0000 -0.0000 -0.0000 -0.0000 -0.0000  0.0000 -0.0000 -0.0000  0.0000 -0.0000 -0.0000 -0.0000  0.0000 -0.0000  0.0000  0.0000 -0.0000 -0.0000 -0.0004 -0.0006  0.0013  0.0007 -0.0015 -0.0011  0.0004  0.0012 -0.0033  0.0020 -0.0004 -0.0036 -0.0139 -0.0052  0.0036 -0.0071  0.0171 -0.0359  0.0037 -0.0421 -0.0317  0.0047  0.0086  0.0051  0.0111  0.0282 -0.0139 -0.0306 -0.0798 -0.0156 -0.0295
 0.5400000E-01 0.9523809E+02 0.3600000E+02 0.5440612E+01 0.1675856E-01 0.4135389E-02 0.1844391E-01
 -0.0000  0.0000 -0.0000  0.0000  0.0000 -0.0000  0.0000 -0.0000  0.0000  0.0000 -0.0000 -0.0000  0.0000 -0.0000  0.0000  0.0000  0.0000  0.0000  0.0000 -0.0000 -0.0000 -0.0000 -0.0000 -0.0000 -0.0000 -0.0000 -0.0000 -0.0000 -0.0000 -0.0000 -0.0000 -0.0000 -0.0000 -0.0000 -0.0000 -0.0000 -0.0000 -0.0000 -0.0000 -0.0000 -0.0000 -0.0000 -0.0000 -0.0000 -0.0000 -0.0000 -0.0000 -0.0000 -0.0000 -0.0000 -0.0000 -0.0000 -0.0000 -0.0000 -0.0000  0.0000 -0.0000 -0.0000  0.0000 -0.0000 -0.0000 -0.0000  0.0000 -0.0000  0.0000  0.0000  0.0000 -0.0000 -0.0004 -0.0007  0.0022  0.0008 -0.0010 -0.0014  0.0001  0.0016 -0.0038  0.0021 -0.0011 -0.0035 -0.0135 -0.0041  0.0028 -0.0079  0.0194 -0.0338 -0.0134 -0.0459 -0.0314  0.0091  0.0099 -0.0039  0.0063  0.0300  0.0042 -0.0168 -0.0820 -0.0034 -0.0314
 0.6050000E-01 0.8500591E+02 0.3600000E+02 0.5014553E+01 0.1480300E-01 0.3973972E-02 0.1622075E-01
 -0.0000  0.0000 -0.0000  0.0000 -0.0000  0.0000 -0.0000 -0.0000  0.0000  0.0000 -0.0000 -0.0000  0.0000 -0.0000 -0.0000 -0.0000  0.0000  0.0000  0.0000  0.0000 -0.0000 -0.0000 -0.0000 -0.0000 -0.0000 -0.0000 -0.0000 -0.0000 -0.0000 -0.0000 -0.0000 -0.0000 -0.0000 -0.0000 -0.0000 -0.0000 -0.0000 -0.0000 -0.0000 -0.0000 -0.0000 -0.0000 -0.0000 -0.0000 -0.0000 -0.0000 -0.0000 -0.0000 -0.0000 -0.0000 -0.0000 -0.0000 -0.0000 -0.0000 -0.0000  0.0000 -0.0000 -0.0000 -0.0000 -0.0000  0.0000 -0.0000  0.0000  0.0000  0.0000  0.0000 -0.0000  0.0000  0.0000 -0.0008  0.0019  0.0011 -0.0006 -0.0006  0.0006  0.0006 -0.0051  0.0016 -0.0005 -0.0057 -0.0137 -0.0039  0.0022 -0.0079  0.0138 -0.0310 -0.0001 -0.0371 -0.0227  0.0004  0.0133 -0.0015  0.0021  0.0264 -0.0088 -0.0152 -0.0786 -0.0054 -0.0211
 0.6800000E-01 0.7563025E+02 0.3600000E+02 0.4490749E+01 0.1279197E-01 0.3441339E-02 0.1408001E-01
 -0.0000  0.0000 -0.0000  0.0000  0.0000 -0.0000 -0.0000 -0.0000  0.0000  0.0000 -0.0000 -0.0000  0.0000 -0.0000 -0.0000 -0.0000  0.0000  0.0000  0.0000 -0.0000 -0.0000 -0.0000 -0.0000 -0.0000 -0.0000 -0.0000 -0.0000 -0.0000 -0.0000 -0.0000 -0.0000 -0.0000 -0.0000 -0.0000 -0.0000 -0.0000 -0.0000 -0.0000 -0.0000 -0.0000 -0.0000 -0.0000 -0.0000 -0.0000 -0.0000 -0.0000 -0.0000 -0.0000 -0.0000 -0.0000 -0.0000 -0.0000 -0.0000 -0.0000 -0.0000  0.0000 -0.0000 -0.0000 -0.0000 -0.0000  0.0000 -0.0000  0.0000  0.0000  0.0000  0.0000  0.0000  0.0000 -0.0002 -0.0008  0.0021  0.0013 -0.0004 -0.0002  0.0009  0.0004 -0.0053  0.0007 -0.0001 -0.0060 -0.0125 -0.0043  0.0023 -0.0084  0.0108 -0.0262 -0.0027 -0.0345 -0.0267  0.0083  0.0122 -0.0046  0.0150  0.0221 -0.0021 -0.0157 -0.0807  0.0060 -0.0225
 0.7650000E-01 0.6722689E+02 0.3600000E+02 0.4016174E+01 0.1174472E-01 0.3004088E-02 0.1284612E-01
 -0.0000  0.0000 -0.0000  0.0000  0.0000 -0.0000  0.0000 -0.0000  0.0000  0.0000 -0.0000 -0.0000  0.0000 -0.0000  0.0000  0.0000  0.0000  0.0000  0.0000 -0.0000 -0.0000 -0.0000 -0.0000 -0.0000 -0.0000 -0.0000 -0.0000 -0.0000 -0.0000 -0.0000 -0.0000 -0.0000 -0.0000 -0.0000 -0.0000 -0.0000 -0.0000 -0.0000 -0.0000 -0.0000 -0.0000 -0.0000 -0.0000 -0.0000 -0.0000 -0.0000 -0.0000 -0.0000 -0.0000 -0.0000 -0.0000 -0.0000 -0.0000 -0.0000 -0.0000 -0.0000 -0.0000 -0.0000 -0.0000 -0.0000 -0.0000 -0.0000  0.0000 -0.0000  0.0000  0.0000  0.0000 -0.0000 -0.0006 -0.0006  0.0021  0.0017 -0.0005  0.0004  0.0012  0.0001 -0.0046  0.0001  0.0005 -0.0064 -0.0126 -0.0048  0.0036 -0.0068  0.0121 -0.0245  0.0011 -0.0280 -0.0234  0.0013  0.0068  0.0083  0.0153  0.0322 -0.0026 -0.0346 -0.0751 -0.0097 -0.0219
 0.8600000E-01 0.5980066E+02 0.3600000E+02 0.3558677E+01 0.1034656E-01 0.2543552E-02 0.1130091E-01
 -0.0000  0.0000 -0.0000  0.0000 -0.0000  0.0000 -0.0000 -0.0000  0.0000  0.0000 -0.0000 -0.0000  0.0000 -0.0000 -0.0000 -0.0000  0.0000  0.0000  0.0000 -0.0000 -0.0000 -0.0000 -0.0000 -0.0000 -0.0000 -0.0000 -0.0000 -0.0000 -0.0000 -0.0000 -0.0000 -0.0000 -0.0000 -0.0000 -0.0000 -0.0000 -0.0000 -0.0000 -0.0000 -0.0000 -0.0000 -0.0000 -0.0000 -0.0000 -0.0000 -0.0000 -0.0000 -0.0000 -0.0000 -0.0000 -0.0000 -0.0000 -0.0000 -0.0000 -0.0000  0.0000 -0.0000 -0.0000 -0.0000 -0.0000  0.0000 -0.0000  0.0000  0.0000  0.0000  0.0000 -0.0000  0.0000 -0.0002 -0.0011  0.0026  0.0013 -0.0004 -0.0006  0.0008  0.0005 -0.0047  0.0016 -0.0009 -0.0066 -0.0132 -0.0033  0.0020 -0.0081  0.0145 -0.0297 -0.0170 -0.0284 -0.0187  0.0053  0.0129 -0.0023  0.0094  0.0181 -0.0009 -0.0283 -0.0793 -0.0133 -0.0213
 0.9650000E-01 0.5329385E+02 0.3600000E+02 0.3132904E+01 0.9305157E-02 0.2243214E-02 0.1013575E-01
 -0.0000  0.0000 -0.0000  0.0000  0.0000 -0.0000  0.0000 -0.0000  0.0000  0.0000 -0.0000 -0.0000  0.0000 -0.0000  0.0000  0.0000  0.0000  0.0000  0.0000 -0.0000 -0.0000 -0.0000 -0.0000 -0.0000 -0.0000 -0.0000 -0.0000 -0.0000 -0.0000 -0.0000 -0.0000 -0.0000 -0.0000 -0.0000 -0.0000 -0.0000 -0.0000 -0.0000 -0.0000 -0.0000 -0.0000 -0.0000 -0.0000 -0.0000 -0.0000 -0.0000 -0.0000 -0.0000 -0.0000 -0.0000 -0.0000 -0.0000 -0.0000 -0.0000 -0.0000 -0.0000 -0.0000  0.0000  0.0000  0.0000 -0.0000 -0.0000  0.0000 -0.0000  0.0000  0.0000  0.0000 -0.0000 -0.0006 -0.0004  0.0023  0.0011  0.0003  0.0001  0.0016 -0.0003 -0.0049 -0.0006  0.0010 -0.0056 -0.0115 -0.0046 -0.0004 -0.0068  0.0149 -0.0252 -0.0003 -0.0294 -0.0223  0.0065  0.0116  0.0021  0.0111  0.0231 -0.0006 -0.0313 -0.0820  0.0015 -0.0172
 0.1080000E+00 0.4761905E+02 0.3600000E+02 0.2733980E+01 0.8504842E-02 0.2070991E-02 0.9243794E-02
 -0.0000  0.0000 -0.0000  0.0000  0.0000 -0.0000  0.0000 -0.0000  0.0000  0.0000 -0.0000 -0.0000  0.0000 -0.0000  0.0000  0.0000  0.0000  0.0000  0.0000 -0.0000 -0.0000 -0.0000 -0.0000 -0.0000 -0.0000 -0.0000 -0.0000 -0.0000 -0.0000 -0.0000 -0.0000 -0.0000 -0.0000 -0.0000 -0.0000 -0.0000 -0.0000 -0.0000 -0.0000 -0.0000 -0.0000 -0.0000 -0.0000 -0.0000 -0.0000 -0.0000 -0.0000 -0.0000 -0.0000 -0.0000 -0.0000 -0.0000 -0.0000 -0.0000 -0.0000  0.0000 -0.0000  0.0000  0.0000  0.0000 -0.0000 -0.0000  0.0000 -0.0000  0.0000  0.0000  0.0000  0.0000 -0.0004 -0.0006  0.0028  0.0009  0.0000 -0.0004  0.0016  0.0003 -0.0051 -0.0001  0.0007 -0.0043 -0.0126 -0.0030  0.0041 -0.0081  0.0165 -0.0306 -0.0191 -0.0230 -0.0189  0.0074  0.0109  0.0020  0.0065  0.0141  0.0033 -0.0419 -0.0761 -0.0240 -0.0222
 0.1210000E+00 0.4250295E+02 0.3600000E+02 0.2375139E+01 0.7168725E-02 0.1627997E-02 0.7816126E-02
 -0.0000  0.0000 -0.0000  0.0000  0.0000 -0.0000 -0.0000 -0.0000  0.0000 -0.0000 -0.0000 -0.0000  0.0000 -0.0000  0.0000  0.0000  0.0000 -0.0000  0.0000 -0.0000 -0.0000 -0.0000 -0.0000 -0.0000 -0.0000 -0.0000 -0.0000 -0.0000 -0.0000 -0.0000 -0.0000 -0.0000 -0.0000 -0.0000 -0.0000 -0.0000 -0.0000 -0.0000 -0.0000 -0.0000 -0.0000 -0.0000 -0.0000 -0.0000 -0.0000 -0.0000 -0.0000 -0.0000 -0.0000 -0.0000 -0.0000 -0.0000 -0.0000 -0.0000 -0.0000  0.0000 -0.0000 -0.0000  0.0000 -0.0000 -0.0000 -0.0000  0.0000 -0.0000  0.0000  0.0000  0.0000 -0.0000 -0.0000  0.0002  0.0014  0.0011 -0.0002 -0.0000  0.0020  0.0003 -0.0041  0.0009  0.0021 -0.0054 -0.0115 -0.0023  0.0018 -0.0079  0.0101 -0.0374 -0.0006 -0.0160 -0.0258  0.0103  0.0151  0.0041  0.0060  0.0074 -0.0037 -0.0364 -0.0850 -0.0190 -0.0211
 0.1365000E+00 0.3767661E+02 0.3600000E+02 0.2014759E+01 0.5867392E-02 0.1487674E-02 0.6467116E-02
 -0.0000  0.0000 -0.0000  0.0000  0.0000 -0.0000  0.0000 -0.0000  0.0000 -0.0000 -0.0000 -0.0000  0.0000 -0.0000  0.0000  0.0000  0.0000  0.0000  0.0000 -0.0000 -0.0000 -0.0000 -0.0000 -0.0000 -0.0000 -0.0000 -0.0000 -0.0000 -0.0000 -0.0000 -0.0000 -0.0000 -0.0000 -0.0000 -0.0000 -0.0000 -0.0000 -0.0000 -0.0000 -0.0000 -0.0000 -0.0000 -0.0000 -0.0000 -0.0000 -0.0000 -0.0000 -0.0000 -0.0000 -0.0000 -0.0000 -0.0000 -0.0000 -0.0000 -0.0000 -0.0000 -0.0000  0.0000  0.0000  0.0000 -0.0000 -0.0000  0.0000 -0.0000  0.0000  0.0000  0.0000 -0.0000 -0.0004  0.0000  0.0019  0.0004 -0.0001  0.0007  0.0031 -0.0003 -0.0044  0.0001  0.0018 -0.0055 -0.0108  0.0001  0.0021 -0.0081  0.0154 -0.0291 -0.0121 -0.0105 -0.0115  0.0085  0.0152  0.0143  0.0090  0.0147  0.0113 -0.0281 -0.0945 -0.0082 -0.0180
 0.1550000E+00 0.3317972E+02 0.3600000E+02 0.1673409E+01 0.5076380E-02 0.1324607E-02 0.5575822E-02
 -0.0000  0.0000 -0.0000  0.0000  0.0000 -0.0000  0.0000 -0.0000 -0.0000 -0.0000 -0.0000 -0.0000  0.0000 -0.0000  0.0000  0.0000  0.0000 -0.0000  0.0000 -0.0000 -0.0000 -0.0000 -0.0000 -0.0000 -0.0000 -0.0000 -0.0000 -0.0000 -0.0000 -0.0000 -0.0000 -0.0000 -0.0000 -0.0000 -0.0000 -0.0000 -0.0000 -0.0000 -0.0000 -0.0000 -0.0000 -0.0000 -0.0000 -0.0000 -0.0000 -0.0000 -0.0000 -0.0000 -0.0000 -0.0000 -0.0000 -0.0000 -0.0000 -0.0000 -0.0000 -0.0000 -0.0000  0.0000  0.0000  0.0000 -0.0000 -0.0000  0.0000 -0.0000  0.0000  0.0000  0.0000 -0.0000 -0.0004  0.0001  0.0023  0.0002 -0.0001  0.0014  0.0032 -0.0000 -0.0047 -0.0013  0.0033 -0.0031 -0.0119 -0.0015  0.0032 -0.0067  0.0201 -0.0277  0.0010 -0.0235 -0.0184  0.0037  0.0088  0.0049 -0.0063  0.0139  0.0077 -0.0386 -0.0906 -0.0097 -0.0144
 0.1770000E+00 0.2905569E+02 0.3600000E+02 0.1377904E+01 0.4103580E-02 0.1037939E-02 0.4532280E-02
 -0.0000 -0.0000 -0.0000  0.0000  0.0000 -0.0000  0.0000 -0.0000 -0.0000 -0.0000 -0.0000 -0.0000 -0.0000 -0.0000  0.0000  0.0000  0.0000 -0.0000  0.0000 -0.0000 -0.0000 -0.0000 -0.0000 -0.0000 -0.0000 -0.0000 -0.0000 -0.0000 -0.0000 -0.0000 -0.0000 -0.0000 -0.0000 -0.0000 -0.0000 -0.0000 -0.0000 -0.0000 -0.0000 -0.0000 -0.0000 -0.0000 -0.0000 -0.0000 -0.0000 -0.0000 -0.0000 -0.0000 -0.0000 -0.0000 -0.0000 -0.0000 -0.0000 -0.0000 -0.0000 -0.0000 -0.0000  0.0000  0.0000  0.0000 -0.0000 -0.0000  0.0000 -0.0000  0.0000 -0.0000  0.0000 -0.0000 -0.0006  0.0006  0.0013  0.0001 -0.0007  0.0006  0.0035 -0.0007 -0.0029 -0.0008  0.0035 -0.0041 -0.0103 -0.0006  0.0046 -0.0078  0.0210 -0.0286  0.0010 -0.0169 -0.0161  0.0134  0.0122  0.0084  0.0045 -0.0018  0.0054 -0.0393 -0.0983 -0.0029 -0.0103
 0.2040000E+00 0.2521008E+02 0.3600000E+02 0.1102483E+01 0.3287665E-02 0.7502217E-03 0.3640332E-02
 -0.0000 -0.0000 -0.0000  0.0000  0.0000 -0.0000  0.0000 -0.0000  0.0000 -0.0000 -0.0000  0.0000 -0.0000 -0.0000  0.0000  0.0000 -0.0000 -0.0000  0.0000 -0.0000 -0.0000 -0.0000 -0.0000 -0.0000 -0.0000 -0.0000 -0.0000 -0.0000 -0.0000 -0.0000 -0.0000 -0.0000 -0.0000 -0.0000 -0.0000 -0.0000 -0.0000 -0.0000 -0.0000 -0.0000 -0.0000 -0.0000 -0.0000 -0.0000 -0.0000 -0.0000 -0.0000 -0.0000 -0.0000 -0.0000 -0.0000 -0.0000 -0.0000 -0.0000 -0.0000 -0.0000 -0.0000  0.0000  0.0000  0.0000 -0.0000 -0.0000  0.0000 -0.0000  0.0000 -0.0000  0.0000 -0.0000 -0.0007  0.0014  0.0010  0.0010  0.0004  0.0013  0.0036 -0.0018 -0.0026 -0.0017  0.0028 -0.0062 -0.0076  0.0013  0.0029 -0.0079  0.0231 -0.0135  0.0052 -0.0082 -0.0044 -0.0006  0.0153  0.0230  0.0030  0.0293  0.0169 -0.0524 -0.0984 -0.0041 -0.0080
 0.2385000E+00 0.2156334E+02 0.3600000E+02 0.8386942E+00 0.2542472E-02 0.6156372E-03 0.2810607E-02
 -0.0000 -0.0000 -0.0000  0.0000  0.0000 -0.0000  0.0000  0.0000 -0.0000 -0.0000 -0.0000  0.0000 -0.0000 -0.0000  0.0000  0.0000 -0.0000 -0.0000  0.0000 -0.0000 -0.0000 -0.0000 -0.0000 -0.0000 -0.0000 -0.0000 -0.0000 -0.0000 -0.0000 -0.0000 -0.0000 -0.0000 -0.0000 -0.0000 -0.0000 -0.0000 -0.0000 -0.0000 -0.0000 -0.0000 -0.0000 -0.0000 -0.0000 -0.0000 -0.0000 -0.0000 -0.0000 -0.0000 -0.0000 -0.0000 -0.0000 -0.0000 -0.0000 -0.0000 -0.0000 -0.0000 -0.0000  0.0000  0.0000  0.0000 -0.0000 -0.0000  0.0000 -0.0000  0.0000 -0.0000  0.0000 -0.0000 -0.0001  0.0015  0.0009  0.0002 -0.0009  0.0002  0.0039 -0.0007 -0.0008  0.0005  0.0023 -0.0037 -0.0058  0.0040  0.0035 -0.0095  0.0235 -0.0286 -0.0175 -0.0048 -0.0072  0.0075 -0.0062  0.0137  0.0022 -0.0025  0.0193 -0.0331 -0.1046 -0.0098 -0.0164
 0.2850000E+00 0.1804511E+02 0.3600000E+02 0.6078175E+00 0.1859350E-02 0.4767072E-03 0.2242143E-02
 -0.0000 -0.0000 -0.0000  0.0000  0.0000 -0.0000  0.0000  0.0000 -0.0000 -0.0000 -0.0000  0.0000 -0.0000 -0.0000  0.0000  0.0000 -0.0000 -0.0000  0.0000 -0.0000 -0.0000 -0.0000 -0.0000 -0.0000 -0.0000 -0.0000 -0.0000 -0.0000 -0.0000 -0.0000 -0.0000 -0.0000 -0.0000 -0.0000 -0.0000 -0.0000 -0.0000 -0.0000 -0.0000 -0.0000 -0.0000 -0.0000 -0.0000 -0.0000 -0.0000 -0.0000 -0.0000 -0.0000 -0.0000 -0.0000 -0.0000 -0.0000 -0.0000 -0.0000 -0.0000 -0.0000 -0.0000  0.0000  0.0000  0.0000 -0.0000 -0.0000  0.0000 -0.0000  0.0000 -0.0000  0.0000 -0.0000 -0.0007  0.0016 -0.0001 -0.0015 -0.0027 -0.0002  0.0036 -0.0005 -0.0010  0.0003  0.0026  0.0005 -0.0086  0.0055  0.0037 -0.0119  0.0459 -0.0366 -0.0024 -0.0436 -0.0239  0.0146  0.0131  0.0042 -0.0066  0.0056  0.0128 -0.0618 -0.1581 -0.0037 -0.0256
 0.3515000E+00 0.1463117E+02 0.3600000E+02 0.4061145E+00 0.1235817E-02 0.2534588E-03 0.1500658E-02
 -0.0000 -0.0000 -0.0000  0.0000  0.0000 -0.0000  0.0000  0.0000 -0.0000 -0.0000  0.0000  0.0000 -0.0000 -0.0000  0.0000  0.0000 -0.0000 -0.0000 -0.0000 -0.0000 -0.0000 -0.0000 -0.0000 -0.0000 -0.0000 -0.0000 -0.0000 -0.0000 -0.0000 -0.0000 -0.0000 -0.0000 -0.0000 -0.0000 -0.0000 -0.0000 -0.0000 -0.0000 -0.0000 -0.0000 -0.0000 -0.0000 -0.0000 -0.0000 -0.0000 -0.0000 -0.0000 -0.0000 -0.0000 -0.0000 -0.0000 -0.0000 -0.0000 -0.0000 -0.0000  0.0000  0.0000  0.0000  0.0000  0.0000 -0.0000 -0.0000 -0.0000 -0.0000  0.0000 -0.0000  0.0000 -0.0000 -0.0002  0.0012 -0.0007 -0.0021 -0.0037 -0.0023  0.0036  0.0014  0.0019  0.0049 -0.0002  0.0054 -0.0060  0.0100  0.0031 -0.0093  0.0481 -0.0395 -0.0365 -0.0380 -0.0086  0.0172  0.0241  0.0003 -0.0146 -0.0031  0.0029 -0.0771 -0.1584 -0.0194 -0.0217
 0.4575000E+00 0.1124122E+02 0.3600000E+02 0.2360468E+00 0.7339608E-03 0.1666078E-03 0.8864446E-03
 -0.0000 -0.0000 -0.0000  0.0000  0.0000 -0.0000  0.0000  0.0000 -0.0000 -0.0000  0.0000  0.0000 -0.0000 -0.0000  0.0000  0.0000 -0.0000 -0.0000 -0.0000 -0.0000 -0.0000 -0.0000 -0.0000 -0.0000 -0.0000 -0.0000 -0.0000 -0.0000 -0.0000 -0.0000 -0.0000 -0.0000 -0.0000 -0.0000 -0.0000 -0.0000 -0.0000 -0.0000 -0.0000 -0.0000 -0.0000 -0.0000 -0.0000 -0.0000 -0.0000 -0.0000 -0.0000 -0.0000 -0.0000 -0.0000 -0.0000 -0.0000 -0.0000 -0.0000 -0.0000 -0.0000  0.0000 -0.0000  0.0000  0.0000 -0.0000  0.0000 -0.0000 -0.0000 -0.0000 -0.0000  0.0000 -0.0000 -0.0005  0.0018 -0.0040 -0.0030 -0.0045 -0.0041  0.0013  0.0012  0.0051  0.0055 -0.0017  0.0063  0.0041  0.0157  0.0061 -0.0125  0.0409 -0.0197  0.0093 -0.0351 -0.0295  0.0051 -0.0111 -0.0001  0.0001  0.0210  0.0180 -0.0541 -0.1718  0.0220 -0.0258
 0.6095000E+00 0.8437830E+01 0.3600000E+02 0.1211030E+00 0.4673140E-03 0.1592829E-03 0.5606487E-03
  0.0000 -0.0000  0.0000 -0.0000 -0.0000  0.0000 -0.0000  0.0000 -0.0000  0.0000  0.0000  0.0000 -0.0000  0.0000 -0.0000 -0.0000 -0.0000 -0.0000 -0.0000  0.0000 -0.0000 -0.0000 -0.0000 -0.0000 -0.0000 -0.0000 -0.0000 -0.0000 -0.0000 -0.0000 -0.0000 -0.0000 -0.0000 -0.0000 -0.0000 -0.0000 -0.0000 -0.0000 -0.0000 -0.0000 -0.0000 -0.0000 -0.0000 -0.0000 -0.0000 -0.0000 -0.0000 -0.0000 -0.0000 -0.0000 -0.0000 -0.0000 -0.0000 -0.0000 -0.0000  0.0000  0.0000 -0.0000 -0.0000 -0.0000  0.0000  0.0000 -0.0000  0.0000 -0.0000 -0.0000 -0.0000  0.0000  0.0015 -0.0039 -0.0070 -0.0049 -0.0062 -0.0086 -0.0043  0.0037  0.0117  0.0102 -0.0116  0.0217  0.0150  0.0184  0.0060 -0.0089  0.0433 -0.0053 -0.0097 -0.0446 -0.0109  0.0198  0.0361 -0.0107 -0.0177 -0.0092  0.0132 -0.0815 -0.1823 -0.0033 -0.0029
 0.8065000E+00 0.6376760E+01 0.3600000E+02 0.6175921E-01 0.2939006E-03 0.9603786E-04 0.3390799E-03
  0.0000  0.0000  0.0000 -0.0000 -0.0000  0.0000 -0.0000  0.0000 -0.0000  0.0000  0.0000  0.0000 -0.0000  0.0000 -0.0000 -0.0000 -0.0000  0.0000 -0.0000  0.0000 -0.0000 -0.0000 -0.0000 -0.0000 -0.0000 -0.0000 -0.0000 -0.0000 -0.0000 -0.0000 -0.0000 -0.0000 -0.0000 -0.0000 -0.0000 -0.0000 -0.0000 -0.0000 -0.0000 -0.0000 -0.0000 -0.0000 -0.0000 -0.0000 -0.0000 -0.0000 -0.0000 -0.0000 -0.0000 -0.0000 -0.0000 -0.0000 -0.0000 -0.0000 -0.0000  0.0000  0.0000 -0.0000 -0.0000 -0.0000  0.0000  0.0000 -0.0000  0.0000 -0.0000  0.0000 -0.0000  0.0000  0.0015 -0.0088 -0.0088 -0.0095 -0.0078 -0.0158 -0.0133  0.0082  0.0208  0.0106 -0.0215  0.0319  0.0316  0.0147  0.0076 -0.0091  0.0310 -0.0024 -0.0213 -0.0405 -0.0147  0.0142  0.0336 -0.0225 -0.0294  0.0065 -0.0048 -0.0767 -0.1861 -0.0002 -0.0087
 0.1035500E+01 0.4966545E+01 0.3600000E+02 0.3209523E-01 0.2055564E-03 0.5438012E-04 0.2262140E-03
  0.0000  0.0000  0.0000 -0.0000 -0.0000  0.0000 -0.0000  0.0000 -0.0000  0.0000  0.0000  0.0000 -0.0000  0.0000 -0.0000 -0.0000 -0.0000  0.0000 -0.0000  0.0000 -0.0000 -0.0000 -0.0000 -0.0000 -0.0000 -0.0000 -0.0000 -0.0000 -0.0000 -0.0000 -0.0000 -0.0000 -0.0000 -0.0000 -0.0000 -0.0000 -0.0000 -0.0000 -0.0000 -0.0000 -0.0000 -0.0000 -0.0000 -0.0000 -0.0000 -0.0000 -0.0000 -0.0000 -0.0000 -0.0000 -0.0000 -0.0000 -0.0000 -0.0000 -0.0000  0.0000  0.0000 -0.0000 -0.0000 -0.0000  0.0000  0.0000 -0.0000  0.0000 -0.0000  0.0000 -0.0000  0.0000  0.0006 -0.0121 -0.0098 -0.0140 -0.0098 -0.0241 -0.0219  0.0117  0.0326  0.0106 -0.0280  0.0450  0.0446  0.0103  0.0093 -0.0050  0.0196  0.0136 -0.0393 -0.0280 -0.0210  0.0148  0.0219 -0.0399  0.0039 -0.0032 -0.0137 -0.0959 -0.1847 -0.0198 -0.0197
 0.1324500E+01 0.3882867E+01 0.3600000E+02 0.1653556E-01 0.1205716E-03 0.3094952E-04 0.1325204E-03
  0.0000  0.0000  0.0000 -0.0000 -0.0000  0.0000 -0.0000  0.0000 -0.0000  0.0000  0.0000  0.0000 -0.0000  0.0000 -0.0000 -0.0000 -0.0000  0.0000 -0.0000  0.0000 -0.0000 -0.0000 -0.0000 -0.0000 -0.0000 -0.0000 -0.0000 -0.0000 -0.0000 -0.0000 -0.0000 -0.0000 -0.0000 -0.0000 -0.0000 -0.0000 -0.0000 -0.0000 -0.0000 -0.0000 -0.0000 -0.0000 -0.0000 -0.0000 -0.0000 -0.0000 -0.0000 -0.0000 -0.0000 -0.0000 -0.0000 -0.0000 -0.0000 -0.0000 -0.0000  0.0000  0.0000  0.0000  0.0000 -0.0000  0.0000  0.0000 -0.0000  0.0000 -0.0000 -0.0000 -0.0000  0.0000  0.0021 -0.0124 -0.0109 -0.0198 -0.0117 -0.0306 -0.0281  0.0173  0.0364  0.0128 -0.0261  0.0402  0.0547  0.0177  0.0094 -0.0133  0.0211  0.0309 -0.0250 -0.0242 -0.0754 -0.0560  0.0160 -0.0216  0.0040  0.0113 -0.0021 -0.0720 -0.2127 -0.0095 -0.0509
 0.1721500E+01 0.2987428E+01 0.3600000E+02 0.8169791E-02 0.7402804E-04 0.1816596E-04 0.7970522E-04
  0.0000  0.0000  0.0000  0.0000 -0.0000  0.0000  0.0000  0.0000 -0.0000 -0.0000  0.0000  0.0000 -0.0000  0.0000 -0.0000 -0.0000 -0.0000 -0.0000 -0.0000  0.0000 -0.0000 -0.0000 -0.0000 -0.0000 -0.0000 -0.0000 -0.0000 -0.0000 -0.0000 -0.0000 -0.0000 -0.0000 -0.0000 -0.0000 -0.0000 -0.0000 -0.0000 -0.0000 -0.0000 -0.0000 -0.0000 -0.0000 -0.0000 -0.0000 -0.0000 -0.0000 -0.0000 -0.0000 -0.0000 -0.0000 -0.0000 -0.0000 -0.0000 -0.0000 -0.0000  0.0000  0.0000  0.0000  0.0000  0.0000  0.0000  0.0000 -0.0000  0.0000 -0.0000 -0.0000  0.0000  0.0000  0.0027 -0.0065 -0.0119 -0.0234 -0.0159 -0.0336 -0.0299  0.0209  0.0391  0.0088 -0.0131  0.0385  0.0523  0.0176  0.0055 -0.0044  0.0158  0.0345  0.0172 -0.0079 -0.0213 -0.0225  0.0170 -0.0349 -0.0020  0.0474 -0.0256 -0.0402 -0.2470  0.0188 -0.0370
 0.2234500E+01 0.2301570E+01 0.3600000E+02 0.4065175E-02 0.4706439E-04 0.1051164E-04 0.4996981E-04
  0.0000  0.0000  0.0000  0.0000 -0.0000  0.0000  0.0000  0.0000 -0.0000 -0.0000  0.0000  0.0000 -0.0000  0.0000 -0.0000 -0.0000 -0.0000 -0.0000 -0.0000  0.0000 -0.0000 -0.0000 -0.0000 -0.0000 -0.0000 -0.0000 -0.0000 -0.0000 -0.0000 -0.0000 -0.0000 -0.0000 -0.0000 -0.0000 -0.0000 -0.0000 -0.0000 -0.0000 -0.0000 -0.0000 -0.0000 -0.0000 -0.0000 -0.0000 -0.0000 -0.0000 -0.0000 -0.0000 -0.0000 -0.0000 -0.0000 -0.0000 -0.0000 -0.0000 -0.0000  0.0000  0.0000  0.0000  0.0000  0.0000  0.0000  0.0000 -0.0000  0.0000 -0.0000 -0.0000 -0.0000  0.0000  0.0055 -0.0027 -0.0140 -0.0234 -0.0180 -0.0352 -0.0318  0.0247  0.0376  0.0075 -0.0122  0.0329  0.0534  0.0174  0.0006 -0.0020  0.0380  0.0601 -0.0239 -0.0479 -0.0037  0.0109  0.0692 -0.0892 -0.0130 -0.0295 -0.0390 -0.1169 -0.2364 -0.0158 -0.0273
 0.2899500E+01 0.1773705E+01 0.3600000E+02 0.2073476E-02 0.2898425E-04 0.6194382E-05 0.3043284E-04
  0.0000  0.0000  0.0000  0.0000 -0.0000  0.0000  0.0000  0.0000 -0.0000 -0.0000  0.0000  0.0000 -0.0000  0.0000 -0.0000 -0.0000 -0.0000 -0.0000 -0.0000  0.0000 -0.0000 -0.0000 -0.0000 -0.0000 -0.0000 -0.0000 -0.0000 -0.0000 -0.0000 -0.0000 -0.0000 -0.0000 -0.0000 -0.0000 -0.0000 -0.0000 -0.0000 -0.0000 -0.0000 -0.0000 -0.0000 -0.0000 -0.0000 -0.0000 -0.0000 -0.0000 -0.0000 -0.0000 -0.0000 -0.0000 -0.0000 -0.0000 -0.0000 -0.0000 -0.0000  0.0000  0.0000  0.0000  0.0000  0.0000  0.0000  0.0000 -0.0000  0.0000 -0.0000 -0.0000  0.0000  0.0000  0.0054  0.0029 -0.0082 -0.0202 -0.0180 -0.0284 -0.0291  0.0273  0.0341 -0.0031 -0.0068  0.0309  0.0536  0.0203 -0.0004  0.0120  0.0422  0.0951 -0.0103 -0.0067  0.0122 -0.0490 -0.0117 -0.0469  0.0243  0.0095  0.0076 -0.1408 -0.2314 -0.0950 -0.0560
 0.4138500E+01 0.1242686E+01 0.3600000E+02 0.9215121E-03 0.1282927E-04 0.3088115E-05 0.1380423E-04
  0.0000  0.0000  0.0000  0.0000 -0.0000  0.0000  0.0000  0.0000 -0.0000 -0.0000  0.0000  0.0000 -0.0000  0.0000 -0.0000 -0.0000 -0.0000 -0.0000 -0.0000  0.0000 -0.0000 -0.0000 -0.0000 -0.0000 -0.0000 -0.0000 -0.0000 -0.0000 -0.0000 -0.0000 -0.0000 -0.0000 -0.0000 -0.0000 -0.0000 -0.0000 -0.0000 -0.0000 -0.0000 -0.0000 -0.0000 -0.0000 -0.0000 -0.0000 -0.0000 -0.0000 -0.0000 -0.0000 -0.0000 -0.0000 -0.0000 -0.0000 -0.0000 -0.0000 -0.0000  0.0000  0.0000  0.0000  0.0000  0.0000  0.0000  0.0000 -0.0000  0.0000 -0.0000 -0.0000  0.0000 -0.0000  0.0074  0.0093 -0.0115 -0.0163 -0.0222 -0.0228 -0.0238  0.0240  0.0376 -0.0099 -0.0132  0.0179  0.0640  0.0280  0.0037 -0.0024  0.0523  0.1240  0.0335 -0.0297 -0.0069 -0.1466  0.0498 -0.0057 -0.0283  0.0551 -0.0111  0.0416 -0.3226  0.1723 -0.0159
 0.7500000E+01 0.6857143E+00 0.3600000E+02 0.2763638E-03 0.4106995E-05 0.9464437E-06 0.4358714E-05
  0.0000 -0.0000  0.0000 -0.0000 -0.0000  0.0000  0.0000  0.0000 -0.0000 -0.0000  0.0000  0.0000 -0.0000  0.0000 -0.0000 -0.0000 -0.0000 -0.0000 -0.0000  0.0000 -0.0000 -0.0000 -0.0000 -0.0000 -0.0000 -0.0000 -0.0000 -0.0000 -0.0000 -0.0000 -0.0000 -0.0000 -0.0000 -0.0000 -0.0000 -0.0000 -0.0000 -0.0000 -0.0000 -0.0000 -0.0000 -0.0000 -0.0000 -0.0000 -0.0000 -0.0000 -0.0000 -0.0000 -0.0000 -0.0000 -0.0000 -0.0000 -0.0000 -0.0000 -0.0000  0.0000  0.0000 -0.0000  0.0000 -0.0000  0.0000  0.0000 -0.0000  0.0000 -0.0000 -0.0000 -0.0000 -0.0000  0.0074  0.0078 -0.0176 -0.0128 -0.0213 -0.0157 -0.0211  0.0233  0.0377 -0.0211 -0.0200  0.0234  0.0676  0.0309  0.0015  0.0173  0.0703  0.1545  0.0777 -0.0479  0.0429 -0.0790  0.0389 -0.0417  0.0021  0.0967 -0.0288 -0.1674 -0.2522  0.0230 -0.0032
