   20.0000000000    1.0000000000    2.8571429253    3.1223204136    0.0124697434    0.0274517089    0.0301511325
   20.0000000000    3.0000000000    0.9523809552    6.4616775513    0.0178545639    0.0421987474    0.0458205193
   20.0000000000    5.0000000000    0.5714285970    6.5479860306    0.0174983703    0.0398726799    0.0435433537
   20.0000000000    7.0000000000    0.4081632793    5.6468615532    0.0160274431    0.0324995257    0.0362366959
   20.0000000000    9.0000000000    0.3174603283    4.7161188126    0.0155226728    0.0288400650    0.0327521414
   20.0000000000   11.5000000000    0.2484472096    3.7345721722    0.0103311185    0.0215938874    0.0239380039
   20.0000000000   14.5000000000    0.1970443279    2.9007582664    0.0089400904    0.0177863352    0.0199067555
   20.0000000000   18.0000000000    0.1587301642    2.1731274128    0.0063782898    0.0128055206    0.0143060805
   20.0000000000   22.5000000000    0.1269841343    1.5601933002    0.0046735373    0.0095371082    0.0106206583
   20.0000000000   27.5000000000    0.1038961038    1.1159040928    0.0038422092    0.0071037272    0.0080762310
   20.0000000000   33.5000000000    0.0852878466    0.7797465920    0.0024919221    0.0049616564    0.0055522704
   20.0000000000   41.0000000000    0.0696864128    0.5231080055    0.0019686182    0.0037339958    0.0042211590
   20.0000000000   50.0000000000    0.0571428575    0.3386489749    0.0014338276    0.0026137964    0.0029812402
   20.0000000000   60.0000000000    0.0476190485    0.2199403197    0.0011758010    0.0018925186    0.0022280340
   20.0000000000   70.0000000000    0.0408163257    0.1439908743    0.0009669472    0.0011796260    0.0015252882
   20.0000000000   80.0000000000    0.0357142873    0.0961436704    0.0007876760    0.0007859375    0.0011127135
   20.0000000000   95.0000000000    0.0300751887    0.0557014570    0.0003764025    0.0004325717    0.0005734083
   20.0000000000  127.5000000000    0.0224089641    0.0211090166    0.0001474867    0.0001604331    0.0002179246
   20.0000000000  175.0000000000    0.0163265299    0.0059791999    0.0000739513    0.0000552562    0.0000923149
   20.0000000000  550.0000000000    0.0051948051    0.0002379976    0.0000036861    0.0000024137    0.0000044060
