8.286771000000000284e-04 8.732592999999999606e-01 4.773814999999999920e+00 3.353483249949256617e+01 2.531434452085912312e+02 6.417149997600000155e-01
1.121138999999999946e-03 8.198138999999999843e-01 4.952327999999999619e+00 9.081362227497687911e+01 7.849524507583610955e+01 4.736004508920000355e-01
1.554929999999999941e-03 7.783830000000000471e-01 5.377062999999999704e+00 5.985313742839640838e+01 2.918977283642103870e+01 4.176673494979999957e-01
1.606809999999999966e-03 7.942293999999999743e-01 1.039231000000000016e+01 2.781394553291879106e+02 2.236392251196355403e+02 4.853390074469999149e+00
2.089973000000000178e-03 7.268630000000000368e-01 5.582683000000000284e+00 7.666604166086619543e+00 1.416794364183446397e+01 2.697379660799999468e-01
2.167913000000000045e-03 8.614707000000000336e-01 1.233506000000000036e+01 5.193727154250333911e+01 6.373719252381720679e+01 1.871560372035000266e-02
2.900624000000000084e-03 6.933070999999999540e-01 5.758543000000000411e+00 8.804048218724419783e+00 6.017009786971234675e+00 1.316184793710200029e-01
2.936498000000000060e-03 8.132513000000000103e-01 1.247859000000000052e+01 8.493910209169015957e+00 1.969254122730309930e+01 1.227558112113699834e-01
3.949784999999999928e-03 6.555256999999999890e-01 6.010801999999999978e+00 7.112707055245294896e+00 2.788629684453545199e+00 9.660434957043999293e-02
4.013405999999999745e-03 7.645220999999999822e-01 1.342671999999999954e+01 1.173654784071029233e+01 7.003518531419029358e+00 8.079714854374998867e-02
5.329323000000000393e-03 5.976928999999999714e-01 6.184916000000000302e+00 1.300869000470864290e+00 1.604609763581014370e+00 5.623910799388999460e-02
5.423650000000000346e-03 7.459139000000000186e-01 1.484998000000000040e+01 1.975664032310315399e+00 3.216699072691960648e+00 1.409059279477000055e-02
7.443357999999999745e-03 5.354434999999999611e-01 6.324830000000000396e+00 1.054632003992741041e+00 8.730612458096494999e-01 2.571825376417000153e-02
7.539442000000000366e-03 7.081212000000000062e-01 1.620477999999999952e+01 1.082143112994229939e-01 1.385391368795136913e+00 2.346071693472000230e-02
1.016237000000000043e-02 4.752461000000000046e-01 6.471683999999999770e+00 2.879978461501458975e-01 4.529791581528402333e-01 2.410294466699999805e-02
1.026472999999999969e-02 6.759431000000000189e-01 1.818684999999999974e+01 6.552596912219121883e-02 6.018528529724747056e-01 3.051807017924000089e-03
1.379414999999999981e-02 4.260268999999999862e-01 6.554729000000000028e+00 1.474026608098016888e-02 2.694815544923916395e-01 1.553073922424999878e-02
1.392098999999999941e-02 6.463948000000000471e-01 2.045635000000000048e+01 6.667793132222441521e-01 3.129090670251192252e-01 9.460211715509999827e-03
1.475942000000000053e-02 9.236769999999999703e-01 1.074864000000000033e+02 3.849172363007439479e+00 8.563569447797997114e+00 2.223869857096999747e-01
1.917991999999999961e-02 3.708196999999999743e-01 6.636987999999999666e+00 1.597215381775398679e-01 1.720608250532868200e-01 4.371948762104000200e-03
1.934574999999999836e-02 6.114633000000000429e-01 2.339142000000000010e+01 2.391647508851873494e-01 1.676070675695932322e-01 7.958402177750000320e-03
2.020102000000000009e-02 8.556987999999999817e-01 1.152597999999999985e+02 8.231267459022414412e-01 2.063357238380762571e+00 9.040025020088998664e-02
2.621971000000000024e-02 3.217281000000000168e-01 6.711166000000000409e+00 9.345521827755132183e-02 9.070319110861821410e-02 5.005140092003999841e-03
2.644755000000000023e-02 5.806337000000000304e-01 2.657132000000000005e+01 1.426500397616850546e-01 8.309386782281963368e-02 2.947464531227999857e-03
2.716365999999999920e-02 8.328320000000000167e-01 1.224231000000000051e+02 2.294060010249197867e-02 5.490798086507534537e-01 1.988118288627999802e-02
3.567439000000000027e-02 2.790988999999999831e-01 6.789674999999999905e+00 1.334081839120321855e-01 5.252200622315519873e-02 4.447841460366999851e-03
3.593476000000000309e-02 5.462639999999999718e-01 2.988643000000000072e+01 5.150941761363975191e-02 4.269876462184346577e-02 4.354088850384000078e-03
3.673150000000000026e-02 7.910566999999999460e-01 1.294533999999999878e+02 9.320414338382311537e-02 1.867846928709814003e-01 4.821276656654999680e-03
4.904962999999999684e-02 2.374356999999999995e-01 6.834208000000000283e+00 5.575723754587177949e-02 3.599880761754023495e-02 1.951291198947999964e-03
4.942229000000000066e-02 5.088629000000000069e-01 3.333261999999999858e+01 9.475589833732678269e-02 2.597564183175050945e-02 2.723243237560000075e-03
5.039397000000000321e-02 7.526853000000000016e-01 1.396236000000000104e+02 2.204331594448823428e-01 8.161754139825502796e-02 2.566456061466000204e-03
6.784529999999999728e-02 1.941370000000000040e-01 6.869861000000000217e+00 1.250482697680626101e-02 1.856863405160805516e-02 7.091142359877000310e-04
6.830901999999999807e-02 4.671848000000000112e-01 3.660822000000000287e+01 2.886228933486879172e-02 1.178140439478358829e-02 6.880396214700000177e-04
6.933809000000000500e-02 7.176008999999999860e-01 1.520175000000000125e+02 3.803126829923737101e-02 2.712255382750295915e-02 7.095440647800000441e-04
9.227362000000000064e-02 1.581840999999999942e-01 6.920410999999999646e+00 1.738417665730571104e-02 1.043671066230511361e-02 1.111151941831799942e-03
9.284451999999999983e-02 4.235303999999999736e-01 3.928264999999999674e+01 2.129043639996396758e-02 5.934618143362553611e-03 1.050612577474199999e-03
9.404450000000000309e-02 6.817714999999999748e-01 1.655713000000000079e+02 3.230069564794965653e-02 1.058092253863528696e-02 5.662903558339999616e-04
1.229785999999999935e-01 1.364732999999999918e-01 7.285013000000000183e+00 1.315748590266121142e-02 8.520173447935935548e-03 2.097594945158000085e-04
1.247584000000000054e-01 3.815972999999999726e-01 4.178654000000000224e+01 1.150639036556105887e-02 3.904500681691416408e-03 4.424100691999999658e-04
1.261722999999999872e-01 6.469101000000000434e-01 1.819709000000000003e+02 3.768399069188733269e-03 5.734466275240721403e-03 2.784859632520000016e-04
1.336239999999999928e-01 8.987224999999999797e-01 1.101528000000000020e+03 4.489807618984754251e-02 1.629004567307771600e-01 6.036130534109999946e-03
1.731717999999999869e-01 1.149688999999999989e-01 8.234761000000000664e+00 8.988459382317601915e-03 6.175112556262968809e-03 6.069890073104000595e-04
1.765792999999999946e-01 3.305890000000000217e-01 4.398449999999999704e+01 4.235061518178864434e-03 1.863114297968559898e-03 4.593247127409999227e-05
1.783122000000000040e-01 6.112969999999999793e-01 2.070652000000000044e+02 3.059142902562643485e-03 2.111598018439332647e-03 2.704011211847999897e-05
1.867522000000000071e-01 8.583404999999999507e-01 1.122777000000000044e+03 9.110009939188026470e-03 2.227484698087297058e-02 1.309761279864000028e-03
2.239443000000000128e-01 1.016005999999999992e-01 9.190134000000000469e+00 2.801893044213510202e-03 6.635120889584113398e-03 6.800209340400000056e-04
2.405413999999999886e-01 2.861682999999999866e-01 4.571983000000000175e+01 2.448488745488890204e-03 8.593622031160899361e-04 1.745784302484599821e-04
2.423077999999999899e-01 5.773798999999999459e-01 2.331963000000000079e+02 2.207273492507420744e-03 7.933486022652402100e-04 1.085643010368000201e-04
2.504253000000000173e-01 8.430756999999999834e-01 1.192172000000000025e+03 6.516952482786745812e-03 4.629967104430454325e-03 2.099085939120000073e-04
3.173361000000000098e-01 2.435376999999999958e-01 4.732502000000000209e+01 1.624396271253558633e-03 5.553391593072945324e-04 2.806138672743999993e-05
3.178075000000000205e-01 5.359912999999999483e-01 2.553399000000000001e+02 1.124866370138853352e-03 4.275492277561195693e-04 2.472896526374999748e-05
3.226900999999999797e-01 7.965476999999999697e-01 1.240432999999999993e+03 1.573171299167597324e-03 1.728405404583342655e-03 3.557048621811999912e-05
4.550697000000000214e-01 1.870668000000000053e-01 5.015585999999999700e+01 1.180717849189571057e-03 3.009072039350374744e-04 3.541181532276999511e-05
4.599172000000000260e-01 4.592711999999999906e-01 2.825611000000000104e+02 4.429623841014353690e-04 1.769161185046902441e-04 1.123152278213999910e-05
4.692884999999999973e-01 7.429902999999999924e-01 1.328079999999999927e+03 5.086341894119497707e-04 4.252567257913943740e-04 2.070433196712000227e-05
6.202862000000000098e-01 1.597416999999999865e-01 5.563544999999999874e+01 1.594873651074619363e-05 9.333766524496666165e-05 1.197262945763599973e-05
6.264311999999999658e-01 4.103856000000000170e-01 3.078398000000000252e+02 9.670983008889104155e-05 3.850901317819208531e-05 6.116393972727000915e-06
6.358679999999999888e-01 6.935506000000000171e-01 1.415366999999999962e+03 6.772205477889375533e-05 5.952319912712964719e-05 6.143019510203999132e-07
8.178537000000000168e-01 1.367678999999999978e-01 6.113947999999999894e+01 8.815569877484338339e-06 7.867128091631976332e-06 3.720548793040000352e-07
8.240977999999999914e-01 3.642446999999999768e-01 3.295274999999999750e+02 3.327055319695328183e-06 2.134328704543845536e-06 3.165189323451999877e-07
8.325898999999999939e-01 6.518156000000000505e-01 1.513987000000000080e+03 1.494262992810005155e-06 2.261036565095048541e-06 1.844180591796000020e-07
