8.286771000000000284e-04 8.732592999999999606e-01 4.773814999999999920e+00 7.098984127998699023e+01 2.531434452085912312e+02 7.168206697699999186e-01
1.121138999999999946e-03 8.198138999999999843e-01 4.952327999999999619e+00 4.176127784842759638e+01 7.849524507583610955e+01 5.683796607359999919e-01
1.554929999999999941e-03 7.783830000000000471e-01 5.377062999999999704e+00 3.920846363353770414e+01 2.918977283642103870e+01 6.878925749919999610e-01
1.606809999999999966e-03 7.942293999999999743e-01 1.039231000000000016e+01 1.653543062761974625e+02 2.236392251196355403e+02 2.494910220389999544e+00
2.089973000000000178e-03 7.268630000000000368e-01 5.582683000000000284e+00 1.947200225034226051e+01 1.416794364183446397e+01 1.113370609823999963e-01
2.167913000000000045e-03 8.614707000000000336e-01 1.233506000000000036e+01 4.727009552462568109e+01 6.373719252381720679e+01 1.367467745829999970e-01
2.900624000000000084e-03 6.933070999999999540e-01 5.758543000000000411e+00 5.112122376341642571e+00 6.017009786971234675e+00 1.208821510167999991e-01
2.936498000000000060e-03 8.132513000000000103e-01 1.247859000000000052e+01 4.623438110772660536e+00 1.969254122730309930e+01 1.109275405166699896e-01
3.949784999999999928e-03 6.555256999999999890e-01 6.010801999999999978e+00 9.615417674990602848e-01 2.788629684453545199e+00 1.488689027531999998e-01
4.013405999999999745e-03 7.645220999999999822e-01 1.342671999999999954e+01 9.735582959788747104e+00 7.003518531419029358e+00 1.582433580666999795e-01
5.329323000000000393e-03 5.976928999999999714e-01 6.184916000000000302e+00 5.777249100556534067e-01 1.604609763581014370e+00 6.224346711034999674e-02
5.423650000000000346e-03 7.459139000000000186e-01 1.484998000000000040e+01 3.038536640920481702e-01 3.216699072691960648e+00 1.338365293467000047e-03
7.443357999999999745e-03 5.354434999999999611e-01 6.324830000000000396e+00 3.485869919926298799e-02 8.730612458096494999e-01 2.547741731051000186e-02
7.539442000000000366e-03 7.081212000000000062e-01 1.620477999999999952e+01 4.716826937721674273e-02 1.385391368795136913e+00 1.638160214964000036e-02
1.016237000000000043e-02 4.752461000000000046e-01 6.471683999999999770e+00 6.243236268941636524e-01 4.529791581528402333e-01 4.032592286759999894e-02
1.026472999999999969e-02 6.759431000000000189e-01 1.818684999999999974e+01 1.080570290021141577e+00 6.018528529724747056e-01 2.736348140876000354e-02
1.379414999999999981e-02 4.260268999999999862e-01 6.554729000000000028e+00 6.173947414605338579e-01 2.694815544923916395e-01 2.456328299909999943e-02
1.392098999999999941e-02 6.463948000000000471e-01 2.045635000000000048e+01 9.711602449098444279e-01 3.129090670251192252e-01 1.267491705891000096e-02
1.475942000000000053e-02 9.236769999999999703e-01 1.074864000000000033e+02 6.204682940203359642e+00 8.563569447797997114e+00 3.050011249809999464e-02
1.917991999999999961e-02 3.708196999999999743e-01 6.636987999999999666e+00 3.194178053762646297e-01 1.720608250532868200e-01 1.606376462768000207e-03
1.934574999999999836e-02 6.114633000000000429e-01 2.339142000000000010e+01 2.046488829774927298e-01 1.676070675695932322e-01 1.073799084890000172e-02
2.020102000000000009e-02 8.556987999999999817e-01 1.152597999999999985e+02 8.131474878141508045e-01 2.063357238380762571e+00 1.167815535602099823e-02
2.621971000000000024e-02 3.217281000000000168e-01 6.711166000000000409e+00 2.329557769810482182e-02 9.070319110861821410e-02 8.012066519856000241e-03
2.644755000000000023e-02 5.806337000000000304e-01 2.657132000000000005e+01 1.578060919362100911e-01 8.309386782281963368e-02 4.206839960150999917e-03
2.716365999999999920e-02 8.328320000000000167e-01 1.224231000000000051e+02 5.126183290389223490e-01 5.490798086507534537e-01 6.466247182007999438e-03
3.567439000000000027e-02 2.790988999999999831e-01 6.789674999999999905e+00 8.879208180675234041e-02 5.252200622315519873e-02 5.524883419794999508e-03
3.593476000000000309e-02 5.462639999999999718e-01 2.988643000000000072e+01 1.140201049945857859e-01 4.269876462184346577e-02 4.221328828495999989e-03
3.673150000000000026e-02 7.910566999999999460e-01 1.294533999999999878e+02 4.142733876224673484e-01 1.867846928709814003e-01 3.013225135559999875e-03
4.904962999999999684e-02 2.374356999999999995e-01 6.834208000000000283e+00 6.230773077086591144e-02 3.599880761754023495e-02 1.585463844237000087e-04
4.942229000000000066e-02 5.088629000000000069e-01 3.333261999999999858e+01 7.400500823855438171e-02 2.597564183175050945e-02 2.795925339956000302e-03
5.039397000000000321e-02 7.526853000000000016e-01 1.396236000000000104e+02 2.114691115414365774e-01 8.161754139825502796e-02 2.993613064829999879e-03
6.784529999999999728e-02 1.941370000000000040e-01 6.869861000000000217e+00 3.847376975698592327e-02 1.856863405160805516e-02 1.105375720218299950e-03
6.830901999999999807e-02 4.671848000000000112e-01 3.660822000000000287e+01 3.958729929005529863e-02 1.178140439478358829e-02 3.338368137629999714e-04
6.933809000000000500e-02 7.176008999999999860e-01 1.520175000000000125e+02 5.830371369231791834e-02 2.712255382750295915e-02 3.282156370500000195e-04
9.227362000000000064e-02 1.581840999999999942e-01 6.920410999999999646e+00 1.234720622629395699e-02 1.043671066230511361e-02 9.624011566619999859e-04
9.284451999999999983e-02 4.235303999999999736e-01 3.928264999999999674e+01 7.486388385910139852e-03 5.934618143362553611e-03 5.715285320628000348e-04
9.404450000000000309e-02 6.817714999999999748e-01 1.655713000000000079e+02 3.077940678424155585e-02 1.058092253863528696e-02 4.515345186072999709e-04
1.229785999999999935e-01 1.364732999999999918e-01 7.285013000000000183e+00 3.205415989836893353e-02 8.520173447935935548e-03 5.531379024174000290e-05
1.247584000000000054e-01 3.815972999999999726e-01 4.178654000000000224e+01 1.002682123133843972e-02 3.904500681691416408e-03 2.637393528735999999e-04
1.261722999999999872e-01 6.469101000000000434e-01 1.819709000000000003e+02 4.237752964917389925e-03 5.734466275240721403e-03 3.160031410722000133e-04
1.336239999999999928e-01 8.987224999999999797e-01 1.101528000000000020e+03 6.861309940688832543e-02 1.629004567307771600e-01 2.136706643191000070e-04
1.731717999999999869e-01 1.149688999999999989e-01 8.234761000000000664e+00 3.272286224235408571e-03 6.175112556262968809e-03 6.088175327806000014e-05
1.765792999999999946e-01 3.305890000000000217e-01 4.398449999999999704e+01 7.806951533942098342e-03 1.863114297968559898e-03 1.346071840920999800e-05
1.783122000000000040e-01 6.112969999999999793e-01 2.070652000000000044e+02 5.951663248964718898e-03 2.111598018439332647e-03 9.590025804180000099e-06
1.867522000000000071e-01 8.583404999999999507e-01 1.122777000000000044e+03 2.224967736750927891e-02 2.227484698087297058e-02 2.637815379959999911e-05
2.239443000000000128e-01 1.016005999999999992e-01 9.190134000000000469e+00 7.886046476933295662e-03 6.635120889584113398e-03 7.514845945991999990e-05
2.405413999999999886e-01 2.861682999999999866e-01 4.571983000000000175e+01 1.044044936524112215e-03 8.593622031160899361e-04 5.289053743932000008e-05
2.423077999999999899e-01 5.773798999999999459e-01 2.331963000000000079e+02 1.268160245812509834e-03 7.933486022652402100e-04 3.310839383040000235e-05
2.504253000000000173e-01 8.430756999999999834e-01 1.192172000000000025e+03 8.501765424253679817e-04 4.629967104430454325e-03 2.209867433316000095e-05
3.173361000000000098e-01 2.435376999999999958e-01 4.732502000000000209e+01 1.924589797991806519e-03 5.553391593072945324e-04 1.107782900896500032e-05
3.178075000000000205e-01 5.359912999999999483e-01 2.553399000000000001e+02 6.575778554354840683e-04 4.275492277561195693e-04 1.438162697399999862e-05
3.226900999999999797e-01 7.965476999999999697e-01 1.240432999999999993e+03 1.126570506350888651e-03 1.728405404583342655e-03 1.517474651909999947e-05
4.550697000000000214e-01 1.870668000000000053e-01 5.015585999999999700e+01 5.707782972603873961e-04 3.009072039350374744e-04 8.498271131429999673e-06
4.599172000000000260e-01 4.592711999999999906e-01 2.825611000000000104e+02 2.890547398402845366e-04 1.769161185046902441e-04 4.499597855279999902e-06
4.692884999999999973e-01 7.429902999999999924e-01 1.328079999999999927e+03 6.329051703169271325e-04 4.252567257913943740e-04 1.202282873726400139e-06
6.202862000000000098e-01 1.597416999999999865e-01 5.563544999999999874e+01 6.340677140885843106e-05 9.333766524496666165e-05 2.133607283705999893e-06
6.264311999999999658e-01 4.103856000000000170e-01 3.078398000000000252e+02 5.479644254608404956e-05 3.850901317819208531e-05 9.584051449410000604e-07
6.358679999999999888e-01 6.935506000000000171e-01 1.415366999999999962e+03 6.908161829005236051e-05 5.952319912712964719e-05 2.280282288307200079e-07
8.178537000000000168e-01 1.367678999999999978e-01 6.113947999999999894e+01 5.150495926887794616e-06 7.867128091631976332e-06 1.466220757248000132e-07
8.240977999999999914e-01 3.642446999999999768e-01 3.295274999999999750e+02 2.302577891743449436e-06 2.134328704543845536e-06 2.471544381254000099e-08
8.325898999999999939e-01 6.518156000000000505e-01 1.513987000000000080e+03 3.526417815921899393e-06 2.261036565095048541e-06 1.636495130485999943e-09
