8.286771000000000284e-04 8.732592999999999606e-01 4.773814999999999920e+00 9.260432825911685484e+01 2.531434452085912312e+02 1.550225100031712211e+00
1.121138999999999946e-03 8.198138999999999843e-01 4.952327999999999619e+00 7.048446746341359415e+01 7.849524507583610955e+01 7.640808247272126152e-01
1.554929999999999941e-03 7.783830000000000471e-01 5.377062999999999704e+00 1.119748986429002358e+01 2.918977283642103870e+01 9.186398810231600764e-01
1.606809999999999966e-03 7.942293999999999743e-01 1.039231000000000016e+01 2.683902231165575927e+02 2.236392251196355403e+02 5.988376106658991560e+00
2.089973000000000178e-03 7.268630000000000368e-01 5.582683000000000284e+00 6.229032553030885211e+00 1.416794364183446397e+01 2.963628262648108080e-01
2.167913000000000045e-03 8.614707000000000336e-01 1.233506000000000036e+01 3.524113008173040384e+01 6.373719252381720679e+01 1.841155673377646851e-01
2.900624000000000084e-03 6.933070999999999540e-01 5.758543000000000411e+00 9.748644650365182684e+00 6.017009786971234675e+00 1.809190157689653800e-01
2.936498000000000060e-03 8.132513000000000103e-01 1.247859000000000052e+01 1.168501051851931827e+01 1.969254122730309930e+01 1.779474683037795546e-01
3.949784999999999928e-03 6.555256999999999890e-01 6.010801999999999978e+00 2.194943794563781303e+00 2.788629684453545199e+00 1.880748778329870974e-01
4.013405999999999745e-03 7.645220999999999822e-01 1.342671999999999954e+01 8.336509202360710802e+00 7.003518531419029358e+00 1.795281432090710949e-01
5.329323000000000393e-03 5.976928999999999714e-01 6.184916000000000302e+00 1.599078194367927974e+00 1.604609763581014370e+00 8.604579049280547398e-02
5.423650000000000346e-03 7.459139000000000186e-01 1.484998000000000040e+01 2.663897506918751823e+00 3.216699072691960648e+00 3.699331646541091645e-02
7.443357999999999745e-03 5.354434999999999611e-01 6.324830000000000396e+00 8.913486441934821425e-01 8.730612458096494999e-01 3.690446797772847093e-02
7.539442000000000366e-03 7.081212000000000062e-01 1.620477999999999952e+01 1.434526646924450421e+00 1.385391368795136913e+00 4.244277181362674650e-02
1.016237000000000043e-02 4.752461000000000046e-01 6.471683999999999770e+00 8.126929382524199497e-01 4.529791581528402333e-01 5.072780209736320323e-02
1.026472999999999969e-02 6.759431000000000189e-01 1.818684999999999974e+01 8.218386491179381359e-01 6.018528529724747056e-01 2.762803760244766579e-02
1.379414999999999981e-02 4.260268999999999862e-01 6.554729000000000028e+00 4.685042903821236560e-01 2.694815544923916395e-01 3.181638001171320507e-02
1.392098999999999941e-02 6.463948000000000471e-01 2.045635000000000048e+01 5.954893115060890807e-01 3.129090670251192252e-01 1.637207844792779032e-02
1.475942000000000053e-02 9.236769999999999703e-01 1.074864000000000033e+02 6.645424272298059432e-01 8.563569447797997114e+00 2.254443679836952152e-01
1.917991999999999961e-02 3.708196999999999743e-01 6.636987999999999666e+00 1.362519831494884426e-01 1.720608250532868200e-01 8.739542611610131781e-03
1.934574999999999836e-02 6.114633000000000429e-01 2.339142000000000010e+01 9.592927491215208491e-03 1.676070675695932322e-01 2.098269815311274225e-02
2.020102000000000009e-02 8.556987999999999817e-01 1.152597999999999985e+02 8.760060919779736333e-01 2.063357238380762571e+00 9.189109729948027883e-02
2.621971000000000024e-02 3.217281000000000168e-01 6.711166000000000409e+00 1.099670154957460427e-01 9.070319110861821410e-02 1.056452324726568463e-02
2.644755000000000023e-02 5.806337000000000304e-01 2.657132000000000005e+01 5.157676156150445279e-02 8.309386782281963368e-02 5.389579954176846287e-03
2.716365999999999920e-02 8.328320000000000167e-01 1.224231000000000051e+02 4.260108890225777767e-01 5.490798086507534537e-01 2.164234597069386937e-02
3.567439000000000027e-02 2.790988999999999831e-01 6.789674999999999905e+00 8.905479394937773630e-02 5.252200622315519873e-02 8.855176336881438737e-03
3.593476000000000309e-02 5.462639999999999718e-01 2.988643000000000072e+01 1.128832884273285320e-01 4.269876462184346577e-02 7.264671774196936917e-03
3.673150000000000026e-02 7.910566999999999460e-01 1.294533999999999878e+02 2.893212581005589201e-01 1.867846928709814003e-01 6.838985022643229855e-03
4.904962999999999684e-02 2.374356999999999995e-01 6.834208000000000283e+00 6.234840049411595475e-02 3.599880761754023495e-02 2.886114245904197999e-03
4.942229000000000066e-02 5.088629000000000069e-01 3.333261999999999858e+01 5.654353676354700875e-02 2.597564183175050945e-02 6.359366315006685644e-03
5.039397000000000321e-02 7.526853000000000016e-01 1.396236000000000104e+02 9.086670961751674991e-02 8.161754139825502796e-02 5.083585403304374112e-03
6.784529999999999728e-02 1.941370000000000040e-01 6.869861000000000217e+00 1.330106061509000320e-02 1.856863405160805516e-02 1.579582136756011194e-03
6.830901999999999807e-02 4.671848000000000112e-01 3.660822000000000287e+01 2.843402366602342662e-02 1.178140439478358829e-02 8.027536063953871542e-04
6.933809000000000500e-02 7.176008999999999860e-01 1.520175000000000125e+02 3.475539042866304662e-02 2.712255382750295915e-02 8.351306646390144065e-04
9.227362000000000064e-02 1.581840999999999942e-01 6.920410999999999646e+00 6.087957458154357945e-03 1.043671066230511361e-02 1.965512376209499305e-03
9.284451999999999983e-02 4.235303999999999736e-01 3.928264999999999674e+01 1.295252182390172618e-03 5.934618143362553611e-03 1.646322545517672894e-03
9.404450000000000309e-02 6.817714999999999748e-01 1.655713000000000079e+02 9.810511915627694382e-03 1.058092253863528696e-02 1.143709930705745894e-03
1.229785999999999935e-01 1.364732999999999918e-01 7.285013000000000183e+00 1.239879720355870421e-02 8.520173447935935548e-03 4.254074246288031902e-04
1.247584000000000054e-01 3.815972999999999726e-01 4.178654000000000224e+01 1.929521029820982503e-03 3.904500681691416408e-03 9.047205487661174250e-04
1.261722999999999872e-01 6.469101000000000434e-01 1.819709000000000003e+02 1.423815429648087223e-02 5.734466275240721403e-03 7.903716687519716589e-04
1.336239999999999928e-01 8.987224999999999797e-01 1.101528000000000020e+03 2.557692085466752308e-01 1.629004567307771600e-01 6.060354686138304595e-03
1.731717999999999869e-01 1.149688999999999989e-01 8.234761000000000664e+00 8.580540708933675001e-03 6.175112556262968809e-03 6.135822274987578909e-04
1.765792999999999946e-01 3.305890000000000217e-01 4.398449999999999704e+01 5.819063242800516858e-03 1.863114297968559898e-03 5.178402528967772524e-05
1.783122000000000040e-01 6.112969999999999793e-01 2.070652000000000044e+02 4.979867200319996502e-03 2.111598018439332647e-03 2.929889109988705861e-05
1.867522000000000071e-01 8.583404999999999507e-01 1.122777000000000044e+03 6.619322223985315071e-04 2.227484698087297058e-02 1.324490942489186737e-03
2.239443000000000128e-01 1.016005999999999992e-01 9.190134000000000469e+00 1.473231236947513366e-02 6.635120889584113398e-03 7.106753501742236242e-04
2.405413999999999886e-01 2.861682999999999866e-01 4.571983000000000175e+01 2.531381338005593215e-03 8.593622031160899361e-04 2.928220623196925204e-04
2.423077999999999899e-01 5.773798999999999459e-01 2.331963000000000079e+02 6.181112368737222071e-04 7.933486022652402100e-04 1.941316478989711831e-04
2.504253000000000173e-01 8.430756999999999834e-01 1.192172000000000025e+03 2.233851992367900333e-03 4.629967104430454325e-03 2.468490756388787267e-04
3.173361000000000098e-01 2.435376999999999958e-01 4.732502000000000209e+01 5.669509696075701079e-04 5.553391593072945324e-04 3.834554588461648063e-05
3.178075000000000205e-01 5.359912999999999483e-01 2.553399000000000001e+02 3.555082400547544342e-04 4.275492277561195693e-04 4.694387079356124217e-05
3.226900999999999797e-01 7.965476999999999697e-01 1.240432999999999993e+03 2.330640337411392371e-03 1.728405404583342655e-03 6.000534089623145570e-05
4.550697000000000214e-01 1.870668000000000053e-01 5.015585999999999700e+01 4.388154419453923431e-04 3.009072039350374744e-04 5.033994118555761829e-05
4.599172000000000260e-01 4.592711999999999906e-01 2.825611000000000104e+02 1.829225223048539298e-04 1.769161185046902441e-04 2.639347499253473500e-05
4.692884999999999973e-01 7.429902999999999924e-01 1.328079999999999927e+03 3.220384438599746763e-04 4.252567257913943740e-04 2.245394221077416766e-05
6.202862000000000098e-01 1.597416999999999865e-01 5.563544999999999874e+01 2.515220050414159695e-04 9.333766524496666165e-05 2.304405979851531643e-05
6.264311999999999658e-01 4.103856000000000170e-01 3.078398000000000252e+02 1.133994632825629503e-04 3.850901317819208531e-05 1.127318943763975427e-05
6.358679999999999888e-01 6.935506000000000171e-01 1.415366999999999962e+03 4.721432872477823863e-05 5.952319912712964719e-05 3.926243108859620580e-06
8.178537000000000168e-01 1.367678999999999978e-01 6.113947999999999894e+01 9.118565373863943003e-07 7.867128091631976332e-06 1.131374877823411854e-06
8.240977999999999914e-01 3.642446999999999768e-01 3.295274999999999750e+02 6.735450308820262348e-06 2.134328704543845536e-06 4.495598113237525223e-07
8.325898999999999939e-01 6.518156000000000505e-01 1.513987000000000080e+03 3.042629656106604494e-06 2.261036565095048541e-06 1.970797534513388780e-07
