3.941276999999999975e-03 6.006928000000000267e-01 6.182719999999999771e+00 9.549591653504935218e-01 8.133144460545668752e-02 1.601978222039999733e-01
5.404016999999999675e-03 5.514778000000000180e-01 6.327016000000000417e+00 6.060101102021870911e-01 4.258348710357991174e-02 1.038312786005999994e-01
5.460699999999999756e-03 6.967619000000000451e-01 1.667749999999999844e+01 8.871615648178167168e-01 7.728216016060157623e-02 3.343347268839999553e-02
7.401193000000000355e-03 5.043571000000000026e-01 6.451421999999999990e+00 4.730362280375041140e-01 2.331392400669295845e-02 4.956989689157999951e-02
7.473987999999999986e-03 6.694295999999999580e-01 1.852430999999999983e+01 6.415406026910372983e-01 3.562621638554645115e-02 8.313894910170000624e-03
1.010833000000000044e-02 4.480418999999999929e-01 6.557291000000000203e+00 3.229712877055106457e-01 1.335855448234761142e-02 3.021833860625999790e-02
1.020564000000000020e-02 6.432742000000000182e-01 2.031681999999999988e+01 4.329292194883737066e-01 1.721478201532300467e-02 4.227145009919999578e-03
1.384925000000000045e-02 3.916087999999999791e-01 6.629319999999999879e+00 2.274683336841627768e-01 7.834136808974519542e-03 1.867078983852000010e-02
1.397486000000000041e-02 6.030632999999999688e-01 2.287770000000000081e+01 2.838028253697302272e-01 8.795269108897486171e-03 6.634377719719999206e-03
1.898924999999999919e-02 3.345156000000000240e-01 6.730733999999999995e+00 1.697472388472334170e-01 4.748860904204617144e-03 9.510069408180001418e-03
1.914551999999999921e-02 5.614019000000000092e-01 2.557433999999999941e+01 2.092311535917068810e-01 4.849956385663050859e-03 5.572747344580000241e-03
2.606920999999999891e-02 2.770326000000000177e-01 6.791643999999999792e+00 1.046696908795999859e-01 2.917926572226562949e-03 5.368961259101000423e-03
2.626656999999999950e-02 5.252491000000000243e-01 2.846195000000000164e+01 1.337528307262111360e-01 2.567329206921389016e-03 5.251554996569999557e-03
3.586541000000000035e-02 2.260227999999999959e-01 6.844310000000000116e+00 5.851860599791156026e-02 1.812872013070612395e-03 2.069552918579999935e-03
3.605690999999999757e-02 4.781641999999999837e-01 3.175749000000000066e+01 8.752359606192844366e-02 1.402054154715284872e-03 3.304087776660000024e-03
3.660737000000000019e-02 7.167691999999999952e-01 1.455680999999999869e+02 8.950502095979812056e-02 5.415833067007562798e-03 6.140923837487999477e-03
4.917110000000000231e-02 1.798099999999999976e-01 6.858545000000000336e+00 4.069116813418038187e-02 1.144356359989493529e-03 3.003659123542999935e-04
4.940966000000000108e-02 4.257004999999999817e-01 3.459810000000000230e+01 5.334006206398250738e-02 7.887600330075936238e-04 1.843533254341999999e-03
5.005132000000000331e-02 6.698361000000000454e-01 1.591603000000000065e+02 4.895818161474618790e-02 2.255006941309074461e-03 1.970416565312999978e-03
6.735689000000000259e-02 1.403569000000000067e-01 6.846451000000000064e+00 2.514702378296607838e-02 7.310476895395460898e-04 1.528931491000000073e-04
6.758190000000000031e-02 3.694029999999999814e-01 3.743874000000000279e+01 3.165526595914420344e-02 4.548227392996219724e-04 9.320654359919999235e-04
6.841229999999999534e-02 6.204100000000000170e-01 1.725215000000000032e+02 2.885910804522887063e-02 1.003452906000718188e-03 3.668403245080000116e-04
9.244566999999999368e-02 1.054265000000000063e-01 6.866278000000000326e+00 1.566268963608234005e-02 4.752679299904648746e-04 5.506039039460000026e-05
9.257809999999999651e-02 3.105870000000000020e-01 3.968701999999999686e+01 1.934288135723398819e-02 2.670325823226472970e-04 5.210686726740000174e-04
9.351392999999999511e-02 5.724601000000000273e-01 1.909506000000000085e+02 1.723064961366302036e-02 4.665860386291018243e-04 3.079716433400000162e-04
1.269010000000000138e-01 7.953068000000000637e-02 6.849931999999999910e+00 9.350761647849004446e-03 3.171866313441267264e-04 8.750739118373999676e-05
1.271258999999999861e-01 2.511634999999999840e-01 4.105087000000000330e+01 1.164873940556277951e-02 1.610763340670417305e-04 3.735151205250000187e-04
1.280921999999999894e-01 5.164206000000000074e-01 2.116862999999999886e+02 1.014276106219709310e-02 2.326347438988430065e-04 4.144836912629999617e-04
1.742703999999999920e-01 5.901126000000000288e-02 6.903381999999999685e+00 6.449664340255026329e-03 2.090983668714109457e-04 3.733449914480000147e-05
1.746575999999999962e-01 1.981597999999999971e-01 4.226120000000000232e+01 6.588625523546979938e-03 9.831844344340672631e-05 1.638014761907999935e-04
1.757850999999999997e-01 4.488445999999999825e-01 2.323881000000000085e+02 5.270194242704008547e-03 1.193300083671577807e-04 3.438632302785000149e-04
2.393502000000000129e-01 4.510389000000000065e-02 6.917467000000000255e+00 2.922403691366559555e-03 1.276848741502555236e-04 1.251810157815999916e-04
2.395322000000000007e-01 1.533406999999999965e-01 4.303405000000000058e+01 3.695302281371556832e-03 5.888132165044910135e-05 3.100800827999999556e-05
2.405125999999999931e-01 3.864306000000000130e-01 2.566009000000000242e+02 3.006571201096147963e-03 6.047386564947520568e-05 1.580353762621000094e-04
3.273307999999999773e-01 3.251915999999999835e-02 6.836087000000000025e+00 1.533958172640395448e-03 7.440262260849065279e-05 8.786647258410000181e-05
3.271794000000000091e-01 1.176572000000000034e-01 4.386975000000000335e+01 1.780399613754648233e-03 3.324183475171521546e-05 6.874776586799999790e-05
3.284635000000000193e-01 3.189795999999999743e-01 2.723688000000000216e+02 1.277323460160616556e-03 3.011896267189849758e-05 5.713604482100000304e-05
4.422949999999999937e-01 2.460752000000000078e-02 6.942878999999999579e+00 9.622962700913051870e-04 5.027445751828990951e-05 9.522405510599999897e-05
4.456374000000000168e-01 8.864660000000000595e-02 4.374425999999999704e+01 7.416302506495321212e-04 1.880100030749125414e-05 4.636419634289999913e-05
4.457497000000000265e-01 2.599073000000000078e-01 2.883512999999999806e+02 5.487791504976608815e-04 1.554785603627318339e-05 3.269104263599999845e-05
6.001305000000000112e-01 6.834856000000000265e-02 4.477078000000000202e+01 3.240543217792127024e-04 1.060564966698866544e-05 1.016991149388000038e-04
