1.390761000000000081e-02 7.120919999999999472e-01 2.079690000000000083e+01 1.808096073907433654e-01 1.196530674911585983e-02 2.065875594510000260e-02
1.932365999999999945e-02 6.782122999999999902e-01 2.424154000000000053e+01 8.691828074629598389e-02 7.247364564979140791e-03 4.692717686751999781e-03
2.618474000000000149e-02 3.263950999999999936e-01 6.835690999999999740e+00 5.143640035060002141e-02 4.444733493593311380e-03 1.315897966825000168e-02
2.642999000000000043e-02 6.451012999999999886e-01 2.809944000000000131e+01 4.610348070368290585e-02 3.392509820040777186e-03 1.744580484493000322e-02
3.563969000000000165e-02 2.716410000000000213e-01 6.915174999999999628e+00 1.134524310069112696e-02 2.748721952983468591e-03 1.070355825052999969e-02
3.592872999999999900e-02 6.096308999999999756e-01 3.213738000000000028e+01 5.061795796013845300e-02 1.818296287737424010e-03 1.317129621431999999e-02
4.944989999999999802e-02 5.673055999999999655e-01 3.631148000000000309e+01 2.778123795761012690e-02 1.135572769946565329e-03 2.578811193139999951e-03
6.775567999999999869e-02 1.712050999999999989e-01 6.978013999999999939e+00 1.644267321233919624e-02 1.153186957139728857e-03 4.684686201030000344e-03
6.824744000000000643e-02 5.171512999999999805e-01 3.997382000000000346e+01 1.406712111701005456e-02 5.641487171620180241e-04 4.255823166100000665e-03
6.932697999999999638e-02 7.821447000000000260e-01 1.508634999999999877e+02 1.374823666424077918e-02 1.185705201007146914e-03 3.508281732620000069e-03
9.246637000000000606e-02 1.331276999999999877e-01 6.986474000000000295e+00 3.764606161813156826e-03 7.213882498556296744e-04 3.793434518624000124e-03
9.294842999999999855e-02 4.634735999999999856e-01 4.295481000000000193e+01 1.000381550664811332e-02 3.023133312629254195e-04 3.364942493069999867e-03
9.419415000000000426e-02 7.488352000000000341e-01 1.667453999999999894e+02 8.373307373599488124e-03 4.802978987001962105e-04 2.633254027104000271e-03
1.262091999999999936e-01 4.092856999999999745e-01 4.528824000000000183e+01 4.677915775536284002e-03 2.078098056569541705e-04 9.232424535300001300e-04
1.276280999999999943e-01 7.155249000000000192e-01 1.862084999999999866e+02 5.378111064573754853e-03 2.571365772352672747e-04 2.051732358410000043e-04
1.761600999999999861e-01 3.480790000000000273e-01 4.739853999999999701e+01 2.296341855320871341e-03 1.123197024383758915e-04 7.989748979039999971e-04
1.780884000000000078e-01 6.795776999999999513e-01 2.149248000000000047e+02 2.086086192618306304e-03 1.066927423211270267e-04 3.651536479440000002e-04
2.402440000000000131e-01 2.932044999999999790e-01 4.922144000000000119e+01 1.720512847526698341e-03 5.782974926553413635e-05 6.491392496160000363e-04
2.423364000000000074e-01 6.465168000000000026e-01 2.473453000000000088e+02 1.223753290203873252e-03 4.369634202780984530e-05 3.573186506149999414e-04
3.210320999999999869e-01 2.415881000000000001e-01 5.034073999999999671e+01 1.009925048828690499e-03 3.637387169731987535e-05 1.659669813180999977e-04
3.224722999999999895e-01 6.103549999999999809e-01 2.781186000000000149e+02 6.822244126714243143e-04 2.277593548840908631e-05 2.080822291281999925e-05
4.556054999999999966e-01 1.866025000000000045e-01 5.108270000000000266e+01 3.534522026759853459e-04 1.825568756950889367e-05 2.031371831020000029e-05
4.590925000000000145e-01 5.598153000000000157e-01 3.155804999999999723e+02 1.623545726121852046e-04 8.937642249725410065e-06 5.461025144230000577e-05
6.213939000000000545e-01 1.462168000000000079e-01 5.184821999999999775e+01 9.287744416216401038e-05 5.486176268217927155e-06 3.304081856999999990e-05
6.253056999999999643e-01 5.101757000000000097e-01 3.485416999999999916e+02 6.259447638714216785e-05 1.928074802698831915e-06 4.514863352564000071e-06
8.196603999999999557e-01 1.162713999999999970e-01 5.256183000000000050e+01 5.801923682458051302e-06 4.062834403304770451e-07 1.056012550929999960e-06
8.226107999999999754e-01 4.639770999999999757e-01 3.761220999999999890e+02 2.290236999866855813e-06 9.188926231600442851e-08 2.229974546580000228e-07
