3.931712000000000401e-03 5.899020999999999848e-01 6.331279999999999575e+00 6.528508204949993177e-01 5.273961752392932606e-02 1.618472667217420446e-01
5.388129000000000182e-03 5.252710000000000434e-01 6.459641999999999662e+00 3.759859442944101793e-01 2.917470021711034839e-02 5.374984661971239641e-02
7.386593000000000325e-03 4.688675999999999955e-01 6.596447000000000394e+00 2.346822365243699526e-01 1.683166794572951361e-02 4.036631949008503972e-02
7.461306000000000015e-03 6.737111999999999545e-01 1.803394000000000119e+01 2.639115495659205557e-01 2.183539191795947146e-02 7.757643889999492337e-02
1.008678999999999999e-02 4.074028000000000094e-01 6.668260000000000076e+00 1.581501940735351719e-01 1.003682629828281728e-02 4.103867894571694430e-02
1.019681000000000060e-02 6.398141999999999996e-01 2.042511000000000010e+01 3.118547803733233703e-01 1.091620958483713842e-02 7.040625314864047690e-02
1.384526999999999980e-02 3.464383999999999797e-01 6.724693000000000254e+00 1.115021233659212185e-01 6.078437179435464653e-03 3.978337473860019124e-02
1.395799999999999992e-02 6.047500000000000098e-01 2.384542000000000073e+01 1.874672057591548757e-01 5.695700505804770185e-03 5.616210095642153871e-02
1.896741000000000052e-02 2.943240999999999774e-01 6.816921999999999926e+00 1.038657339724583517e-01 3.763809708261759042e-03 3.056824519782067387e-02
1.913215000000000054e-02 5.627712999999999743e-01 2.754902999999999835e+01 1.502329363713820753e-01 3.237812802796506857e-03 4.559309114316288658e-02
2.605506999999999962e-02 2.366526999999999936e-01 6.857706000000000301e+00 7.492600627122873724e-02 2.351202789953442656e-03 2.405242841971931902e-02
2.624152999999999902e-02 5.218743000000000132e-01 3.134822000000000131e+01 8.591874683978446836e-02 1.756875463874047871e-03 3.248066576106872771e-02
3.584568999999999950e-02 1.938688000000000078e-01 6.899937999999999683e+00 4.780917100656877083e-02 1.478347442036737156e-03 1.679128122458807201e-02
3.602667999999999843e-02 4.701224999999999987e-01 3.516268000000000171e+01 2.633580934035047172e-02 9.809160612165167444e-04 2.146250109814037965e-02
3.672740000000000032e-02 7.409428000000000125e-01 1.376961000000000013e+02 1.936089047510676162e-02 3.330276595656171158e-03 1.895843233094281557e-02
4.916017999999999777e-02 1.519748999999999961e-01 6.901371000000000144e+00 1.622925454050122909e-02 9.404884981071344897e-04 1.150331459188388278e-02
4.934912999999999800e-02 4.134834000000000009e-01 3.811280000000000001e+01 1.749993964741172400e-02 5.635364251569441622e-04 1.371072071132067340e-02
5.006453000000000292e-02 6.900165000000000326e-01 1.505253999999999905e+02 2.241141769966038810e-02 1.350634537355561602e-03 1.126152846075792469e-02
6.732610999999999457e-02 1.198634999999999978e-01 6.887102999999999753e+00 1.044288407335889138e-02 6.023629730167713798e-04 7.884723204676055350e-03
6.750374000000000652e-02 3.531830000000000247e-01 4.073507000000000033e+01 7.882122656094919799e-03 3.308003201108031710e-04 8.595377822970885415e-03
6.842905999999999989e-02 6.324366999999999628e-01 1.665021000000000129e+02 8.141625237482600849e-03 6.049490505082213282e-04 6.623254027767960100e-03
9.242350000000000565e-02 8.900980999999999477e-02 6.892612999999999879e+00 1.012597844285230073e-02 3.902896917063046912e-04 5.423058055738260927e-03
9.252411000000000663e-02 2.930323000000000233e-01 4.267853000000000208e+01 8.738461876979476337e-03 1.967222931238790152e-04 5.323823562369492217e-03
9.338261000000000478e-02 5.763985999999999832e-01 1.875456000000000074e+02 3.945618818668156398e-03 2.872924535417737714e-04 3.991271434761505671e-03
1.268990000000000118e-01 6.700425000000000131e-02 6.884845000000000326e+00 5.972261841550052276e-03 2.625067549257681355e-04 3.777547121573229371e-03
1.270301000000000069e-01 2.346002000000000087e-01 4.383955999999999875e+01 7.645565785759616227e-03 1.194965956313575321e-04 3.366387479459208212e-03
1.280180999999999958e-01 5.193162000000000056e-01 2.131289999999999907e+02 8.220261510631318019e-03 1.444539552892519258e-04 2.292801833507615052e-03
1.742558999999999914e-01 4.958370000000000138e-02 6.916840999999999795e+00 1.924075458341033881e-03 1.736637846055314046e-04 2.493967148725623108e-03
1.745813999999999977e-01 1.833400000000000030e-01 4.476563999999999766e+01 4.819231242736786609e-03 7.363692839515252803e-05 2.028608026018613800e-03
1.757161999999999891e-01 4.542906999999999917e-01 2.407557999999999936e+02 3.104908704452282071e-03 7.434936217763140752e-05 1.252770825634087846e-03
2.392824000000000062e-01 3.776249000000000272e-02 6.937279000000000195e+00 1.641236028522219869e-03 1.056667706372962738e-04 1.384077287664856179e-03
2.394116000000000022e-01 1.409853000000000078e-01 4.536063000000000045e+01 9.157522569168408122e-05 4.445130782369893606e-05 1.100432897927676587e-03
2.404624999999999957e-01 3.920776000000000261e-01 2.694062999999999874e+02 7.665898370912354416e-04 3.822939620219145977e-05 5.473982686611994540e-04
3.273263000000000145e-01 2.718073000000000017e-02 6.869307000000000052e+00 9.594011883086748854e-04 6.141359065887368900e-05 7.332890802064858000e-04
3.270800999999999847e-01 1.075585000000000013e-01 4.587816999999999723e+01 3.782402757123407185e-04 2.528444947210093711e-05 4.859268447185163494e-04
3.281949000000000116e-01 3.245044000000000262e-01 2.903052000000000135e+02 5.864828712437679262e-04 1.908552979012601258e-05 1.471891745379011029e-04
4.453799999999999981e-01 8.071390000000000509e-02 4.567009999999999792e+01 3.027503833217510903e-04 1.430518277568875186e-05 1.915611994344565839e-04
4.457020999999999900e-01 2.643057999999999796e-01 3.086041999999999916e+02 2.734948169386808140e-04 9.812902767531179524e-06 1.713817130606526089e-05
5.999951999999999508e-01 6.208198000000000188e-02 4.685354000000000241e+01 1.859377028344391723e-04 8.038249615770033050e-06 6.231613333283896896e-05
