#THPREDICTIONS FCC  NNPDF31sx_nnlonllx_as_0118
0    0                   0
1    0                   0
2    0                   0
3    0                   0
4    0                   0
5    0                   0
6    0                   0
7    0                   0
8    0                   0
9    3.35851             2.24025
10   3.42039             1.64396
11   2.80409             1.04621
12   2.18978             0.711116
13   1.88683             0.436804
14   1.50716             0.172507
15   1.24239             0.0636545
16   1.1267              0.0269308
17   0.959838            0.0104816
18   3.89874             1.16216
19   3.10431             0.744099
20   2.67136             0.481973
21   2.12828             0.231836
22   1.71521             0.0963425
23   1.52935             0.0453261
24   1.27352             0.0153625
25   1.04257             0.00861782
26   4.65048             1.19801
27   4.26196             0.820402
28   3.69595             0.555808
29   2.93163             0.292077
30   2.31719             0.124593
31   2.03582             0.061286
32   1.65729             0.0219658
33   1.32447             0.0111999
34   1.16085             0.00882185
35   5.35374             0.847604
36   5.22465             0.643571
37   4.24142             0.359495
38   3.29065             0.153719
39   2.84425             0.078033
40   2.25246             0.0301325
41   1.74514             0.0161909
42   1.50022             0.0119758
43   1.1671              0.00857563
44   5.24875             0.395154
45   4.10161             0.169888
46   3.51736             0.0878668
47   2.73987             0.0355955
48   2.08144             0.0198592
49   1.76725             0.0143832
50   1.34585             0.00956957
51   0.995589            0.00608801
52   5.30863             0.184076
53   4.62186             0.0992957
54   3.55044             0.0431633
55   2.62897             0.0249099
56   2.19543             0.0176684
57   1.62403             0.0109869
58   1.16085             0.00666548
59   0.951365            0.00563285
60   4.40574             0.049701
61   3.24352             0.0295076
62   2.6721              0.0206253
63   1.92672             0.0123521
64   1.33507             0.00740007
65   1.07266             0.00599577
66   0.637091            0.00343623
67   3.829               0.0334731
68   3.18116             0.0235525
69   2.26224             0.0138072
70   1.53221             0.00822018
71   1.21262             0.00643743
72   0.690455            0.00344998
73   0.411703            0.00289564
74   2.856               0.017699
75   1.91546             0.0102774
76   1.49514             0.00752326
77   0.815271            0.00364434
78   0.460642            0.00316127
79   0.310359            0.00242915
80   2.33796             0.0145691
81   1.82787             0.00984547
82   0.966523            0.00404346
83   0.522456            0.00355606
84   0.33936             0.00277616
85   1.04715             0.00514564
86   0.551423            0.0035395
87   0.349822            0.002848
88   0.123207            0.00123048
89   0.0246968           0.000613286
90   0.938739            0.0101113
91   0.511667            0.00297603
92   0.329009            0.00238901
93   0.114767            0.00113476
94   0.0224093           0.00057232
95   0.00155927          0.000306483
96   0.320473            0.00656599
97   0.240389            0.00239298
98   0.0944451           0.00116512
99   0.018617            0.000617516
100  0.00120864          0.000336978
101  0.133168            0.00526353
102  0.0697881           0.00193054
103  0.0149558           0.000992679
104  0.000893555         0.000502163
105  0.0474501           0.00291577
106  0.0117038           0.00149993