3.921374000000000040e-03 5.569868000000000041e-01 6.277232999999999841e+00 1.516433430245469616e+00 1.403717689093259002e-01 1.045279367610000149e-01
5.311207000000000081e-03 4.786749000000000143e-01 6.410719000000000278e+00 1.265704834059685480e+00 8.862181321661709299e-02 3.361886765279999828e-02
7.411092999999999674e-03 4.185982999999999787e-01 6.472139000000000308e+00 9.375947997255011934e-01 5.335790857124760728e-02 1.201116993839999869e-02
7.498219000000000412e-03 6.382465000000000499e-01 1.833559999999999945e+01 8.044422965662152425e-01 6.081527690783170709e-02 5.613553198336999894e-02
1.012133999999999950e-02 3.388077999999999923e-01 6.659946999999999839e+00 5.239437097550257993e-01 3.185794841396501209e-02 5.690476214489999240e-02
1.023286999999999981e-02 6.043342000000000436e-01 2.108031000000000077e+01 6.643629631947211012e-01 2.918490095969482334e-02 1.671248053147999721e-02
1.379860999999999935e-02 2.914702000000000126e-01 6.706406000000000311e+00 3.854792696228838689e-01 2.109772263836918668e-02 2.610624889642999824e-02
1.393329999999999916e-02 5.682713999999999821e-01 2.407182999999999851e+01 4.491969030723109157e-01 1.600864685061967330e-02 1.904894166756000142e-03
1.910888000000000170e-02 2.385125999999999913e-01 6.781050999999999718e+00 3.021963345635509945e-01 1.478546986643815113e-02 1.908277076222000129e-02
1.931060000000000068e-02 5.289266999999999719e-01 2.812674000000000163e+01 3.029783844281569438e-01 9.725298589447329764e-03 3.377058196140000218e-02
2.597450000000000106e-02 2.004683999999999910e-01 7.292110000000000092e+00 2.419785586356023033e-01 1.015859963901398315e-02 5.794990235460000319e-03
2.639015000000000111e-02 4.902762999999999982e-01 3.208408000000000015e+01 2.319878582725025118e-01 5.102087819683237893e-03 3.561558957520000179e-03
3.518290999999999780e-02 1.833777000000000046e-01 8.287440999999999391e+00 1.781888773088962374e-01 8.799948893218768192e-03 7.534387224000000001e-03
3.598103999999999886e-02 4.437972000000000028e-01 3.586518000000000228e+01 1.806767794990920550e-01 3.005690598191353320e-03 6.598463615640000508e-03
3.672521000000000119e-02 7.359120999999999579e-01 1.384333000000000027e+02 1.434276594599139532e-01 9.021395496391377417e-03 5.975893364999999326e-03
4.951764000000000165e-02 4.004862000000000144e-01 3.937248000000000303e+01 1.249168639468406367e-01 1.979558031720764222e-03 1.384254206159999875e-02
5.034671000000000285e-02 6.946776000000000062e-01 1.522439999999999998e+02 1.022753521631662582e-01 4.137078934983536536e-03 8.574745640760000551e-03
6.806602999999999959e-02 3.585895000000000055e-01 4.436699999999999733e+01 8.116197764733805442e-02 1.173407428764780850e-03 3.593322169094999860e-04
6.909877999999999854e-02 6.476895000000000291e-01 1.688668999999999869e+02 7.413158815217342490e-02 1.784497883648015343e-03 1.195380757879000019e-03
9.281588000000000338e-02 3.205030999999999852e-01 5.005973999999999791e+01 5.220920344807546132e-02 7.453748470487766425e-04 3.360392441910000152e-03
9.416064999999999852e-02 6.155405999999999933e-01 1.924618000000000109e+02 4.721858823152243201e-02 8.585688946221249531e-04 2.723712874715000180e-03
1.266963999999999868e-01 2.860346000000000277e-01 5.583720000000000283e+01 4.103416068676299377e-02 5.556282010165151334e-04 2.511284499246000355e-03
1.284903000000000017e-01 5.801908999999999539e-01 2.215692999999999984e+02 3.495925949422411944e-02 4.937752568036554972e-04 2.010413465917999885e-03
1.753795999999999966e-01 2.503332999999999808e-01 6.265670000000000073e+01 2.479321589315013064e-02 3.583825585294719385e-04 2.374940117836000153e-04
1.777240999999999960e-01 5.405786000000000202e-01 2.566827999999999861e+02 2.032684925220803671e-02 2.392019589452717976e-04 4.076919147480000138e-04
2.386684000000000028e-01 2.180275000000000130e-01 7.044630999999999688e+01 1.533269861846284915e-02 2.323776699483323801e-04 1.837118087379999935e-03
2.421972000000000014e-01 5.045188000000000450e-01 2.951634999999999991e+02 1.338333372221707507e-02 1.152461576703545971e-04 1.166859172060000054e-03
2.477418000000000120e-01 7.958962000000000536e-01 1.231859999999999900e+03 8.487398443099355982e-03 5.371266504481984156e-04 9.140065409880000335e-04
3.193903000000000159e-01 1.959439000000000042e-01 7.909400999999999726e+01 8.346946080896462325e-03 1.829522518772900002e-04 1.219552518678000067e-04
3.256609999999999783e-01 4.648417000000000243e-01 3.285135999999999967e+02 6.179566575175034389e-03 6.320179582283599580e-05 1.739802453889000206e-04
3.317987000000000020e-01 7.496557000000000359e-01 1.316740000000000009e+03 4.592629178375518331e-03 1.832916415078064069e-04 2.048535343799999791e-04
4.325872000000000051e-01 1.751514999999999878e-01 9.034121000000000379e+01 3.158557150687840015e-03 1.486699444790782619e-04 2.339108995984000197e-04
4.581277999999999739e-01 4.133061000000000096e-01 3.622848000000000184e+02 2.264723015329326954e-03 2.183503561095790146e-05 3.342225371300000368e-05
4.661674000000000095e-01 7.051572999999999869e-01 1.439819999999999936e+03 1.313931386954744242e-03 4.022517241348075859e-05 1.716095734939999932e-05
6.224201999999999790e-01 3.719876999999999767e-01 4.058172000000000139e+02 3.647917878801536944e-04 3.934064017159054547e-06 6.843649505480000348e-05
6.326462000000000474e-01 6.626547999999999883e-01 1.565998000000000047e+03 2.587211726802520471e-04 4.697730699361103288e-06 2.732658189839999818e-05
8.195491000000000303e-01 3.393843999999999750e-01 4.590482000000000085e+02 2.012158028824332571e-05 2.188614434403150783e-07 2.472188841299999894e-06
8.294447000000000347e-01 6.254800000000000360e-01 1.712903000000000020e+03 7.223225364109205245e-06 1.521769744894726115e-07 5.146082373192000623e-07
