3.921374000000000040e-03 5.569868000000000041e-01 6.277232999999999841e+00 2.182149453460045851e+00 1.403717689093259002e-01 3.378933025900000553e-01
5.311207000000000081e-03 4.786749000000000143e-01 6.410719000000000278e+00 8.521603791237053471e-01 8.862181321661709299e-02 2.398819634459999905e-01
7.411092999999999674e-03 4.185982999999999787e-01 6.472139000000000308e+00 8.748802853354108455e-01 5.335790857124760728e-02 8.938835022399999053e-02
7.498219000000000412e-03 6.382465000000000499e-01 1.833559999999999945e+01 9.982727653875149709e-01 6.081527690783170709e-02 7.631178321781000029e-02
1.012133999999999950e-02 3.388077999999999923e-01 6.659946999999999839e+00 5.551005930571054625e-01 3.185794841396501209e-02 1.216808295899999837e-01
1.023286999999999981e-02 6.043342000000000436e-01 2.108031000000000077e+01 6.467012788732572348e-01 2.918490095969482334e-02 2.157243489630999989e-02
1.379860999999999935e-02 2.914702000000000126e-01 6.706406000000000311e+00 5.271756011514034945e-01 2.109772263836918668e-02 7.221882428850000257e-02
1.393329999999999916e-02 5.682713999999999821e-01 2.407182999999999851e+01 5.704072050509481073e-01 1.600864685061967330e-02 4.357976278184000352e-02
1.910888000000000170e-02 2.385125999999999913e-01 6.781050999999999718e+00 2.822534446321651180e-01 1.478546986643815113e-02 3.828932880300000424e-02
1.931060000000000068e-02 5.289266999999999719e-01 2.812674000000000163e+01 3.447286265609990075e-01 9.725298589447329764e-03 8.713626815700000958e-03
2.597450000000000106e-02 2.004683999999999910e-01 7.292110000000000092e+00 1.491485007412471364e-01 1.015859963901398315e-02 7.071800141699999265e-02
2.639015000000000111e-02 4.902762999999999982e-01 3.208408000000000015e+01 2.488844650880267517e-01 5.102087819683237893e-03 2.066359304059999999e-02
3.518290999999999780e-02 1.833777000000000046e-01 8.287440999999999391e+00 1.943951880516114061e-01 8.799948893218768192e-03 7.081018087499998948e-02
3.598103999999999886e-02 4.437972000000000028e-01 3.586518000000000228e+01 1.483621534365104355e-01 3.005690598191353320e-03 2.628854044020000058e-02
3.672521000000000119e-02 7.359120999999999579e-01 1.384333000000000027e+02 1.402303304004188511e-01 9.021395496391377417e-03 3.109519976159999879e-02
4.951764000000000165e-02 4.004862000000000144e-01 3.937248000000000303e+01 1.157399154486209308e-01 1.979558031720764222e-03 5.962863297839999729e-03
5.034671000000000285e-02 6.946776000000000062e-01 1.522439999999999998e+02 1.265116809826273003e-01 4.137078934983536536e-03 1.861297365000000315e-02
6.806602999999999959e-02 3.585895000000000055e-01 4.436699999999999733e+01 8.636674095590544942e-02 1.173407428764780850e-03 1.296131037209999858e-02
6.909877999999999854e-02 6.476895000000000291e-01 1.688668999999999869e+02 7.529703087740707845e-02 1.784497883648015343e-03 4.461361990021999770e-03
9.281588000000000338e-02 3.205030999999999852e-01 5.005973999999999791e+01 4.466612620150460511e-02 7.453748470487766425e-04 1.215146275289999932e-02
9.416064999999999852e-02 6.155405999999999933e-01 1.924618000000000109e+02 4.916856518957386096e-02 8.585688946221249531e-04 2.902979456174000026e-03
1.266963999999999868e-01 2.860346000000000277e-01 5.583720000000000283e+01 4.632657749595500002e-02 5.556282010165151334e-04 4.840969256940001048e-03
1.284903000000000017e-01 5.801908999999999539e-01 2.215692999999999984e+02 3.236459994384923572e-02 4.937752568036554972e-04 3.802865714560000579e-04
1.753795999999999966e-01 2.503332999999999808e-01 6.265670000000000073e+01 3.685723043509440966e-02 3.583825585294719385e-04 4.782585387800000233e-03
1.777240999999999960e-01 5.405786000000000202e-01 2.566827999999999861e+02 1.916656035511037082e-02 2.392019589452717976e-04 1.166680487323999964e-03
2.386684000000000028e-01 2.180275000000000130e-01 7.044630999999999688e+01 1.265017888885641879e-02 2.323776699483323801e-04 4.623761798009999764e-03
2.421972000000000014e-01 5.045188000000000450e-01 2.951634999999999991e+02 1.062964563547837311e-02 1.152461576703545971e-04 1.965340609860000056e-03
2.477418000000000120e-01 7.958962000000000536e-01 1.231859999999999900e+03 3.543335262002213215e-03 5.371266504481984156e-04 5.005737389154000377e-03
3.193903000000000159e-01 1.959439000000000042e-01 7.909400999999999726e+01 8.480836260216314051e-03 1.829522518772900002e-04 2.243455215279000024e-03
3.256609999999999783e-01 4.648417000000000243e-01 3.285135999999999967e+02 5.809703968581559838e-03 6.320179582283599580e-05 7.085668549099999889e-04
3.317987000000000020e-01 7.496557000000000359e-01 1.316740000000000009e+03 4.929409779015386968e-03 1.832916415078064069e-04 1.170635501177999874e-03
4.325872000000000051e-01 1.751514999999999878e-01 9.034121000000000379e+01 3.855287149969150156e-03 1.486699444790782619e-04 1.104617284193000091e-03
4.581277999999999739e-01 4.133061000000000096e-01 3.622848000000000184e+02 2.286298480728387629e-03 2.183503561095790146e-05 1.757153075930000148e-04
4.661674000000000095e-01 7.051572999999999869e-01 1.439819999999999936e+03 1.478345502899896038e-03 4.022517241348075859e-05 3.042285374420000037e-04
6.224201999999999790e-01 3.719876999999999767e-01 4.058172000000000139e+02 4.452244006104914809e-04 3.934064017159054547e-06 1.081863485497999949e-04
6.326462000000000474e-01 6.626547999999999883e-01 1.565998000000000047e+03 2.328379065678320146e-04 4.697730699361103288e-06 6.653253499920000054e-06
8.195491000000000303e-01 3.393843999999999750e-01 4.590482000000000085e+02 2.567049815860943216e-05 2.188614434403150783e-07 4.431782375700000504e-06
8.294447000000000347e-01 6.254800000000000360e-01 1.712903000000000020e+03 8.534247587478285094e-06 1.521769744894726115e-07 2.320647401723999890e-06
