   36.00000000    0.00200000 2571.42846680   11.63441372    0.14843279    0.24923420    0.29008615
   36.00000000    0.00600000  857.14288330   11.59302521    0.14743859    0.09571920    0.17578483
   36.00000000    0.01000000  514.28570557   10.99415588    0.14168848    0.06847866    0.15736884
   36.00000000    0.01400000  367.34692383   10.94814301    0.14072695    0.05772067    0.15210441
   36.00000000    0.01800000  285.71432495   10.02242279    0.13579577    0.05195156    0.14539415
   36.00000000    0.02200000  233.76623535    9.58459091    0.13235541    0.05013650    0.14153312
   36.00000000    0.02650000  194.07008362    8.86292267    0.11329683    0.03818177    0.11955760
   36.00000000    0.03150000  163.26530457    8.20096588    0.10990927    0.03825147    0.11637535
   36.00000000    0.03650000  140.90020752    7.39311028    0.10304758    0.03386370    0.10846914
   36.00000000    0.04200000  122.44898224    6.58714867    0.08660559    0.03296740    0.09266811
   36.00000000    0.04800000  107.14286041    6.03405142    0.08542357    0.03083414    0.09081812
   36.00000000    0.05400000   95.23809052    5.43525505    0.07929096    0.02896381    0.08441539
   36.00000000    0.06050000   85.00590515    5.01374912    0.07166665    0.02923339    0.07739961
   36.00000000    0.06800000   75.63024902    4.39974928    0.06483645    0.02610572    0.06989474
   36.00000000    0.07650000   67.22689056    3.89177108    0.05586327    0.02253902    0.06023879
   36.00000000    0.08600000   59.80066299    3.35562062    0.04852166    0.02034113    0.05261286
   36.00000000    0.09650000   53.29385376    3.01921916    0.04500229    0.01974172    0.04914206
   36.00000000    0.10800000   47.61904526    2.56798053    0.03959737    0.01825901    0.04360439
   36.00000000    0.12100000   42.50295258    2.14675069    0.03331777    0.01284595    0.03570843
   36.00000000    0.13650000   37.67660904    1.84034288    0.02864082    0.01042762    0.03048002
   36.00000000    0.15500000   33.17972183    1.55184960    0.02430488    0.00853483    0.02575986
   36.00000000    0.17700000   29.05569077    1.21536469    0.01959020    0.00812514    0.02120834
   36.00000000    0.20400000   25.21008492    0.96132356    0.01613941    0.00804561    0.01803365
   36.00000000    0.23850000   21.56334305    0.76371300    0.01276852    0.00646353    0.01431126
   36.00000000    0.28500000   18.04511261    0.53822160    0.00955603    0.00578298    0.01116962
   36.00000000    0.35150000   14.63117218    0.34576595    0.00645534    0.00442483    0.00782628
   36.00000000    0.45750001   11.24121761    0.19828942    0.00392608    0.00328100    0.00511654
   36.00000000    0.60949999    8.43782997    0.09588725    0.00270930    0.00212943    0.00344598
   36.00000000    0.80650002    6.37676001    0.05110165    0.00169543    0.00121061    0.00208328
   36.00000000    1.03550005    4.96654463    0.02550705    0.00113290    0.00050814    0.00124164
   36.00000000    1.32449996    3.88286710    0.01355985    0.00066840    0.00040312    0.00078055
   36.00000000    1.72150004    2.98742795    0.00593985    0.00036847    0.00015817    0.00040099
   36.00000000    2.23449993    2.30156970    0.00298771    0.00024972    0.00008909    0.00026514
   36.00000000    2.89949989    1.77370489    0.00161781    0.00015985    0.00005482    0.00016898
   36.00000000    4.13850021    1.24268615    0.00058661    0.00006698    0.00002505    0.00007151
   36.00000000    7.50000000    0.68571430    0.00020551    0.00002249    0.00000733    0.00002365
