3.612826999999999705e-02 5.145790000000000086e-01 3.143584999999999852e+01 4.641764484504588839e-02 4.073484931577236838e-03 4.217705495960000260e-04
4.953594000000000053e-02 4.837380000000000013e-01 3.464887999999999835e+01 2.372241837618973767e-02 2.167288525821628713e-03 1.698258927071999858e-04
6.778892999999999724e-02 4.462432000000000065e-01 3.756096000000000146e+01 1.618140750403465264e-02 1.186371814023614657e-03 8.288943854939999985e-05
9.287383999999999917e-02 4.041450999999999794e-01 4.017842000000000269e+01 8.824710455656645594e-03 6.572910427908287747e-04 3.141066451600000534e-04
1.275779999999999970e-01 3.598868000000000067e-01 4.233561999999999870e+01 4.781139900556248719e-03 3.707387530011147631e-04 4.803006225835999821e-04
1.751639999999999864e-01 3.129843999999999959e-01 4.414365999999999701e+01 2.385971939936541112e-03 2.120074006887080482e-04 4.303944186280000625e-04
1.768355000000000066e-01 5.831298999999999788e-01 2.254644000000000119e+02 3.442074998052445638e-03 2.482881159086568505e-04 2.913613155640000247e-04
2.401391999999999971e-01 2.675886000000000098e-01 4.585996999999999701e+01 1.427656239059963469e-03 1.194989528616060653e-04 2.811926887249999781e-04
2.418829000000000118e-01 5.525457999999999759e-01 2.469879999999999995e+02 1.431530522815909357e-03 1.129462139041550892e-04 1.754460004010000072e-04
3.273248000000000268e-01 2.277393000000000056e-01 4.874535000000000196e+01 6.864930835451501156e-04 6.538266656372549888e-05 1.327406209968000231e-04
3.302035999999999860e-01 5.102351000000000525e-01 2.705847999999999729e+02 4.668803951131448682e-04 5.001799187368406973e-05 6.232180651669999788e-05
4.478502999999999790e-01 4.679316000000000031e-01 2.971820000000000164e+02 2.847301852299092845e-04 2.291523244648607723e-05 2.711148317899999622e-05
