3.612826999999999705e-02 5.145790000000000086e-01 3.143584999999999852e+01 3.985806005753825265e-02 4.073484931577236838e-03 3.499416369756000082e-05
4.953594000000000053e-02 4.837380000000000013e-01 3.464887999999999835e+01 2.726723715035548820e-02 2.167288525821628713e-03 1.120776012190000146e-05
6.778892999999999724e-02 4.462432000000000065e-01 3.756096000000000146e+01 1.734583566437536070e-02 1.186371814023614657e-03 1.406242625591999920e-05
9.287383999999999917e-02 4.041450999999999794e-01 4.017842000000000269e+01 9.391690187695892963e-03 6.572910427908287747e-04 7.664019177925000020e-06
1.275779999999999970e-01 3.598868000000000067e-01 4.233561999999999870e+01 5.071469540293130872e-03 3.707387530011147631e-04 3.611187215313999919e-06
1.751639999999999864e-01 3.129843999999999959e-01 4.414365999999999701e+01 3.149627229936520674e-03 2.120074006887080482e-04 2.268400733138000059e-06
1.768355000000000066e-01 5.831298999999999788e-01 2.254644000000000119e+02 3.038380806787015914e-03 2.482881159086568505e-04 5.458826572740000360e-07
2.401391999999999971e-01 2.675886000000000098e-01 4.585996999999999701e+01 1.752810334473343381e-03 1.194989528616060653e-04 7.350184577579999256e-07
2.418829000000000118e-01 5.525457999999999759e-01 2.469879999999999995e+02 1.439795934453732282e-03 1.129462139041550892e-04 2.368528588719999823e-07
3.273248000000000268e-01 2.277393000000000056e-01 4.874535000000000196e+01 8.226322625508989978e-04 6.538266656372549888e-05 3.481730498346000084e-07
3.302035999999999860e-01 5.102351000000000525e-01 2.705847999999999729e+02 6.716725385316907066e-04 5.001799187368406973e-05 2.528066353346000052e-07
4.478502999999999790e-01 4.679316000000000031e-01 2.971820000000000164e+02 2.505758589598104029e-04 2.291523244648607723e-05 6.652844971849998503e-08
