2.630377999999999883e-02 5.453113000000000543e-01 2.816529999999999845e+01 1.388951169588771850e-01 1.101176502085777185e-02 5.232439045680000768e-03
3.612826999999999705e-02 5.145790000000000086e-01 3.143584999999999852e+01 8.586229514897678050e-02 5.769444627159989181e-03 3.214922549029999681e-03
4.953594000000000053e-02 4.837380000000000013e-01 3.464887999999999835e+01 5.359351455283475202e-02 3.089617063783672585e-03 1.764024011487000040e-03
6.778892999999999724e-02 4.462432000000000065e-01 3.756096000000000146e+01 3.214012353719617604e-02 1.686895340056313508e-03 9.724229585919999617e-04
9.287383999999999917e-02 4.041450999999999794e-01 4.017842000000000269e+01 1.823377932115340452e-02 9.308932565027301003e-04 5.233823228370000505e-04
9.384536000000000266e-02 6.457680999999999560e-01 1.914087000000000103e+02 1.520747048434662255e-02 1.674231961285411064e-03 9.299822300999998595e-05
1.275779999999999970e-01 3.598868000000000067e-01 4.233561999999999870e+01 1.208273646103367668e-02 5.231501894020205469e-04 3.853829443199999942e-04
1.286976999999999982e-01 6.184161000000000241e-01 2.062683000000000106e+02 9.337364334091208598e-03 7.600329862244057473e-04 2.471582199300000277e-04
1.751639999999999864e-01 3.129843999999999959e-01 4.414365999999999701e+01 6.915767980162853407e-03 3.003039376532421877e-04 2.041731101696999805e-04
1.768355000000000066e-01 5.831298999999999788e-01 2.254644000000000119e+02 5.540626514381179896e-03 3.481978613840071052e-04 2.180514121425000088e-04
2.401391999999999971e-01 2.675886000000000098e-01 4.585996999999999701e+01 3.518135175156496437e-03 1.691976128126839525e-04 9.568681474170000081e-05
2.418829000000000118e-01 5.525457999999999759e-01 2.469879999999999995e+02 2.473104370554195675e-03 1.600855239707458025e-04 1.268888479767999930e-04
3.273248000000000268e-01 2.277393000000000056e-01 4.874535000000000196e+01 1.613429150523778112e-03 9.215511617614639513e-05 3.944037863039999942e-06
3.302035999999999860e-01 5.102351000000000525e-01 2.705847999999999729e+02 1.032858167454493194e-03 7.092727539492345279e-05 4.773409699799999873e-05
4.448641999999999874e-01 1.910920000000000119e-01 5.206564999999999799e+01 7.324985033405421444e-04 5.221985791456715546e-05 1.826860856471999921e-06
4.478502999999999790e-01 4.679316000000000031e-01 2.971820000000000164e+02 4.712895919079800478e-04 3.242715117838471800e-05 3.092894855709999255e-05
6.020794999999999897e-01 4.198527000000000231e-01 3.150731999999999857e+02 1.537078314732329544e-04 1.386761478519662743e-05 1.239291104780999803e-06
