   36.00000000    0.00200000 2571.42846680    7.65533876    0.07879655    0.22992009    0.24304762
   36.00000000    0.00600000  857.14288330    7.43931723    0.07550035    0.09935512    0.12478679
   36.00000000    0.01000000  514.28570557    7.34645081    0.07440975    0.08314092    0.11157610
   36.00000000    0.01400000  367.34692383    7.23465538    0.07200049    0.07761654    0.10586972
   36.00000000    0.01800000  285.71432495    7.03908300    0.07260219    0.07679819    0.10568368
   36.00000000    0.02200000  233.76623535    6.85231209    0.07152687    0.07430252    0.10313562
   36.00000000    0.02650000  194.07008362    6.59651899    0.06337511    0.06787200    0.09286018
   36.00000000    0.03150000  163.26530457    6.31597042    0.06074973    0.06528497    0.08917768
   36.00000000    0.03650000  140.90020752    6.04094410    0.06045526    0.06459887    0.08847515
   36.00000000    0.04200000  122.44898224    5.72904253    0.05328262    0.05973404    0.08004495
   36.00000000    0.04800000  107.14286041    5.45079899    0.05145912    0.05920275    0.07844111
   36.00000000    0.05400000   95.23809052    5.19370604    0.04870533    0.05654279    0.07462771
   36.00000000    0.06050000   85.00590515    4.78115034    0.04362986    0.05234778    0.06814583
   36.00000000    0.06800000   75.63024902    4.36853075    0.03944301    0.04766330    0.06186713
   36.00000000    0.07650000   67.22689056    4.04162359    0.03589435    0.04554329    0.05798789
   36.00000000    0.08600000   59.80066299    3.65677047    0.03233860    0.04119134    0.05236899
   36.00000000    0.09650000   53.29385376    3.28894520    0.02856930    0.03673920    0.04654003
   36.00000000    0.10800000   47.61904526    2.89647770    0.02559795    0.03302189    0.04178158
   36.00000000    0.12100000   42.50295258    2.57562613    0.02202272    0.02282259    0.03171547
   36.00000000    0.13650000   37.67660904    2.16302204    0.01783073    0.01882666    0.02593026
   36.00000000    0.15500000   33.17972183    1.83380103    0.01538180    0.01605751    0.02223608
   36.00000000    0.17700000   29.05569077    1.49654818    0.01269349    0.01329779    0.01838358
   36.00000000    0.20400000   25.21008492    1.21296239    0.01048870    0.01053361    0.01486505
   36.00000000    0.23850000   21.56334305    0.93987036    0.00768657    0.00841213    0.01139506
   36.00000000    0.28500000   18.04511261    0.70394433    0.00557221    0.01235917    0.01355723
   36.00000000    0.35150000   14.63117218    0.48735708    0.00396124    0.00864882    0.00951280
   36.00000000    0.45750001   11.24121761    0.30088270    0.00237752    0.00549347    0.00598588
   36.00000000    0.60949999    8.43782997    0.17578705    0.00163384    0.00349937    0.00386200
   36.00000000    0.80650002    6.37676001    0.10036269    0.00113867    0.00205495    0.00234934
   36.00000000    1.03550005    4.96654463    0.05855183    0.00086174    0.00129843    0.00155837
   36.00000000    1.32449996    3.88286710    0.03221989    0.00060790    0.00077056    0.00098148
   36.00000000    1.72150004    2.98742795    0.01691962    0.00036767    0.00041430    0.00055392
   36.00000000    2.23449993    2.30156970    0.00879534    0.00022998    0.00021745    0.00031651
   36.00000000    2.89949989    1.77370489    0.00444825    0.00014381    0.00012192    0.00018853
   36.00000000    4.13850021    1.24268615    0.00198125    0.00006306    0.00005147    0.00008140
   36.00000000    7.50000000    0.68571430    0.00050196    0.00001892    0.00001332    0.00002314
