3.945996999999999699e-03 6.159253999999999563e-01 6.063640000000000363e+00 1.231099438697222936e+01 1.980228862446533900e-01 2.585492504643072564e+00
3.976168000000000410e-03 7.475549000000000222e-01 1.421352000000000082e+01 5.786405849624656206e+00 4.269971104985220700e-01 1.493044242192746340e+00
5.409386999999999876e-03 5.590418000000000331e-01 6.192109000000000307e+00 5.322049499653020987e+00 1.054977898694960670e-01 1.253023223613430215e+00
5.475268999999999622e-03 7.105903000000000080e-01 1.528201999999999927e+01 4.423809302410490751e+00 1.838786146069220917e-01 1.025172784946439375e+00
7.411438000000000227e-03 5.066979000000000344e-01 6.338938999999999879e+00 2.782903864422283213e+00 5.907402566466252170e-02 6.701440051097445894e-01
7.487101999999999820e-03 6.714468000000000103e-01 1.679294000000000153e+01 2.438163444162658511e+00 8.507571540833365475e-02 4.962589718678780959e-01
1.012048999999999935e-02 4.442232999999999876e-01 6.432182000000000066e+00 2.356562154864176861e+00 3.497040659087324865e-02 2.717920818124806015e-01
1.022136000000000051e-02 6.436876000000000264e-01 1.853968000000000060e+01 2.708177772020259777e+00 4.165106540305024002e-02 3.132650216389867293e-01
1.389717000000000036e-02 3.831652999999999865e-01 6.492327999999999655e+00 1.459351412164472617e+00 2.134936949547545232e-02 2.019597337332880715e-01
1.399555000000000070e-02 5.979316999999999549e-01 2.081220000000000070e+01 1.631444345308398658e+00 2.167236331046742265e-02 2.661625020025230604e-01
1.904424999999999868e-02 3.253357000000000054e-01 6.584289000000000058e+00 1.260111454239597917e+00 1.351723707851274110e-02 2.075252197163959256e-01
1.918635999999999953e-02 5.512787999999999577e-01 2.329044999999999987e+01 1.360878542044686057e+00 1.165306220159680571e-02 2.425766646742456567e-01
2.616871000000000128e-02 2.644803000000000015e-01 6.636384999999999756e+00 7.275919994331070395e-01 8.827282552186167114e-03 2.078671710409367157e-01
2.631655000000000105e-02 5.082465000000000455e-01 2.603930000000000078e+01 6.791075635037278069e-01 6.585636848517623099e-03 2.134166017694911210e-01
2.685227999999999920e-02 7.901846999999999621e-01 1.273387000000000029e+02 5.116389561015284304e-01 3.687695505141201646e-02 2.247967569868511983e-01
3.598368999999999873e-02 2.172001000000000071e-01 6.681080999999999825e+00 5.518655838544026526e-01 5.843912986310975319e-03 1.904538690442709181e-01
3.613188999999999984e-02 4.534197999999999840e-01 2.878997000000000028e+01 5.114501187831121953e-01 3.804123786628531810e-03 1.725633159991950272e-01
3.678958000000000228e-02 7.317023999999999750e-01 1.356888999999999896e+02 4.262716688933231857e-01 1.450348085776123619e-02 1.465620518799861660e-01
4.933619999999999672e-02 1.709324000000000121e-01 6.682077999999999740e+00 5.596626581823597180e-01 3.955870771614399331e-03 1.575613914957784967e-01
4.953615000000000101e-02 3.956266999999999978e-01 3.115703999999999851e+01 3.358870566248469691e-01 2.277982823216820243e-03 1.354137597308085472e-01
5.022979000000000332e-02 6.761336000000000013e-01 1.463277999999999963e+02 3.146838772235829862e-01 6.300218697567610236e-03 1.057664500308043848e-01
6.757201999999999653e-02 1.349027999999999894e-01 6.698408999999999835e+00 2.219860515822690283e-01 2.705927265385507305e-03 1.302381316240669440e-01
6.780708000000000568e-02 3.360043999999999809e-01 3.331186000000000291e+01 2.148732360058416002e-01 1.412133166015509811e-03 1.025990493862559833e-01
6.859435999999999312e-02 6.101029999999999509e-01 1.580704000000000065e+02 2.045666557889756765e-01 2.943858509187352590e-03 8.090481916456250533e-02
9.275690000000000324e-02 1.030763999999999986e-01 6.729549999999999699e+00 1.586130000242856330e-01 1.864652567457570796e-03 1.029158817061326531e-01
9.294545999999999364e-02 2.795588999999999991e-01 3.530718000000000245e+01 2.221502963482243909e-01 8.930454471864799834e-04 7.891347243909940801e-02
9.379627999999999577e-02 5.458353000000000232e-01 1.717031000000000063e+02 1.568795455887269652e-01 1.475431145469530440e-03 5.934660211832388371e-02
1.273603000000000096e-01 7.838304999999999578e-02 6.734518999999999700e+00 2.629661731002408409e-01 1.291195036618298861e-03 8.044488238919988987e-02
1.276131000000000071e-01 2.259741000000000111e-01 3.667222999999999900e+01 6.967068488503172508e-02 5.787214641556207625e-04 5.899700676186195314e-02
1.284887999999999864e-01 4.781255999999999839e-01 1.858949000000000069e+02 9.948772274337892851e-02 7.894517337921899214e-04 4.285593237354986401e-02
1.752052000000000054e-01 5.873384999999999717e-02 6.752418999999999727e+00 1.113119910726895340e-01 8.930094371101737413e-04 6.099311198326617250e-02
1.754196000000000089e-01 1.793703000000000103e-01 3.792342000000000013e+01 4.272305563459629502e-02 3.775185402170310204e-04 4.199530701423229151e-02
1.765328999999999926e-01 4.065385000000000248e-01 2.008867999999999938e+02 7.675752711042950482e-02 4.345980880009309936e-04 2.968307225544893069e-02
1.830403999999999920e-01 7.734432999999999447e-01 1.166517000000000053e+03 4.372866306332454100e-02 2.793055220839766196e-03 1.711870094188107372e-02
2.403175999999999923e-01 4.447124999999999689e-02 6.763117000000000267e+00 9.693613971982839583e-02 5.995381488513892680e-04 4.321587936099954147e-02
2.404611000000000109e-01 1.403786999999999952e-01 3.892790000000000106e+01 4.946944211109745304e-02 2.417767940370354747e-04 2.722544225271187127e-02
2.418451000000000073e-01 3.447838999999999765e-01 2.178179000000000087e+02 4.081874119515904731e-02 2.421217394969128506e-04 1.771232463325345813e-02
2.485401999999999889e-01 6.798385000000000122e-01 1.195538999999999987e+03 1.025091896095339621e-02 9.854789655384629029e-04 8.014905997845536353e-03
3.286840999999999791e-01 3.284196999999999811e-02 6.738280999999999743e+00 6.468545035179784630e-02 3.852768894969963928e-04 2.696785284484384468e-02
3.285250000000000115e-01 1.088355000000000017e-01 3.964166000000000167e+01 3.385945336619235885e-02 1.469331085294017715e-04 1.487905045025197590e-02
3.299757999999999858e-01 2.862667999999999879e-01 2.326679000000000030e+02 2.238311183327161211e-02 1.309495202299470074e-04 8.331169113477188831e-03
3.365125999999999951e-01 5.741950999999999583e-01 1.240993999999999915e+03 1.621942656766904231e-02 3.835197449287453420e-04 3.398610605609535002e-03
4.459009999999999918e-01 2.469377000000000030e-02 6.725234000000000378e+00 3.451004884071745549e-02 2.290968633160415154e-04 1.342864808992572448e-02
4.445927000000000073e-01 8.391514999999999391e-02 4.000142000000000309e+01 1.847992019978649675e-02 8.252232798778342431e-05 5.298794530643368556e-03
4.452963999999999811e-01 2.383176999999999934e-01 2.502871000000000095e+02 8.611732497146293297e-03 6.657115888607809204e-05 1.811684742739895449e-03
4.519820999999999978e-01 5.026793000000000511e-01 1.308204999999999927e+03 5.208801012787690060e-03 1.478170072651156580e-04 7.827889816637277100e-04
5.895059999999999745e-01 1.944716000000000153e-02 7.067008999999999652e+00 1.580606340114872055e-03 1.359006658157147873e-04 4.055003091332642570e-03
6.004135999999999918e-01 6.336493999999999460e-02 3.917551999999999879e+01 1.749642758772811547e-03 3.769315526253856380e-05 1.792355391945988936e-03
5.995557999999999721e-01 1.939957999999999960e-01 2.619904000000000224e+02 2.339474718050888087e-03 2.771367788970895984e-05 2.332699770052580005e-03
