5.340654000000000234e-03 6.626760999999999902e-01 6.126202000000000147e+00 1.989224619250020476e+00 1.508118227451344107e-01 1.685391301024000144e-01
7.452877999999999586e-03 5.988959000000000366e-01 6.293675999999999604e+00 1.440656859302856363e+00 8.457334136589624018e-02 8.571499813085999009e-02
7.545874000000000158e-03 7.710515999999999481e-01 1.491207999999999956e+01 1.429222296967105343e+00 1.266793265462475837e-01 4.362033795280000070e-02
1.016009000000000009e-02 5.298534999999999773e-01 6.442972000000000143e+00 1.010142214987795661e+00 4.746270866951182027e-02 6.023523480225999316e-02
1.027885000000000083e-02 7.376006000000000506e-01 1.668320999999999898e+01 1.015626634437825748e+00 5.486645560867145499e-02 1.699771803685999789e-03
1.381771000000000041e-02 4.615525999999999796e-01 6.550130000000000230e+00 7.505996989725370883e-01 3.049175215721093915e-02 4.038101266454999921e-02
1.394595000000000036e-02 6.994690000000000074e-01 1.878267999999999915e+01 7.252752668405587633e-01 2.850852451136213703e-02 1.666773620819999788e-02
1.916794999999999957e-02 3.889769000000000143e-01 6.638311999999999991e+00 5.490762584556189152e-01 2.099287794706481899e-02 5.665618808880000176e-03
1.934345000000000162e-02 6.581976999999999967e-01 2.153847000000000023e+01 5.313591743957786218e-01 1.612525040475955990e-02 4.388238949999999708e-03
2.623680000000000109e-02 3.235321999999999920e-01 6.725966999999999807e+00 3.998167749191617326e-01 1.287113802538562661e-02 1.624761025258000119e-02
2.646580000000000113e-02 6.223878999999999939e-01 2.486673000000000044e+01 3.736625190025928966e-01 8.300835667080418145e-03 5.826681432000000230e-03
3.578040999999999860e-02 2.640030999999999906e-01 6.785692000000000057e+00 2.896879933322395462e-01 8.645663328004654299e-03 1.127378181096999957e-02
3.601332000000000144e-02 5.810735000000000205e-01 2.835838000000000036e+01 2.480639934516054579e-01 4.670570257350382948e-03 9.347448083159999241e-03
4.926462000000000202e-02 2.082649000000000028e-01 6.812135999999999747e+00 2.081572991446641596e-01 6.475260316899977657e-03 4.605344561874999583e-03
4.958909999999999707e-02 5.262318000000000273e-01 3.159321999999999875e+01 1.830851020068609836e-01 2.994091163197301966e-03 1.202261273881200096e-03
5.072963999999999946e-02 8.137623999999999969e-01 1.308024000000000058e+02 1.282530858363152004e-01 9.573570070959561140e-03 1.542771159424000116e-02
6.792065999999999382e-02 1.633659000000000083e-01 6.843099999999999739e+00 1.459658338083755225e-01 4.131088042872315715e-03 3.180586434719999151e-03
6.835779999999999634e-02 4.741524999999999768e-01 3.501487999999999801e+01 1.246979699180263690e-01 1.616056587100340829e-03 2.875733577179999650e-03
6.951528999999999348e-02 7.735349000000000252e-01 1.420909000000000049e+02 9.143926284760502121e-02 3.530442558376041973e-03 4.412236702884999272e-03
9.273849000000000675e-02 1.264649999999999941e-01 6.872404000000000401e+00 1.041057864649019837e-01 2.803289909798065485e-03 3.578636377805999649e-03
9.313111999999999779e-02 4.177988000000000257e-01 3.786961000000000155e+01 8.381176335695585122e-02 9.699963309640066223e-04 3.330209612940000178e-03
9.436300999999999717e-02 7.316947999999999785e-01 1.552565999999999917e+02 6.263209629076547935e-02 1.488278371873457588e-03 4.813366992312999369e-04
1.267372999999999972e-01 9.676012999999999975e-02 6.888719000000000037e+00 7.436111624688872268e-02 2.156112461510290446e-03 2.533170313530999727e-03
1.267841000000000107e-01 3.481759999999999855e-01 3.939224000000000103e+01 6.153860017264590337e-02 7.021798119132787288e-04 5.472686185512000119e-04
1.276946999999999943e-01 6.772793000000000285e-01 1.689915000000000020e+02 4.507341859324787148e-02 8.016889824950593213e-04 2.228789265104999702e-04
1.758764999999999912e-01 7.274518000000000650e-02 6.901901999999999759e+00 5.155603617053677867e-02 1.411326875650927709e-03 5.128772098319999903e-04
1.765892000000000017e-01 2.873149999999999871e-01 4.136954999999999671e+01 3.906277477995144520e-02 4.122440146016707625e-04 5.391941637499999976e-04
1.785252999999999979e-01 6.212701000000000473e-01 1.893143000000000029e+02 2.648851961598180232e-02 3.688902934971893073e-04 3.277339291503999857e-04
2.401009000000000060e-01 5.541792000000000246e-02 6.906947999999999865e+00 3.264575053406134492e-02 8.960247003472610180e-04 1.170776331088000007e-03
2.409405000000000019e-01 2.400650000000000006e-01 4.337586999999999904e+01 2.613553586113362762e-02 2.380306913411812659e-04 9.865801706495000954e-04
2.428850999999999927e-01 5.741773999999999489e-01 2.125037000000000091e+02 1.562275868517781600e-02 1.684629620004756182e-04 6.955317660620999234e-04
3.248855999999999966e-01 4.186122999999999927e-02 6.926198000000000299e+00 1.993670011134586126e-02 6.211939980210843138e-04 5.800938902009999953e-04
3.237389999999999990e-01 1.910536999999999930e-01 4.398711999999999733e+01 1.415408182094171283e-02 1.591472377048909806e-04 3.755703660842999564e-04
3.228638999999999815e-01 5.062048000000000103e-01 2.281564999999999941e+02 9.282837543583060888e-03 9.904845043537833182e-05 2.403915939899999910e-04
3.261395000000000266e-01 8.454034999999999744e-01 1.186724999999999909e+03 4.360889441830381047e-03 4.596302719799495642e-04 1.462206281840000089e-03
4.553526999999999991e-01 3.044826000000000130e-02 6.927561999999999998e+00 8.632436570533922465e-03 3.093345763406867943e-04 4.710346054127999196e-04
4.566279999999999784e-01 1.452525000000000066e-01 4.446640000000000015e+01 5.889411149101670025e-03 7.023319537743678018e-05 2.383862803712999791e-04
4.608722000000000096e-01 4.160702000000000012e-01 2.433497999999999877e+02 3.217393296618468752e-03 3.485516623009528542e-05 4.597669525718999693e-05
4.732277999999999762e-01 7.705937000000000481e-01 1.240445999999999913e+03 1.398299928746120357e-03 8.163856049924263388e-05 2.947535443840000385e-04
6.204802000000000373e-01 2.296505999999999895e-02 6.935997000000000412e+00 2.622856607066003168e-03 9.077820652567041644e-05 1.193358888946000111e-04
6.225038999999999989e-01 1.179178000000000032e-01 4.609270000000000067e+01 1.404146780574081063e-03 1.622083554092715416e-05 4.943446092720000753e-05
6.275448999999999611e-01 3.756334000000000062e-01 2.710427000000000248e+02 6.173016539949324321e-04 6.038231225664412785e-06 4.233860114672999709e-05
6.414841999999999489e-01 7.151574000000000542e-01 1.313990000000000009e+03 2.401196942501665878e-04 8.196090487074836293e-06 1.477042106975999962e-05
8.195078999999999558e-01 1.765335000000000168e-02 6.947398999999999880e+00 3.113132586859109277e-04 1.721896852144234375e-05 1.956215374841000293e-05
8.203451999999999966e-01 9.691737999999999742e-02 4.745085999999999871e+01 9.572783601205842236e-05 1.412456130921422690e-06 2.790782356791000424e-06
8.252247000000000332e-01 3.402620000000000089e-01 2.971478999999999928e+02 3.022990295682204649e-05 3.378838141949335389e-07 1.773015792786999817e-06
8.368811999999999918e-01 6.663771000000000555e-01 1.381980999999999995e+03 7.585286279102617960e-06 2.696350761467074331e-07 9.994862064360001114e-07
