*******************************************************************************************
SetName: NMCPD
Author: Juan Rojo juan.rojo@physics.ox.ac.uk
Date: 2016
CodesUsed: None 
TheoryInput: MMHT14 NLO fitted functional form for deuteron nuclear correction
PDFset: MMHT14 NLO
Warnings: Normalisation corrections for APPLgrid
********************************************************************************************
0.991947
0.991947
0.991947
0.991947
0.991947
0.99706
0.99706
0.99706
0.99706
0.99706
0.99706
0.99706
1.00011
1.00011
1.00011
1.00011
1.00011
1.00011
1.00011
1.00011
1.00011
1.00238
1.00238
1.00238
1.00238
1.00238
1.00238
1.00238
1.00238
1.00238
1.00238
1.00238
1.00238
1.00406
1.00406
1.00406
1.00406
1.00406
1.00406
1.00406
1.00406
1.00406
1.00406
1.00406
1.00406
1.00406
1.00406
1.00501
1.00501
1.00501
1.00501
1.00501
1.00501
1.00501
1.00501
1.00501
1.00501
1.00501
1.00501
1.00501
1.00501
1.00574
1.00574
1.00574
1.00574
1.00574
1.00574
1.00574
1.00574
1.00574
1.00574
1.00574
1.00574
1.00574
1.00574
1.00574
1.00615
1.00615
1.00615
1.00615
1.00615
1.00615
1.00615
1.00615
1.00615
1.00615
1.00615
1.00615
1.00615
1.00615
1.00615
1.00615
1.0063
1.0063
1.0063
1.0063
1.0063
1.0063
1.0063
1.0063
1.0063
1.0063
1.0063
1.0063
1.0063
1.0063
1.0063
1.0063
1.00544
1.00544
1.00544
1.00544
1.00544
1.00544
1.00544
1.00544
1.00544
1.00544
1.00544
1.00544
1.00544
1.00544
1.00544
1.00544
1.00366
1.00366
1.00366
1.00366
1.00366
1.00366
1.00366
1.00366
1.00366
1.00366
1.00366
1.00366
1.00366
1.00366
1.00366
1.00366
1.00156
1.00156
1.00156
1.00156
1.00156
1.00156
1.00156
1.00156
1.00156
1.00156
1.00156
1.00156
1.00156
1.00156
1.00156
1.00156
0.998214
0.998214
0.998214
0.998214
0.998214
0.998214
0.998214
0.998214
0.998214
0.998214
0.998214
0.998214
0.998214
0.998214
0.998214
0.993784
0.993784
0.993784
0.993784
0.993784
0.993784
0.993784
0.993784
0.993784
0.993784
0.993784
0.993784
0.993784
0.993784
0.993784
0.989045
0.989045
0.989045
0.989045
0.989045
0.989045
0.989045
0.989045
0.989045
0.989045
0.989045
0.989045
0.989045
0.989045
0.984147
0.984147
0.984147
0.984147
0.984147
0.984147
0.984147
0.984147
0.984147
0.984147
0.984147
0.984147
0.984147
0.984147
0.977627
0.977627
0.977627
0.977627
0.977627
0.977627
0.977627
0.977627
0.977627
0.977627
0.977627
0.977627
0.977627
0.971856
0.971856
0.971856
0.971856
0.971856
0.971856
0.971856
0.971856
0.971856
0.971856
0.971856
0.971856
0.976115
0.976115
0.976115
0.976115
0.976115
0.976115
0.976115
0.976115
0.976115
0.976115
0.976115
1.02506
1.02506
1.02506
1.02506
1.02506
1.02506
1.02506
1.02506
1.02506
1.02506
