********************************************************************************
SetName: CHORUSNBPb_sh_ite
Author: Emanuele R. Nocera <enocera@ed.ac.uk>
Date: 2020
CodesUsed: Validphys 
TheoryInput: NNPDF4.0 + nNNPDF2.0
PDFset: nNNPDF2.0
Warnings:
********************************************************************************
0.000000   0.00000
0.000000   0.00000
0.000000   0.00000
0.000000   0.00000
0.000000   0.00000
0.000000   0.00000
0.000000   0.00000
0.000000   0.00000
0.000000   0.00000
0.000000   0.00000
0.000000   0.00000
0.000000   0.00000
0.000000   0.00000
0.000000   0.00000
0.000000   0.00000
0.000000   0.00000
0.000000   0.00000
0.944878   0.00000
0.925866   0.00000
0.902828   0.00000
0.000000   0.00000
0.944491   0.00000
0.937222   0.00000
0.926841   0.00000
0.912972   0.00000
0.932401   0.00000
0.939636   0.00000
0.944758   0.00000
0.950005   0.00000
0.956799   0.00000
0.935616   0.00000
0.951374   0.00000
0.970436   0.00000
0.997284   0.00000
1.038680   0.00000
0.956538   0.00000
0.982714   0.00000
1.021170   0.00000
1.082860   0.00000
1.001280   0.00000
1.042570   0.00000
1.103830   0.00000
1.203720   0.00000
1.103350   0.00000
1.169070   0.00000
1.261280   0.00000
1.281470   0.00000
1.381890   0.00000
1.514820   0.00000
0.000000   0.00000
0.000000   0.00000
0.000000   0.00000
0.000000   0.00000
0.000000   0.00000
0.000000   0.00000
0.000000   0.00000
0.000000   0.00000
0.000000   0.00000
0.000000   0.00000
0.000000   0.00000
0.000000   0.00000
0.000000   0.00000
0.000000   0.00000
0.000000   0.00000
0.000000   0.00000
0.910125   0.00000
0.889347   0.00000
0.000000   0.00000
0.000000   0.00000
0.959284   0.00000
0.946144   0.00000
0.930367   0.00000
0.911218   0.00000
0.000000   0.00000
0.955330   0.00000
0.951537   0.00000
0.945990   0.00000
0.938372   0.00000
0.928481   0.00000
0.935877   0.00000
0.946375   0.00000
0.953138   0.00000
0.959500   0.00000
0.967503   0.00000
0.978705   0.00000
0.933447   0.00000
0.949989   0.00000
0.966496   0.00000
0.987351   0.00000
1.017500   0.00000
1.064100   0.00000
0.944520   0.00000
0.965850   0.00000
0.993829   0.00000
1.034560   0.00000
1.099320   0.00000
1.210760   0.00000
0.977019   0.00000
1.008710   0.00000
1.050520   0.00000
1.112250   0.00000
1.211990   0.00000
1.064930   0.00000
1.117760   0.00000
1.181500   0.00000
1.271680   0.00000
1.412480   0.00000
1.224170   0.00000
1.309030   0.00000
1.404390   0.00000
1.532160   0.00000
1.722210   0.00000
0.000000   0.00000
0.000000   0.00000
0.000000   0.00000
0.000000   0.00000
0.000000   0.00000
0.000000   0.00000
0.000000   0.00000
0.000000   0.00000
0.000000   0.00000
0.000000   0.00000
0.000000   0.00000
0.000000   0.00000
0.000000   0.00000
0.802962   0.00000
0.000000   0.00000
0.000000   0.00000
0.000000   0.00000
0.929205   0.00000
0.913429   0.00000
0.894309   0.00000
0.872721   0.00000
0.000000   0.00000
0.969796   0.00000
0.959835   0.00000
0.948559   0.00000
0.934731   0.00000
0.917930   0.00000
0.898856   0.00000
0.960341   0.00000
0.958984   0.00000
0.956049   0.00000
0.951780   0.00000
0.946046   0.00000
0.938674   0.00000
0.930066   0.00000
0.945000   0.00000
0.954021   0.00000
0.960644   0.00000
0.968116   0.00000
0.977959   0.00000
0.991939   0.00000
1.011370   0.00000
0.942460   0.00000
0.958487   0.00000
0.975154   0.00000
0.997006   0.00000
1.029070   0.00000
1.078730   0.00000
1.155090   0.00000
0.950004   0.00000
0.972226   0.00000
1.001010   0.00000
1.042850   0.00000
1.109280   0.00000
1.222760   0.00000
0.982226   0.00000
1.014220   0.00000
1.056390   0.00000
1.118450   0.00000
1.218240   0.00000
1.394310   0.00000
1.076080   0.00000
1.127060   0.00000
1.189790   0.00000
1.278970   0.00000
1.419760   0.00000
1.651330   0.00000
1.245690   0.00000
1.325860   0.00000
1.418260   0.00000
1.544840   0.00000
1.727890   0.00000
0.000000   0.00000
0.000000   0.00000
0.000000   0.00000
0.000000   0.00000
0.000000   0.00000
0.000000   0.00000
0.000000   0.00000
0.000000   0.00000
0.000000   0.00000
0.000000   0.00000
0.000000   0.00000
0.846325   0.00000
0.830022   0.00000
0.811031   0.00000
0.000000   0.00000
0.000000   0.00000
0.943119   0.00000
0.931248   0.00000
0.916299   0.00000
0.898361   0.00000
0.878450   0.00000
0.000000   0.00000
0.969616   0.00000
0.961078   0.00000
0.950994   0.00000
0.938477   0.00000
0.923283   0.00000
0.906190   0.00000
0.962742   0.00000
0.961604   0.00000
0.959366   0.00000
0.956122   0.00000
0.951737   0.00000
0.946159   0.00000
0.939766   0.00000
0.950752   0.00000
0.958785   0.00000
0.965643   0.00000
0.973860   0.00000
0.985075   0.00000
1.001050   0.00000
1.023000   0.00000
0.948607   0.00000
0.963911   0.00000
0.980728   0.00000
1.003300   0.00000
1.036720   0.00000
1.088360   0.00000
1.167270   0.00000
0.954266   0.00000
0.976818   0.00000
1.005980   0.00000
1.048530   0.00000
1.115960   0.00000
1.232350   0.00000
1.436460   0.00000
0.986347   0.00000
1.018550   0.00000
1.060940   0.00000
1.123220   0.00000
1.224370   0.00000
1.397880   0.00000
1.083990   0.00000
1.133840   0.00000
1.195960   0.00000
1.285970   0.00000
1.423760   0.00000
1.652120   0.00000
1.260480   0.00000
1.337540   0.00000
1.429580   0.00000
1.552230   0.00000
1.732420   0.00000
2.006060   0.00000
0.000000   0.00000
0.000000   0.00000
0.000000   0.00000
0.000000   0.00000
0.000000   0.00000
0.000000   0.00000
0.000000   0.00000
0.000000   0.00000
0.000000   0.00000
0.000000   0.00000
0.866005   0.00000
0.853514   0.00000
0.837791   0.00000
0.820087   0.00000
0.000000   0.00000
0.953673   0.00000
0.945165   0.00000
0.933975   0.00000
0.919937   0.00000
0.903332   0.00000
0.885206   0.00000
0.977355   0.00000
0.970325   0.00000
0.963138   0.00000
0.954244   0.00000
0.943091   0.00000
0.929574   0.00000
0.914496   0.00000
0.965157   0.00000
0.964570   0.00000
0.963153   0.00000
0.961011   0.00000
0.958106   0.00000
0.954447   0.00000
0.950381   0.00000
0.956144   0.00000
0.963446   0.00000
0.970697   0.00000
0.979877   0.00000
0.992619   0.00000
1.010690   0.00000
1.035260   0.00000
0.954583   0.00000
0.969226   0.00000
0.986194   0.00000
1.009630   0.00000
1.044480   0.00000
1.099780   0.00000
1.181900   0.00000
0.959014   0.00000
0.981634   0.00000
1.011150   0.00000
1.054260   0.00000
1.123530   0.00000
1.239930   0.00000
1.444070   0.00000
0.991238   0.00000
1.023570   0.00000
1.066130   0.00000
1.129530   0.00000
1.229610   0.00000
1.402280   0.00000
1.713890   0.00000
1.092560   0.00000
1.141370   0.00000
1.204070   0.00000
1.292030   0.00000
1.428790   0.00000
1.654210   0.00000
1.275930   0.00000
1.351470   0.00000
1.439620   0.00000
1.560500   0.00000
1.737960   0.00000
2.006170   0.00000
0.000000   0.00000
0.000000   0.00000
0.000000   0.00000
0.000000   0.00000
0.000000   0.00000
0.000000   0.00000
0.000000   0.00000
0.000000   0.00000
0.000000   0.00000
0.000000   0.00000
0.000000   0.00000
0.881486   0.00000
0.872751   0.00000
0.860407   0.00000
0.845442   0.00000
0.829052   0.00000
0.000000   0.00000
0.000000   0.00000
0.955584   0.00000
0.947558   0.00000
0.936952   0.00000
0.923834   0.00000
0.908532   0.00000
0.892098   0.00000
0.000000   0.00000
0.977151   0.00000
0.971824   0.00000
0.965670   0.00000
0.957807   0.00000
0.947861   0.00000
0.935880   0.00000
0.922660   0.00000
0.965879   0.00000
0.967493   0.00000
0.967477   0.00000
0.966859   0.00000
0.965763   0.00000
0.964220   0.00000
0.962323   0.00000
0.960360   0.00000
0.948179   0.00000
0.960395   0.00000
0.967491   0.00000
0.975207   0.00000
0.985314   0.00000
0.999448   0.00000
1.020550   0.00000
1.047870   0.00000
0.941448   0.00000
0.959513   0.00000
0.973603   0.00000
0.990868   0.00000
1.015040   0.00000
1.051950   0.00000
1.107940   0.00000
1.192290   0.00000
0.941791   0.00000
0.963396   0.00000
0.985922   0.00000
1.015610   0.00000
1.059800   0.00000
1.129280   0.00000
1.246530   0.00000
1.450380   0.00000
0.966169   0.00000
0.996173   0.00000
1.028520   0.00000
1.071850   0.00000
1.134570   0.00000
1.234800   0.00000
1.406860   0.00000
1.714470   0.00000
1.051430   0.00000
1.100680   0.00000
1.149640   0.00000
1.210540   0.00000
1.298170   0.00000
1.434240   0.00000
1.657490   0.00000
2.026190   0.00000
1.209510   0.00000
1.289930   0.00000
1.362420   0.00000
1.449120   0.00000
1.568590   0.00000
1.743930   0.00000
2.007840   0.00000
0.000000   0.00000
0.000000   0.00000
0.000000   0.00000
0.000000   0.00000
0.000000   0.00000
0.000000   0.00000
0.737731   0.00000
0.000000   0.00000
0.000000   0.00000
0.891243   0.00000
0.886591   0.00000
0.877641   0.00000
0.865589   0.00000
0.851317   0.00000
0.000000   0.00000
0.962472   0.00000
0.957232   0.00000
0.949553   0.00000
0.939477   0.00000
0.927100   0.00000
0.912737   0.00000
0.000000   0.00000
0.977683   0.00000
0.973305   0.00000
0.967822   0.00000
0.960653   0.00000
0.951592   0.00000
0.940680   0.00000
0.967591   0.00000
0.969251   0.00000
0.969698   0.00000
0.969655   0.00000
0.969302   0.00000
0.968742   0.00000
0.968608   0.00000
0.952734   0.00000
0.963183   0.00000
0.970218   0.00000
0.978345   0.00000
0.989133   0.00000
1.004930   0.00000
1.026570   0.00000
0.946303   0.00000
0.962634   0.00000
0.976471   0.00000
0.993964   0.00000
1.019150   0.00000
1.056400   0.00000
1.113680   0.00000
0.945212   0.00000
0.966447   0.00000
0.988854   0.00000
1.019000   0.00000
1.063150   0.00000
1.133110   0.00000
1.250950   0.00000
0.970024   0.00000
0.999943   0.00000
1.032840   0.00000
1.075480   0.00000
1.138360   0.00000
1.238730   0.00000
1.410480   0.00000
1.059100   0.00000
1.106640   0.00000
1.154780   0.00000
1.215460   0.00000
1.302940   0.00000
1.438660   0.00000
1.660620   0.00000
1.223860   0.00000
1.301090   0.00000
1.370360   0.00000
1.456140   0.00000
1.574800   0.00000
1.748820   0.00000
2.009960   0.00000
0.000000   0.00000
0.000000   0.00000
0.000000   0.00000
0.000000   0.00000
0.000000   0.00000
0.757137   0.00000
0.000000   0.00000
0.000000   0.00000
0.895607   0.00000
0.890478   0.00000
0.881538   0.00000
0.869813   0.00000
0.000000   0.00000
0.963693   0.00000
0.958678   0.00000
0.951293   0.00000
0.941658   0.00000
0.929840   0.00000
0.983380   0.00000
0.978421   0.00000
0.974654   0.00000
0.969642   0.00000
0.963018   0.00000
0.954604   0.00000
0.968817   0.00000
0.970682   0.00000
0.971475   0.00000
0.971862   0.00000
0.972073   0.00000
0.972592   0.00000
0.955753   0.00000
0.965170   0.00000
0.972255   0.00000
0.980696   0.00000
0.992409   0.00000
1.008480   0.00000
0.949678   0.00000
0.964804   0.00000
0.978521   0.00000
0.996481   0.00000
1.021780   0.00000
1.059710   0.00000
0.947900   0.00000
0.968705   0.00000
0.991242   0.00000
1.021220   0.00000
1.065600   0.00000
1.135960   0.00000
0.973189   0.00000
1.002940   0.00000
1.035650   0.00000
1.078340   0.00000
1.141350   0.00000
1.241880   0.00000
1.064970   0.00000
1.112280   0.00000
1.158860   0.00000
1.219410   0.00000
1.306840   0.00000
1.442380   0.00000
1.234540   0.00000
1.308320   0.00000
1.376510   0.00000
1.461700   0.00000
1.579810   0.00000
1.752970   0.00000
0.000000   0.00000
0.000000   0.00000
0.000000   0.00000
0.000000   0.00000
0.000000   0.00000
0.901951   0.00000
0.901821   0.00000
0.896305   0.00000
0.000000   0.00000
0.965761   0.00000
0.961118   0.00000
0.954246   0.00000
0.982705   0.00000
0.979944   0.00000
0.976928   0.00000
0.972562   0.00000
0.970614   0.00000
0.972891   0.00000
0.974167   0.00000
0.975169   0.00000
0.959530   0.00000
0.967882   0.00000
0.975132   0.00000
0.984243   0.00000
0.953980   0.00000
0.967659   0.00000
0.981443   0.00000
0.999537   0.00000
0.951840   0.00000
0.971846   0.00000
0.994170   0.00000
1.024290   0.00000
0.978128   0.00000
1.007990   0.00000
1.039880   0.00000
1.082660   0.00000
1.073610   0.00000
1.118940   0.00000
1.165060   0.00000
1.225490   0.00000
1.249690   0.00000
1.318900   0.00000
1.385690   0.00000
1.470150   0.00000

