0.0078    0.80  0.635  8.019e-06    0.5  -0.1   2.1   1.7   0.3  0.337  0.2667  0.0027  0.0074
0.0092    1.09  0.709  3.849e-06    0.4   0.1   1.0   2.2   0.5  0.337  0.2901  0.0062  0.0073
0.0120    0.90  0.462  5.052e-06    0.7  -0.2   2.7   0.8   0.2  0.246  0.2694  0.0054  0.0078
0.0125    1.22  0.596  2.554e-06    0.6  -0.1   1.7   1.4   0.3  0.246  0.2946  0.0029  0.0068
0.0139    1.62  0.703  1.286e-06    0.4   0.1   1.0   1.9   0.5  0.246  0.3102  0.0074  0.0069
0.0173    1.27  0.448  1.971e-06    0.7  -0.2   2.0   0.7   0.2  0.190  0.2978  0.0040  0.0068
0.0176    1.72  0.594  1.046e-06    0.6  -0.1   1.3   1.2   0.3  0.190  0.3304  0.0041  0.0063
0.0185    2.16  0.702  5.819e-07    0.5   0.0   1.0   1.5   0.4  0.190  0.3238  0.0084  0.0062
0.0246    1.27  0.320  1.541e-06    0.9  -0.4   2.2   0.3   0.1  0.099  0.2967  0.0049  0.0072
0.0247    1.75  0.437  7.932e-07    0.7  -0.2   1.4   0.5   0.2  0.099  0.3205  0.0035  0.0054
0.0254    2.36  0.566  4.123e-07    0.6  -0.1   0.9   0.9   0.3  0.099  0.3409  0.0034  0.0049
0.0276    3.24  0.707  1.833e-07    0.5   0.1   0.9   1.7   0.5  0.099  0.3324  0.0133  0.0068
0.0348    1.30  0.231  1.163e-06    1.2  -0.7   2.2   0.4   0.1  0.108  0.3057  0.0077  0.0082
0.0348    1.76  0.309  6.129e-07    1.0  -0.4   1.3   0.3   0.1  0.108  0.3155  0.0049  0.0053
0.0349    2.45  0.428  3.062e-07    0.8  -0.2   0.7   0.4   0.2  0.108  0.3405  0.0036  0.0039
0.0354    3.34  0.571  1.550e-07    0.6   0.0   0.5   1.1   0.3  0.108  0.3624  0.0066  0.0051
0.0364    4.27  0.705  8.467e-08    0.5   0.1   0.7   2.4   0.4  0.108  0.3541  0.0205  0.0089
0.0495    1.33  0.168  8.657e-07    1.6  -1.0   2.6   0.4   0.1  0.117  0.3233  0.0089  0.0103
0.0493    1.76  0.221  4.663e-07    1.2  -0.7   1.3   0.4   0.1  0.117  0.3189  0.0050  0.0063
0.0494    2.48  0.309  2.305e-07    1.0  -0.4   0.5   0.3   0.1  0.117  0.3375  0.0033  0.0041
0.0501    3.41  0.416  1.157e-07    0.8  -0.2   0.2   0.6   0.2  0.117  0.3574  0.0042  0.0036
0.0509    4.39  0.526  6.336e-08    0.6  -0.1   0.3   1.2   0.3  0.117  0.3589  0.0082  0.0050
0.0526    5.31  0.609  4.373e-08    0.5   0.0   0.4   1.6   0.3  0.117  0.3957  0.0198  0.0069
0.0700    1.35  0.120  6.029e-07    2.0  -1.4   3.5   0.5   0.1  0.113  0.3154  0.0132  0.0136
0.0699    1.77  0.156  3.485e-07    1.6  -1.0   1.8   0.4   0.1  0.113  0.3229  0.0073  0.0088
0.0694    2.48  0.219  1.747e-07    1.2  -0.6   0.5   0.4   0.1  0.113  0.3348  0.0044  0.0051
0.0696    3.45  0.303  8.975e-08    1.0  -0.4   0.2   0.3   0.1  0.113  0.3608  0.0050  0.0039
0.0702    4.42  0.382  5.027e-08    0.8  -0.2   0.4   0.5   0.1  0.113  0.3579  0.0070  0.0039
0.0703    5.38  0.463  3.236e-08    0.7  -0.1   0.5   0.8   0.2  0.113  0.3654  0.0122  0.0043
0.0711    6.38  0.536  2.146e-08    0.6   0.0   0.5   1.1   0.3  0.113  0.3641  0.0253  0.0049
0.0902    1.38  0.095  4.694e-07    2.5  -1.8   4.4   0.4   0.1  0.096  0.3267  0.0195  0.0176
0.0899    1.76  0.121  2.777e-07    2.0  -1.4   2.6   0.4   0.1  0.096  0.3222  0.0096  0.0116
0.0897    2.47  0.169  1.414e-07    1.5  -0.9   0.9   0.4   0.1  0.096  0.3358  0.0057  0.0065
0.0897    3.46  0.236  6.915e-08    1.1  -0.5   0.2   0.3   0.1  0.096  0.3416  0.0056  0.0043
0.0900    4.44  0.299  4.154e-08    0.9  -0.3   0.5   0.3   0.1  0.096  0.3577  0.0075  0.0040
0.0903    5.44  0.366  2.770e-08    0.8  -0.2   0.7   0.4   0.1  0.096  0.3801  0.0117  0.0046
0.0897    6.50  0.436  1.708e-08    0.7  -0.1   0.8   0.6   0.2  0.096  0.3527  0.0173  0.0045
0.1090    1.78  0.101  2.283e-07    2.3  -1.7   3.2   0.4   0.1  0.043  0.3220  0.0117  0.0141
0.1096    2.49  0.140  1.162e-07    1.7  -1.1   1.4   0.4   0.1  0.043  0.3346  0.0069  0.0083
0.1098    3.48  0.193  5.685e-08    1.3  -0.7   0.3   0.3   0.1  0.043  0.3353  0.0065  0.0054
0.1100    4.45  0.246  3.308e-08    1.1  -0.5   0.4   0.3   0.1  0.043  0.3360  0.0077  0.0042
0.1105    5.44  0.299  2.084e-08    0.9  -0.3   0.7   0.2   0.1  0.043  0.3314  0.0105  0.0042
0.1096    6.60  0.363  1.380e-08    0.8  -0.2   0.9   0.3   0.1  0.043  0.3379  0.0144  0.0043
0.1282    1.86  0.090  1.926e-07    2.7  -2.0   3.5   0.4   0.1  0.296  0.3479  0.0198  0.0168
0.1383    2.49  0.112  9.229e-08    2.0  -1.4   2.0   0.4   0.1  0.271  0.3298  0.0060  0.0105
0.1396    3.48  0.154  4.525e-08    1.5  -0.9   0.7   0.3   0.1  0.233  0.3328  0.0057  0.0064
0.1394    4.45  0.196  2.633e-08    1.2  -0.6   0.3   0.3   0.1  0.201  0.3272  0.0062  0.0047
0.1398    5.46  0.239  1.749e-08    1.1  -0.4   0.5   0.3   0.1  0.176  0.3411  0.0085  0.0043
0.1407    6.69  0.289  1.092e-08    0.9  -0.3   0.8   0.2   0.1  0.154  0.3363  0.0097  0.0042
0.1737    2.67  0.095  6.374e-08    2.2  -1.5   1.7   0.4   0.1  0.247  0.3277  0.0091  0.0103
0.1803    3.46  0.119  3.339e-08    1.7  -1.0   1.1   0.3   0.1  0.211  0.3069  0.0066  0.0071
0.1799    4.46  0.152  2.048e-08    1.4  -0.7   0.6   0.3   0.1  0.179  0.3197  0.0076  0.0054
0.1806    5.46  0.185  1.276e-08    1.2  -0.5   0.4   0.3   0.1  0.156  0.3088  0.0088  0.0045
0.1801    6.77  0.229  8.304e-09    1.0  -0.4   0.5   0.2   0.1  0.135  0.3203  0.0097  0.0039
0.1769    8.50  0.289  4.918e-09    0.9  -0.2   0.8   0.2   0.1  0.118  0.3092  0.0232  0.0037
0.2048    2.90  0.087  4.151e-08    2.1  -1.4   0.9   0.3   0.1  0.223  0.2970  0.0263  0.0081
0.2203    3.51  0.099  2.567e-08    1.8  -1.1   0.8   0.3   0.1  0.193  0.2924  0.0070  0.0065
0.2255    4.47  0.123  1.458e-08    1.4  -0.7   0.7   0.3   0.1  0.162  0.2820  0.0070  0.0050
0.2259    5.47  0.149  9.905e-09    1.2  -0.5   0.6   0.3   0.1  0.140  0.2937  0.0090  0.0043
0.2273    6.81  0.184  5.838e-09    1.0  -0.3   0.6   0.3   0.1  0.120  0.2789  0.0086  0.0034
0.2211    8.64  0.236  3.680e-09    0.9  -0.2   0.6   0.2   0.1  0.104  0.2874  0.0182  0.0032
0.2643    3.75  0.088  1.722e-08    1.4  -0.7   1.7   0.3   0.1  0.172  0.2690  0.0118  0.0062
0.2723    4.47  0.102  1.153e-08    1.3  -0.5   1.3   0.3   0.1  0.150  0.2672  0.0079  0.0052
0.2746    5.44  0.123  7.263e-09    1.1  -0.3   1.0   0.3   0.1  0.130  0.2562  0.0091  0.0039
0.2792    6.84  0.151  4.327e-09    0.9  -0.2   0.7   0.3   0.1  0.109  0.2512  0.0090  0.0030
0.2729    8.70  0.194  2.684e-09    0.8   0.0   0.6   0.2   0.1  0.094  0.2550  0.0167  0.0028
0.3145    4.61  0.091  8.036e-09    0.4   0.3   4.4   0.3   0.1  0.140  0.2286  0.0088  0.0100
0.3373    5.46  0.101  5.253e-09    0.4   0.4   3.3   0.2   0.1  0.121  0.2267  0.0071  0.0077
0.3485    6.87  0.123  3.044e-09    0.4   0.4   2.1   0.2   0.1  0.101  0.2195  0.0068  0.0047
0.3432    8.73  0.157  1.758e-09    0.4   0.5   1.2   0.2   0.1  0.085  0.2074  0.0108  0.0028
0.3931    5.72  0.091  3.036e-09   -2.9   3.7   9.4   0.2   0.1  0.112  0.1680  0.0147  0.0177
0.4379    6.96  0.100  1.731e-09   -2.5   3.4   7.0   0.2   0.1  0.094  0.1603  0.0061  0.0132
0.4603    8.74  0.118  8.371e-10   -1.9   3.0   4.4   0.2   0.1  0.078  0.1310  0.0070  0.0074