1.390496999999999914e-02 3.844167000000000001e-01 6.523386000000000351e+00 8.144988156337387153e-01 6.795700479119147486e-02 6.201501870359766438e-02
1.400575000000000084e-02 6.138219999999999787e-01 2.040170000000000172e+01 7.937203642660353164e-01 6.687407018612731568e-02 6.749867958861614781e-02
1.907280000000000086e-02 3.334390999999999883e-01 6.600350999999999857e+00 4.991925667761390462e-01 4.212114113735679344e-02 4.501166083210454000e-02
1.919784000000000074e-02 5.746987999999999541e-01 2.316394999999999982e+01 5.545403960735580950e-01 3.526448167318692317e-02 5.182949213549965795e-02
2.619536000000000087e-02 2.783054999999999835e-01 6.651572999999999958e+00 4.518735948705878136e-01 2.680242197120317332e-02 2.727846229893036989e-02
2.634519999999999917e-02 5.381167000000000034e-01 2.626144000000000034e+01 3.578820652921591017e-01 1.951261383827781332e-02 3.076021229885973762e-02
3.601690999999999920e-02 2.357894000000000101e-01 6.697523000000000337e+00 2.828147181161139168e-01 1.719428568092521564e-02 1.483015935330780563e-02
3.618062999999999835e-02 4.935654999999999903e-01 2.926474999999999937e+01 2.868449249226804887e-01 1.081038974416199255e-02 2.030483398811099016e-02
4.938265000000000016e-02 1.938643999999999923e-01 6.718263000000000318e+00 1.936530016511460728e-01 1.127818166830637549e-02 8.202777730025484146e-03
4.960575999999999874e-02 4.469934999999999881e-01 3.198650999999999911e+01 1.849085539435911252e-01 6.178612749568225190e-03 1.176037978622680377e-02
6.768836999999999771e-02 1.578361000000000069e-01 6.740846999999999589e+00 1.448064238302661233e-01 7.481238494007899122e-03 4.793531741733300829e-03
6.792175000000000296e-02 3.948344999999999771e-01 3.421305999999999869e+01 1.186476417637812864e-01 3.636632145057041784e-03 6.901095517043849895e-03
6.885499999999999954e-02 6.813603000000000298e-01 1.516862000000000137e+02 1.017026784398016581e-01 7.781363545566001572e-03 4.900845999322310693e-03
9.286117000000000676e-02 1.255711999999999939e-01 6.780948000000000420e+00 1.195375010322899945e-01 5.017595856331675402e-03 7.285281754812557298e-03
9.308748000000000022e-02 3.416481000000000101e-01 3.602096999999999838e+01 9.745313254829267302e-02 2.182269843041882099e-03 2.777787470958973087e-03
9.395280000000000298e-02 6.330095000000000027e-01 1.665118999999999971e+02 7.064865042051966804e-02 3.595411552346570137e-03 1.497443404917928392e-03
1.263535000000000075e-01 1.061601999999999962e-01 7.219415999999999833e+00 6.577596859701301257e-02 3.697737802411318365e-03 9.320962314318408451e-03
1.278287999999999924e-01 2.900032000000000165e-01 3.751731999999999800e+01 5.941377562140966184e-02 1.334738387944308215e-03 3.149956824994959263e-03
1.286992999999999887e-01 5.779938999999999494e-01 1.818545000000000016e+02 4.489304181776242186e-02 1.753997156407149146e-03 1.759135261661132427e-03
1.723278000000000032e-01 9.033884000000000358e-02 8.165841000000000349e+00 6.318227383783853179e-02 3.147685605129421724e-03 9.709515303022943702e-03
1.756930999999999909e-01 2.414598000000000022e-01 3.866671999999999798e+01 3.940375827129075081e-02 8.219851350589828893e-04 4.093380989758806793e-03
1.769322000000000117e-01 5.141459000000000445e-01 1.995609000000000037e+02 2.987690865794129583e-02 8.769663779132667262e-04 2.565561122520057958e-03
2.409773000000000054e-01 1.987726999999999966e-01 3.972052000000000049e+01 2.304635965468541242e-02 4.994103876083017283e-04 3.995670202847650780e-03
2.424303999999999903e-01 4.520156000000000174e-01 2.169619000000000142e+02 1.991902482901092980e-02 4.431690162180514092e-04 2.412078537027416685e-03
3.283678999999999903e-01 1.686371999999999871e-01 4.274703000000000230e+01 1.337668066272222102e-02 2.961215426381578705e-04 2.772730568237501050e-03
3.310888000000000164e-01 3.890935999999999839e-01 2.320345000000000084e+02 8.838396957295846859e-03 2.179930399259216299e-04 1.550174344470529441e-03
4.438653000000000182e-01 1.475680000000000047e-01 4.726299000000000206e+01 6.713157381593100846e-03 1.651196638723166871e-04 1.016856651246074873e-03
4.475064999999999737e-01 3.481987999999999750e-01 2.519013999999999953e+02 3.295051117259925090e-03 9.912356559764976276e-05 4.619810667423281158e-04
5.984612999999999738e-01 1.303648000000000029e-01 5.255328000000000088e+01 1.560972120231211586e-03 7.663565240929995142e-05 4.791621203956152888e-04
6.029938999999999716e-01 3.166274000000000033e-01 2.708670999999999935e+02 1.085301959471074310e-03 3.672254412259725150e-05 3.256242535303516586e-04
