*  Total number of systematic sources *
   99
   43 99 99     1     0.000   1  2  3  4  5  6  7  8  9 10 11 12 13 14 15 16 17 18 19 20 21 22 23 24 25 26 27 28 29 30 31 32 33 34 35 36 37 38 39 40 41 42 43 44 45 46 47 48 49 50 51 52 53 54 55 56 57 58 59 60 61 62 63 64 65 66 67 68 69 70 71 72 73 74 75 76 77 78 79 80 81 82 83 84 85 86 87 88 89 90 91 92 93 94 95 96 97 98 99
 0.1000000E+01 0.6142857E+01 0.4300000E+02 0.2666707E-01 0.4358151E-04 0.2147762E-04 0.1508146E-03
 -0.0025  0.0078 -0.0052 -0.0000  0.0000  0.0000  0.0000  0.0000 -0.0000 -0.0000  0.0000 -0.0000  0.0000 -0.0000  0.0000  0.0000 -0.0000 -0.0000 -0.0000 -0.0000 -0.0000 -0.0000 -0.0000 -0.0000 -0.0000 -0.0000 -0.0000 -0.0000 -0.0000 -0.0000 -0.0000 -0.0000 -0.0000 -0.0000 -0.0000 -0.0000 -0.0000 -0.0000 -0.0000 -0.0000 -0.0000 -0.0000 -0.0000 -0.0000 -0.0000  0.0000  0.0000 -0.0000 -0.0000  0.0000 -0.0000  0.0000 -0.0000  0.0000 -0.0000 -0.0001  0.0054 -0.0062 -0.0008 -0.0044  0.0109 -0.0160 -0.0040 -0.0073 -0.0481  0.0184 -0.0513 -0.0527  0.0793  0.0206 -0.0808 -0.0100 -0.0491  0.0070 -0.0739 -0.0057 -0.0107 -0.1311  0.0530  0.0232 -0.0344 -0.0827 -0.0222 -0.0392 -0.0997 -0.1830  0.0350  0.0485  0.0735 -0.0266 -0.1349  0.0422  0.2026  0.1094  0.0298  0.2946 -0.1079 -0.0217  0.0093
 0.3000000E+01 0.2047619E+01 0.4300000E+02 0.5540939E-01 0.6282872E-04 0.2999889E-04 0.1491028E-03
  0.0114  0.0010  0.0023  0.0000 -0.0000 -0.0000 -0.0000 -0.0000  0.0000  0.0000 -0.0000  0.0000 -0.0000  0.0000 -0.0000 -0.0000  0.0000 -0.0000 -0.0000 -0.0000 -0.0000 -0.0000 -0.0000 -0.0000 -0.0000 -0.0000 -0.0000 -0.0000 -0.0000 -0.0000 -0.0000 -0.0000 -0.0000 -0.0000 -0.0000 -0.0000 -0.0000 -0.0000 -0.0000 -0.0000 -0.0000 -0.0000 -0.0000  0.0000  0.0000 -0.0000 -0.0000  0.0000  0.0000 -0.0000  0.0000 -0.0000  0.0000 -0.0000  0.0000 -0.0011  0.0061 -0.0049  0.0045  0.0057  0.0062 -0.0054  0.0055 -0.0031 -0.0071  0.0117  0.0041 -0.0185  0.0110  0.0098  0.0055  0.0074 -0.0286 -0.0116 -0.0127 -0.0038 -0.0434  0.0012 -0.0091  0.0106  0.0090 -0.0212  0.0279 -0.0051  0.0575  0.0109 -0.0265 -0.0698 -0.0093  0.0507 -0.0489  0.0479  0.1243  0.0347  0.0831  0.0945 -0.0343 -0.0225  0.0188
 0.5000000E+01 0.1228571E+01 0.4300000E+02 0.5585930E-01 0.6319139E-04 0.3281320E-04 0.1622402E-03
  0.0137  0.0016  0.0053  0.0000 -0.0000 -0.0000 -0.0000 -0.0000  0.0000  0.0000 -0.0000  0.0000 -0.0000  0.0000 -0.0000 -0.0000  0.0000 -0.0000 -0.0000 -0.0000 -0.0000 -0.0000 -0.0000 -0.0000 -0.0000 -0.0000 -0.0000 -0.0000 -0.0000 -0.0000 -0.0000 -0.0000 -0.0000 -0.0000 -0.0000 -0.0000 -0.0000 -0.0000 -0.0000 -0.0000 -0.0000 -0.0000 -0.0000  0.0000  0.0000 -0.0000 -0.0000  0.0000  0.0000 -0.0000  0.0000 -0.0000  0.0000 -0.0000  0.0000 -0.0013  0.0042 -0.0053  0.0016  0.0087  0.0034 -0.0051  0.0052  0.0060 -0.0038  0.0061  0.0132 -0.0074  0.0065  0.0163  0.0083  0.0004 -0.0141 -0.0032  0.0001 -0.0091 -0.0151  0.0198 -0.0199 -0.0034  0.0294 -0.0069  0.0274  0.0037  0.0449  0.0327 -0.0271 -0.0647  0.0132 -0.0056  0.0139 -0.0001  0.0131 -0.1113  0.1741 -0.0996  0.0382 -0.0358  0.0102
 0.7000000E+01 0.8775510E+00 0.4300000E+02 0.4843475E-01 0.5879765E-04 0.2839788E-04 0.1588055E-03
  0.0130 -0.0001  0.0036  0.0000 -0.0000 -0.0000 -0.0000 -0.0000  0.0000  0.0000 -0.0000  0.0000 -0.0000  0.0000 -0.0000 -0.0000  0.0000 -0.0000 -0.0000 -0.0000 -0.0000 -0.0000 -0.0000 -0.0000 -0.0000 -0.0000 -0.0000 -0.0000 -0.0000 -0.0000 -0.0000 -0.0000 -0.0000 -0.0000 -0.0000 -0.0000 -0.0000 -0.0000 -0.0000 -0.0000 -0.0000 -0.0000 -0.0000  0.0000  0.0000 -0.0000 -0.0000  0.0000  0.0000 -0.0000  0.0000 -0.0000  0.0000 -0.0000  0.0000 -0.0007  0.0044 -0.0055  0.0015  0.0089  0.0021 -0.0025  0.0068  0.0030  0.0073  0.0065  0.0162  0.0028 -0.0019  0.0111  0.0076  0.0013  0.0004 -0.0080 -0.0018  0.0079  0.0065  0.0076 -0.0057 -0.0203  0.0208 -0.0079  0.0158  0.0107 -0.0032 -0.0066 -0.0121 -0.0342  0.0582 -0.0550 -0.0176 -0.0086 -0.0085 -0.1853  0.2009 -0.0279  0.0006 -0.0559  0.0014
 0.9000000E+01 0.6825397E+00 0.4300000E+02 0.4043805E-01 0.5256815E-04 0.2425480E-04 0.1421439E-03
  0.0131 -0.0013  0.0043  0.0000 -0.0000 -0.0000 -0.0000 -0.0000  0.0000  0.0000 -0.0000  0.0000 -0.0000  0.0000 -0.0000 -0.0000  0.0000 -0.0000 -0.0000 -0.0000 -0.0000 -0.0000 -0.0000 -0.0000 -0.0000 -0.0000 -0.0000 -0.0000 -0.0000 -0.0000 -0.0000 -0.0000 -0.0000 -0.0000 -0.0000 -0.0000 -0.0000 -0.0000 -0.0000 -0.0000 -0.0000 -0.0000 -0.0000  0.0000  0.0000 -0.0000 -0.0000  0.0000  0.0000 -0.0000  0.0000 -0.0000  0.0000 -0.0000  0.0000 -0.0007  0.0042 -0.0055  0.0016  0.0106  0.0008 -0.0010  0.0081  0.0041  0.0129  0.0039  0.0207  0.0077 -0.0104  0.0061  0.0131 -0.0001  0.0024 -0.0136 -0.0081  0.0114  0.0153  0.0062 -0.0135 -0.0196  0.0221 -0.0051  0.0165  0.0062 -0.0193 -0.0073  0.0017 -0.0115  0.0393 -0.0425  0.0069 -0.0681 -0.0043 -0.1911  0.1758  0.1240 -0.0645 -0.0628 -0.0074
 0.1100000E+02 0.5584416E+00 0.4300000E+02 0.3381140E-01 0.4939310E-04 0.2585961E-04 0.8828874E-04
  0.0120 -0.0003  0.0042  0.0000 -0.0000 -0.0000 -0.0000 -0.0000  0.0000  0.0000 -0.0000  0.0000 -0.0000  0.0000 -0.0000 -0.0000  0.0000 -0.0000 -0.0000 -0.0000 -0.0000 -0.0000 -0.0000 -0.0000 -0.0000 -0.0000 -0.0000 -0.0000 -0.0000 -0.0000 -0.0000 -0.0000 -0.0000 -0.0000 -0.0000 -0.0000 -0.0000 -0.0000 -0.0000 -0.0000 -0.0000 -0.0000 -0.0000  0.0000  0.0000 -0.0000 -0.0000  0.0000  0.0000 -0.0000  0.0000 -0.0000  0.0000 -0.0000  0.0000 -0.0012  0.0039 -0.0042  0.0013  0.0082  0.0010 -0.0023  0.0066  0.0083  0.0071  0.0042  0.0168  0.0023 -0.0041  0.0075  0.0162  0.0024  0.0073 -0.0095  0.0021  0.0159 -0.0041  0.0213 -0.0032 -0.0078  0.0157  0.0051  0.0152  0.0093  0.0038  0.0181 -0.0107 -0.0256  0.0309 -0.0418 -0.0056 -0.0228 -0.0110 -0.1347  0.1149  0.0275 -0.0186 -0.0376  0.0032
 0.1300000E+02 0.4725275E+00 0.4300000E+02 0.2835664E-01 0.4418403E-04 0.2175359E-04 0.6628560E-04
  0.0117 -0.0002  0.0041  0.0000 -0.0000 -0.0000 -0.0000 -0.0000  0.0000  0.0000 -0.0000  0.0000 -0.0000  0.0000 -0.0000 -0.0000  0.0000 -0.0000 -0.0000 -0.0000 -0.0000 -0.0000 -0.0000 -0.0000 -0.0000 -0.0000 -0.0000 -0.0000 -0.0000 -0.0000 -0.0000 -0.0000 -0.0000 -0.0000 -0.0000 -0.0000 -0.0000 -0.0000 -0.0000 -0.0000 -0.0000 -0.0000 -0.0000  0.0000  0.0000 -0.0000 -0.0000  0.0000  0.0000 -0.0000  0.0000 -0.0000  0.0000 -0.0000  0.0000 -0.0010  0.0037 -0.0042  0.0013  0.0087  0.0006 -0.0018  0.0070  0.0092  0.0086  0.0018  0.0174  0.0032 -0.0051  0.0062  0.0126  0.0026  0.0018 -0.0115  0.0003  0.0071  0.0026  0.0146 -0.0021 -0.0092  0.0028  0.0085  0.0086  0.0093 -0.0027  0.0177  0.0000  0.0016  0.0109 -0.0188  0.0051 -0.0469 -0.0042 -0.1056  0.0862  0.0185 -0.0046 -0.0263 -0.0056
 0.1500000E+02 0.4095238E+00 0.4300000E+02 0.2402067E-01 0.3921972E-04 0.2042232E-04 0.5267355E-04
  0.0099 -0.0001  0.0039  0.0000 -0.0000 -0.0000 -0.0000 -0.0000  0.0000  0.0000 -0.0000  0.0000 -0.0000  0.0000 -0.0000 -0.0000  0.0000 -0.0000 -0.0000 -0.0000 -0.0000 -0.0000 -0.0000 -0.0000 -0.0000 -0.0000 -0.0000 -0.0000 -0.0000 -0.0000 -0.0000 -0.0000 -0.0000 -0.0000 -0.0000 -0.0000 -0.0000 -0.0000 -0.0000 -0.0000 -0.0000 -0.0000 -0.0000  0.0000  0.0000 -0.0000 -0.0000  0.0000  0.0000 -0.0000  0.0000 -0.0000  0.0000 -0.0000  0.0000 -0.0017  0.0036 -0.0035  0.0011  0.0075  0.0015 -0.0025  0.0054  0.0114  0.0048  0.0011  0.0133 -0.0018 -0.0018  0.0085  0.0144  0.0027  0.0034 -0.0124 -0.0025 -0.0010 -0.0016  0.0181  0.0043 -0.0061 -0.0085  0.0200 -0.0041  0.0058  0.0074  0.0298 -0.0022  0.0123  0.0030 -0.0091  0.0064 -0.0179 -0.0417 -0.0770  0.0232 -0.0463  0.0179  0.0011 -0.0054
 0.1700000E+02 0.3613445E+00 0.4300000E+02 0.2041057E-01 0.3809475E-04 0.1936744E-04 0.4663990E-04
  0.0080 -0.0010  0.0033  0.0000 -0.0000 -0.0000 -0.0000 -0.0000  0.0000  0.0000 -0.0000  0.0000 -0.0000  0.0000 -0.0000 -0.0000  0.0000 -0.0000 -0.0000 -0.0000 -0.0000 -0.0000 -0.0000 -0.0000 -0.0000 -0.0000 -0.0000 -0.0000 -0.0000 -0.0000 -0.0000 -0.0000 -0.0000 -0.0000 -0.0000 -0.0000 -0.0000 -0.0000 -0.0000 -0.0000 -0.0000 -0.0000 -0.0000  0.0000  0.0000 -0.0000 -0.0000  0.0000  0.0000 -0.0000  0.0000 -0.0000  0.0000 -0.0000  0.0000 -0.0015  0.0030 -0.0032  0.0002  0.0069  0.0004 -0.0016  0.0049  0.0116  0.0068 -0.0029  0.0142  0.0025 -0.0064  0.0035  0.0141 -0.0035  0.0036 -0.0043  0.0002  0.0064  0.0010  0.0174  0.0028 -0.0010 -0.0083  0.0180  0.0025  0.0036 -0.0045  0.0172  0.0068  0.0061  0.0154 -0.0261  0.0235 -0.0441 -0.0190 -0.0475  0.0081  0.0132 -0.0067 -0.0043 -0.0030
 0.1900000E+02 0.3233083E+00 0.4300000E+02 0.1754977E-01 0.3494318E-04 0.1790987E-04 0.4394252E-04
  0.0050 -0.0011  0.0022  0.0000 -0.0000 -0.0000 -0.0000 -0.0000  0.0000  0.0000 -0.0000  0.0000 -0.0000  0.0000 -0.0000 -0.0000  0.0000 -0.0000 -0.0000 -0.0000 -0.0000 -0.0000 -0.0000 -0.0000 -0.0000 -0.0000 -0.0000 -0.0000 -0.0000 -0.0000 -0.0000 -0.0000 -0.0000 -0.0000 -0.0000 -0.0000 -0.0000 -0.0000 -0.0000 -0.0000 -0.0000 -0.0000 -0.0000  0.0000  0.0000 -0.0000 -0.0000  0.0000  0.0000 -0.0000  0.0000 -0.0000  0.0000 -0.0000  0.0000 -0.0015  0.0039 -0.0022  0.0027  0.0041  0.0010 -0.0012  0.0038  0.0073  0.0077 -0.0002  0.0069 -0.0023 -0.0051  0.0035  0.0198  0.0132  0.0112 -0.0064  0.0039  0.0181 -0.0095  0.0155  0.0152 -0.0048 -0.0034  0.0188 -0.0061  0.0086 -0.0020  0.0162 -0.0010  0.0277 -0.0025 -0.0364 -0.0038 -0.0053 -0.0025 -0.0741  0.0448 -0.0060 -0.0034 -0.0139 -0.0064
 0.2125000E+02 0.2890756E+00 0.4300000E+02 0.1487392E-01 0.2901814E-04 0.1344615E-04 0.3923436E-04
  0.0059 -0.0005  0.0026  0.0000 -0.0000 -0.0000 -0.0000 -0.0000  0.0000  0.0000 -0.0000  0.0000 -0.0000  0.0000 -0.0000 -0.0000  0.0000 -0.0000 -0.0000 -0.0000 -0.0000 -0.0000 -0.0000 -0.0000 -0.0000 -0.0000 -0.0000 -0.0000 -0.0000 -0.0000 -0.0000 -0.0000 -0.0000 -0.0000 -0.0000 -0.0000 -0.0000 -0.0000 -0.0000 -0.0000 -0.0000 -0.0000 -0.0000  0.0000  0.0000 -0.0000 -0.0000  0.0000  0.0000 -0.0000  0.0000 -0.0000  0.0000 -0.0000  0.0000 -0.0012  0.0036 -0.0020  0.0022  0.0043 -0.0003 -0.0026  0.0035  0.0106  0.0061 -0.0019  0.0131 -0.0018 -0.0039 -0.0002  0.0152  0.0032  0.0161 -0.0028  0.0081  0.0147 -0.0086  0.0320 -0.0006 -0.0130  0.0022  0.0353  0.0215  0.0139  0.0066  0.0342  0.0151  0.0159  0.0074 -0.0429  0.0010 -0.0192 -0.0643 -0.0608  0.0717  0.0027  0.0386 -0.0221  0.0046
 0.2375000E+02 0.2586466E+00 0.4300000E+02 0.1250421E-01 0.2722517E-04 0.1239679E-04 0.3455213E-04
  0.0011 -0.0021  0.0022  0.0000 -0.0000 -0.0000 -0.0000 -0.0000  0.0000  0.0000 -0.0000  0.0000 -0.0000  0.0000 -0.0000 -0.0000  0.0000 -0.0000 -0.0000 -0.0000 -0.0000 -0.0000 -0.0000 -0.0000 -0.0000 -0.0000 -0.0000 -0.0000 -0.0000 -0.0000 -0.0000 -0.0000 -0.0000 -0.0000 -0.0000 -0.0000 -0.0000 -0.0000 -0.0000 -0.0000 -0.0000 -0.0000 -0.0000  0.0000  0.0000 -0.0000 -0.0000  0.0000  0.0000 -0.0000  0.0000 -0.0000  0.0000 -0.0000  0.0000 -0.0010  0.0038 -0.0011  0.0032  0.0021 -0.0005 -0.0005  0.0020  0.0059  0.0108 -0.0028  0.0055  0.0045 -0.0099 -0.0057  0.0127  0.0063  0.0175 -0.0072  0.0028  0.0101  0.0031  0.0160  0.0107 -0.0050 -0.0086  0.0252  0.0043  0.0041 -0.0135  0.0299  0.0096  0.0334  0.0113 -0.0118  0.0379 -0.0407  0.0430 -0.0788  0.0039 -0.0112 -0.0500 -0.0230 -0.0061
 0.2625000E+02 0.2340136E+00 0.4300000E+02 0.1061439E-01 0.2459218E-04 0.1187049E-04 0.3198478E-04
 -0.0011 -0.0022  0.0012  0.0000 -0.0000 -0.0000 -0.0000 -0.0000  0.0000  0.0000 -0.0000  0.0000 -0.0000  0.0000 -0.0000 -0.0000  0.0000 -0.0000 -0.0000 -0.0000 -0.0000 -0.0000 -0.0000 -0.0000 -0.0000 -0.0000 -0.0000 -0.0000 -0.0000 -0.0000 -0.0000 -0.0000 -0.0000 -0.0000 -0.0000 -0.0000 -0.0000 -0.0000 -0.0000 -0.0000 -0.0000 -0.0000 -0.0000  0.0000  0.0000 -0.0000 -0.0000  0.0000  0.0000 -0.0000  0.0000 -0.0000  0.0000 -0.0000  0.0000 -0.0013  0.0041  0.0003  0.0039 -0.0010 -0.0007 -0.0012 -0.0001  0.0070  0.0080 -0.0014  0.0030 -0.0013 -0.0125 -0.0074  0.0129  0.0121  0.0306  0.0015  0.0079  0.0217 -0.0057  0.0245  0.0205 -0.0061 -0.0082  0.0253 -0.0145  0.0181  0.0025  0.0535 -0.0044  0.0298  0.0188 -0.0618 -0.0187  0.0025 -0.0429 -0.0301  0.0858  0.0227  0.0238 -0.0251 -0.0001
 0.2875000E+02 0.2136646E+00 0.4300000E+02 0.9055628E-02 0.2329318E-04 0.9699068E-05 0.3093062E-04
 -0.0026 -0.0021  0.0002  0.0000 -0.0000 -0.0000 -0.0000  0.0000  0.0000  0.0000 -0.0000  0.0000 -0.0000 -0.0000 -0.0000 -0.0000  0.0000 -0.0000 -0.0000 -0.0000 -0.0000 -0.0000 -0.0000 -0.0000 -0.0000 -0.0000 -0.0000 -0.0000 -0.0000 -0.0000 -0.0000 -0.0000 -0.0000 -0.0000 -0.0000 -0.0000 -0.0000 -0.0000 -0.0000 -0.0000 -0.0000 -0.0000 -0.0000  0.0000  0.0000 -0.0000 -0.0000 -0.0000  0.0000 -0.0000  0.0000 -0.0000  0.0000 -0.0000  0.0000 -0.0001  0.0031  0.0016  0.0029 -0.0038 -0.0031 -0.0003 -0.0004  0.0063  0.0084 -0.0045  0.0085  0.0060 -0.0071 -0.0164  0.0096  0.0078  0.0353  0.0078  0.0146  0.0245 -0.0017  0.0292  0.0041 -0.0207 -0.0100  0.0275  0.0110  0.0169  0.0106  0.0366  0.0077  0.0333  0.0003 -0.0614  0.0289 -0.0496  0.0241 -0.1283  0.0512 -0.0214 -0.0269 -0.0542 -0.0103
 0.3150000E+02 0.1950113E+00 0.4300000E+02 0.7671162E-02 0.1868501E-04 0.8583543E-05 0.2507548E-04
 -0.0087 -0.0022 -0.0025 -0.0000  0.0000  0.0000  0.0000  0.0000 -0.0000 -0.0000  0.0000 -0.0000  0.0000 -0.0000  0.0000  0.0000 -0.0000 -0.0000 -0.0000 -0.0000 -0.0000 -0.0000 -0.0000 -0.0000 -0.0000 -0.0000 -0.0000 -0.0000 -0.0000 -0.0000 -0.0000 -0.0000 -0.0000 -0.0000 -0.0000 -0.0000 -0.0000 -0.0000 -0.0000 -0.0000 -0.0000 -0.0000 -0.0000 -0.0000 -0.0000  0.0000  0.0000 -0.0000 -0.0000  0.0000 -0.0000  0.0000 -0.0000  0.0000 -0.0000  0.0017  0.0029  0.0034  0.0042 -0.0095 -0.0037  0.0021 -0.0026 -0.0015  0.0105  0.0006 -0.0000  0.0024 -0.0141 -0.0172  0.0064  0.0164  0.0440  0.0036  0.0163  0.0343 -0.0017  0.0186  0.0158 -0.0191  0.0023  0.0296  0.0113  0.0087  0.0207  0.0478 -0.0032  0.0198 -0.0036 -0.0514  0.0032  0.0171  0.0447 -0.0673  0.1111 -0.0043 -0.0216 -0.0542 -0.0049
 0.3450000E+02 0.1780538E+00 0.4300000E+02 0.6528730E-02 0.1725885E-04 0.8084457E-05 0.2324023E-04
 -0.0119 -0.0027 -0.0029 -0.0000  0.0000  0.0000  0.0000  0.0000 -0.0000 -0.0000  0.0000 -0.0000  0.0000 -0.0000  0.0000  0.0000 -0.0000 -0.0000 -0.0000 -0.0000 -0.0000 -0.0000 -0.0000 -0.0000 -0.0000 -0.0000 -0.0000 -0.0000 -0.0000 -0.0000 -0.0000 -0.0000 -0.0000 -0.0000 -0.0000 -0.0000 -0.0000 -0.0000 -0.0000 -0.0000 -0.0000 -0.0000 -0.0000 -0.0000 -0.0000  0.0000  0.0000 -0.0000 -0.0000  0.0000 -0.0000  0.0000 -0.0000  0.0000 -0.0000  0.0026  0.0005  0.0063  0.0017 -0.0134 -0.0074  0.0039 -0.0053 -0.0015  0.0124 -0.0060  0.0047  0.0154 -0.0155 -0.0293  0.0048  0.0054  0.0508  0.0154  0.0042  0.0230  0.0141  0.0144  0.0018 -0.0281 -0.0149  0.0253  0.0072  0.0058 -0.0021  0.0310  0.0207  0.0561  0.0349 -0.0847  0.0371 -0.0369 -0.0142 -0.0893  0.0601  0.0319 -0.0365 -0.0640  0.0008
 0.3750000E+02 0.1638095E+00 0.4300000E+02 0.5502463E-02 0.1615605E-04 0.7041623E-05 0.2085367E-04
 -0.0172 -0.0018 -0.0043 -0.0000  0.0000  0.0000  0.0000  0.0000 -0.0000 -0.0000  0.0000 -0.0000  0.0000 -0.0000  0.0000  0.0000 -0.0000 -0.0000 -0.0000 -0.0000 -0.0000 -0.0000 -0.0000 -0.0000 -0.0000 -0.0000 -0.0000 -0.0000 -0.0000 -0.0000 -0.0000 -0.0000 -0.0000 -0.0000 -0.0000 -0.0000 -0.0000 -0.0000 -0.0000 -0.0000 -0.0000 -0.0000 -0.0000 -0.0000 -0.0000  0.0000  0.0000 -0.0000 -0.0000  0.0000 -0.0000  0.0000 -0.0000  0.0000 -0.0000  0.0032  0.0003  0.0099  0.0040 -0.0207 -0.0089  0.0040 -0.0075 -0.0041  0.0098 -0.0033  0.0018  0.0040 -0.0122 -0.0283  0.0022  0.0183  0.0624  0.0128  0.0193  0.0294 -0.0003  0.0245 -0.0016 -0.0069 -0.0137  0.0389  0.0192  0.0298  0.0535  0.0698  0.0076  0.0102 -0.0077 -0.1012  0.0104 -0.0025  0.0446 -0.0398  0.0483 -0.0064 -0.0190 -0.0707  0.0078
 0.4050000E+02 0.1516755E+00 0.4300000E+02 0.4734376E-02 0.1432517E-04 0.6527418E-05 0.1830951E-04
 -0.0217 -0.0026 -0.0061 -0.0000  0.0000  0.0000  0.0000  0.0000 -0.0000 -0.0000  0.0000 -0.0000  0.0000 -0.0000  0.0000  0.0000 -0.0000 -0.0000 -0.0000 -0.0000 -0.0000 -0.0000 -0.0000 -0.0000 -0.0000 -0.0000 -0.0000 -0.0000 -0.0000 -0.0000 -0.0000 -0.0000 -0.0000 -0.0000 -0.0000 -0.0000 -0.0000 -0.0000 -0.0000 -0.0000 -0.0000 -0.0000 -0.0000 -0.0000 -0.0000  0.0000  0.0000 -0.0000 -0.0000  0.0000 -0.0000  0.0000 -0.0000  0.0000 -0.0000  0.0051 -0.0006  0.0105  0.0033 -0.0239 -0.0114  0.0049 -0.0079 -0.0090  0.0147 -0.0052  0.0027  0.0154 -0.0158 -0.0428 -0.0045  0.0068  0.0625  0.0042  0.0176  0.0227  0.0299  0.0010 -0.0086 -0.0262 -0.0406  0.0383  0.0006 -0.0043  0.0010  0.0557  0.0450  0.0688  0.0256 -0.0459  0.0358 -0.0026 -0.0250 -0.0639  0.0286  0.0090 -0.0443 -0.0608 -0.0106
 0.4350000E+02 0.1412151E+00 0.4300000E+02 0.4090570E-02 0.1376001E-04 0.6801698E-05 0.1754500E-04
 -0.0259 -0.0028 -0.0076 -0.0000  0.0000  0.0000  0.0000  0.0000 -0.0000 -0.0000  0.0000 -0.0000  0.0000 -0.0000  0.0000  0.0000 -0.0000 -0.0000 -0.0000 -0.0000 -0.0000 -0.0000 -0.0000 -0.0000 -0.0000 -0.0000 -0.0000 -0.0000 -0.0000 -0.0000 -0.0000 -0.0000 -0.0000 -0.0000 -0.0000 -0.0000 -0.0000 -0.0000 -0.0000 -0.0000 -0.0000 -0.0000 -0.0000 -0.0000 -0.0000  0.0000  0.0000 -0.0000 -0.0000  0.0000 -0.0000  0.0000 -0.0000  0.0000 -0.0000  0.0051 -0.0020  0.0133  0.0040 -0.0280 -0.0124  0.0050 -0.0091 -0.0107  0.0150 -0.0059 -0.0007  0.0109 -0.0154 -0.0412 -0.0031  0.0113  0.0704  0.0115  0.0312  0.0340  0.0063  0.0100  0.0011 -0.0247 -0.0425  0.0382  0.0103  0.0074  0.0251  0.0467 -0.0086  0.0338 -0.0028 -0.1014  0.0370  0.0281  0.0168  0.0036  0.0492  0.0050 -0.0717 -0.0496 -0.0197
 0.4650000E+02 0.1321045E+00 0.4300000E+02 0.3555328E-02 0.1333904E-04 0.6107031E-05 0.1661067E-04
 -0.0324 -0.0017 -0.0079 -0.0000  0.0000  0.0000  0.0000  0.0000 -0.0000 -0.0000  0.0000 -0.0000  0.0000 -0.0000  0.0000  0.0000 -0.0000 -0.0000 -0.0000 -0.0000 -0.0000 -0.0000 -0.0000 -0.0000 -0.0000 -0.0000 -0.0000 -0.0000 -0.0000 -0.0000 -0.0000 -0.0000 -0.0000 -0.0000 -0.0000 -0.0000 -0.0000 -0.0000 -0.0000 -0.0000 -0.0000 -0.0000 -0.0000 -0.0000 -0.0000  0.0000  0.0000 -0.0000 -0.0000  0.0000 -0.0000  0.0000 -0.0000  0.0000 -0.0000  0.0048 -0.0044  0.0161  0.0027 -0.0307 -0.0144  0.0024 -0.0135 -0.0109  0.0089 -0.0122  0.0005  0.0047 -0.0246 -0.0441 -0.0077 -0.0029  0.0530  0.0243  0.0275  0.0126  0.0296  0.0191 -0.0009 -0.0383 -0.0377  0.0392  0.0245 -0.0081  0.0023  0.0661  0.0180  0.0829  0.0282 -0.0887  0.0426 -0.0216 -0.0272 -0.0253 -0.0121 -0.0370 -0.0080 -0.0730  0.0284
 0.4950000E+02 0.1240981E+00 0.4300000E+02 0.3047720E-02 0.1209432E-04 0.5534755E-05 0.1587681E-04
 -0.0366 -0.0034 -0.0083 -0.0000  0.0000  0.0000  0.0000  0.0000 -0.0000 -0.0000  0.0000 -0.0000  0.0000 -0.0000  0.0000  0.0000 -0.0000 -0.0000 -0.0000 -0.0000 -0.0000 -0.0000 -0.0000 -0.0000 -0.0000 -0.0000 -0.0000 -0.0000 -0.0000 -0.0000 -0.0000 -0.0000 -0.0000 -0.0000 -0.0000 -0.0000 -0.0000 -0.0000 -0.0000 -0.0000 -0.0000 -0.0000 -0.0000 -0.0000 -0.0000  0.0000  0.0000 -0.0000 -0.0000  0.0000 -0.0000  0.0000 -0.0000  0.0000 -0.0000  0.0068 -0.0030  0.0172  0.0066 -0.0355 -0.0171  0.0050 -0.0096 -0.0157  0.0232 -0.0109 -0.0020  0.0127 -0.0192 -0.0451 -0.0057  0.0322  0.0787  0.0071  0.0407  0.0570  0.0197  0.0276  0.0130 -0.0251 -0.0182  0.0476  0.0364  0.0068  0.0467  0.0902  0.0430  0.0330 -0.0057 -0.1049  0.1064 -0.0246  0.0488  0.0153  0.0897  0.0179 -0.0437 -0.0742 -0.0348
 0.5250000E+02 0.1170068E+00 0.4300000E+02 0.2688289E-02 0.1126659E-04 0.5854203E-05 0.1497946E-04
 -0.0427 -0.0028 -0.0096 -0.0000  0.0000  0.0000  0.0000  0.0000 -0.0000 -0.0000  0.0000 -0.0000  0.0000 -0.0000  0.0000  0.0000 -0.0000 -0.0000 -0.0000 -0.0000 -0.0000 -0.0000 -0.0000 -0.0000 -0.0000 -0.0000 -0.0000 -0.0000 -0.0000 -0.0000 -0.0000 -0.0000 -0.0000 -0.0000 -0.0000 -0.0000 -0.0000 -0.0000 -0.0000 -0.0000 -0.0000 -0.0000 -0.0000 -0.0000 -0.0000  0.0000  0.0000 -0.0000 -0.0000  0.0000 -0.0000  0.0000 -0.0000  0.0000 -0.0000  0.0058 -0.0046  0.0199  0.0051 -0.0405 -0.0167  0.0009 -0.0123 -0.0132  0.0116 -0.0122 -0.0012  0.0084 -0.0135 -0.0531 -0.0083  0.0081  0.0814  0.0216  0.0348  0.0479  0.0340  0.0355  0.0068 -0.0451 -0.0542  0.0486 -0.0140 -0.0040  0.0016  0.0841  0.0144  0.0323  0.0396 -0.1590  0.0172  0.0363 -0.0965 -0.0723  0.0079 -0.0492 -0.0350 -0.0602 -0.0057
 0.5550000E+02 0.1106821E+00 0.4300000E+02 0.2348280E-02 0.1074168E-04 0.4784519E-05 0.1345268E-04
 -0.0466 -0.0045 -0.0110 -0.0000  0.0000  0.0000  0.0000  0.0000 -0.0000 -0.0000  0.0000 -0.0000  0.0000 -0.0000  0.0000  0.0000 -0.0000 -0.0000 -0.0000 -0.0000 -0.0000 -0.0000 -0.0000 -0.0000 -0.0000 -0.0000 -0.0000 -0.0000 -0.0000 -0.0000 -0.0000 -0.0000 -0.0000 -0.0000 -0.0000 -0.0000 -0.0000 -0.0000 -0.0000 -0.0000 -0.0000 -0.0000 -0.0000 -0.0000 -0.0000  0.0000  0.0000 -0.0000 -0.0000  0.0000 -0.0000  0.0000 -0.0000  0.0000 -0.0000  0.0068 -0.0041  0.0209  0.0087 -0.0419 -0.0204  0.0034 -0.0076 -0.0210  0.0216 -0.0147  0.0018  0.0116 -0.0235 -0.0546 -0.0139  0.0255  0.0654 -0.0023  0.0405  0.0621  0.0346  0.0071 -0.0122 -0.0350 -0.0520  0.0502  0.0240 -0.0199  0.0671  0.0545 -0.0251  0.0903  0.0253 -0.0485  0.0854  0.0240  0.0813  0.0473  0.0413  0.0652 -0.0224 -0.0721 -0.0215
 0.5900000E+02 0.1041162E+00 0.4300000E+02 0.2036756E-02 0.8180678E-05 0.4091623E-05 0.1053905E-04
 -0.0561 -0.0039 -0.0139 -0.0000  0.0000  0.0000  0.0000  0.0000 -0.0000 -0.0000  0.0000 -0.0000  0.0000 -0.0000  0.0000  0.0000 -0.0000 -0.0000 -0.0000 -0.0000 -0.0000 -0.0000 -0.0000 -0.0000 -0.0000 -0.0000 -0.0000 -0.0000 -0.0000 -0.0000 -0.0000 -0.0000 -0.0000 -0.0000 -0.0000 -0.0000 -0.0000 -0.0000 -0.0000 -0.0000 -0.0000 -0.0000 -0.0000 -0.0000 -0.0000  0.0000  0.0000 -0.0000 -0.0000  0.0000 -0.0000  0.0000 -0.0000  0.0000 -0.0000  0.0073 -0.0067  0.0222  0.0078 -0.0451 -0.0218  0.0035 -0.0102 -0.0257  0.0182 -0.0239 -0.0034  0.0112 -0.0245 -0.0464 -0.0115  0.0085  0.0453  0.0154  0.0159  0.0525  0.0394 -0.0114  0.0050 -0.0419 -0.0458  0.0424  0.0122  0.0046 -0.0326  0.0566  0.0434  0.1014 -0.0262 -0.0963  0.0602  0.0014 -0.0404 -0.0248  0.0454 -0.0323 -0.0504 -0.0637 -0.0022
 0.6300000E+02 0.9750567E-01 0.4300000E+02 0.1702472E-02 0.7821450E-05 0.3316338E-05 0.9884745E-05
 -0.0605 -0.0019 -0.0132 -0.0000  0.0000  0.0000  0.0000  0.0000 -0.0000 -0.0000  0.0000 -0.0000  0.0000 -0.0000  0.0000  0.0000 -0.0000 -0.0000 -0.0000 -0.0000 -0.0000 -0.0000 -0.0000 -0.0000 -0.0000 -0.0000 -0.0000 -0.0000 -0.0000 -0.0000 -0.0000 -0.0000 -0.0000 -0.0000 -0.0000 -0.0000 -0.0000 -0.0000 -0.0000 -0.0000 -0.0000 -0.0000 -0.0000 -0.0000 -0.0000  0.0000  0.0000 -0.0000 -0.0000  0.0000 -0.0000  0.0000 -0.0000  0.0000 -0.0000  0.0086 -0.0081  0.0276  0.0100 -0.0535 -0.0233 -0.0026 -0.0124 -0.0233  0.0138 -0.0183 -0.0048  0.0040 -0.0228 -0.0644 -0.0161  0.0267  0.0807  0.0171  0.0682  0.0584  0.0096  0.0583 -0.0139 -0.0449 -0.0229  0.0651  0.0131 -0.0092  0.0457  0.1120  0.0307  0.0446 -0.0335 -0.1090  0.0593  0.0173  0.0054 -0.0404  0.0445  0.0193 -0.0210 -0.0917 -0.0103
 0.6750000E+02 0.9100529E-01 0.4300000E+02 0.1436466E-02 0.6012284E-05 0.2817637E-05 0.8004024E-05
 -0.0713 -0.0020 -0.0157 -0.0000  0.0000  0.0000  0.0000  0.0000 -0.0000 -0.0000  0.0000 -0.0000  0.0000 -0.0000  0.0000  0.0000 -0.0000 -0.0000 -0.0000 -0.0000 -0.0000 -0.0000 -0.0000 -0.0000 -0.0000 -0.0000 -0.0000 -0.0000 -0.0000 -0.0000 -0.0000 -0.0000 -0.0000 -0.0000 -0.0000 -0.0000 -0.0000 -0.0000 -0.0000 -0.0000 -0.0000 -0.0000 -0.0000 -0.0000 -0.0000  0.0000  0.0000 -0.0000 -0.0000  0.0000 -0.0000  0.0000 -0.0000  0.0000 -0.0000  0.0102 -0.0095  0.0289  0.0131 -0.0562 -0.0277 -0.0024 -0.0076 -0.0343  0.0199 -0.0252 -0.0123  0.0136 -0.0276 -0.0489 -0.0116  0.0292  0.0485  0.0084  0.0435  0.0623  0.0275 -0.0054 -0.0063 -0.0306 -0.0392  0.0467  0.0005  0.0074 -0.0154  0.0587  0.0379  0.1303  0.0196 -0.1041  0.0515  0.0258  0.0302 -0.0506  0.1234  0.0037 -0.0352 -0.0963  0.0023
 0.7250000E+02 0.8472906E-01 0.4300000E+02 0.1150581E-02 0.5711204E-05 0.2482550E-05 0.7872078E-05
 -0.0720 -0.0014 -0.0126 -0.0000  0.0000  0.0000  0.0000  0.0000 -0.0000 -0.0000  0.0000 -0.0000  0.0000 -0.0000  0.0000  0.0000 -0.0000 -0.0000 -0.0000 -0.0000 -0.0000 -0.0000 -0.0000 -0.0000 -0.0000 -0.0000 -0.0000 -0.0000 -0.0000 -0.0000 -0.0000 -0.0000 -0.0000 -0.0000 -0.0000 -0.0000 -0.0000 -0.0000 -0.0000 -0.0000 -0.0000 -0.0000 -0.0000 -0.0000 -0.0000  0.0000  0.0000 -0.0000 -0.0000  0.0000 -0.0000  0.0000 -0.0000  0.0000 -0.0000  0.0096 -0.0126  0.0330  0.0104 -0.0596 -0.0315 -0.0102 -0.0079 -0.0221  0.0158 -0.0299  0.0089  0.0113 -0.0240 -0.0539 -0.0124  0.0118  0.0737  0.0143  0.0574  0.0804  0.0271  0.0488 -0.0235 -0.0481 -0.0142  0.0623  0.0352  0.0226  0.0696  0.1149  0.0042  0.1011 -0.0199 -0.1408  0.1121 -0.0585 -0.0822 -0.1691  0.1187  0.0285 -0.0110 -0.1212 -0.0365
 0.7750000E+02 0.7926267E-01 0.4300000E+02 0.9574979E-03 0.5109976E-05 0.2523209E-05 0.6810946E-05
 -0.0848 -0.0024 -0.0146 -0.0000  0.0000  0.0000  0.0000  0.0000 -0.0000 -0.0000  0.0000 -0.0000  0.0000 -0.0000  0.0000  0.0000 -0.0000 -0.0000 -0.0000 -0.0000 -0.0000 -0.0000 -0.0000 -0.0000 -0.0000 -0.0000 -0.0000 -0.0000 -0.0000 -0.0000 -0.0000 -0.0000 -0.0000 -0.0000 -0.0000 -0.0000 -0.0000 -0.0000 -0.0000 -0.0000 -0.0000 -0.0000 -0.0000 -0.0000 -0.0000  0.0000  0.0000 -0.0000 -0.0000  0.0000 -0.0000  0.0000 -0.0000  0.0000 -0.0000  0.0120 -0.0139  0.0341  0.0142 -0.0663 -0.0326 -0.0097 -0.0049 -0.0374  0.0224 -0.0250 -0.0182  0.0141 -0.0347 -0.0446  0.0005  0.0308  0.0465  0.0120  0.0411  0.0810  0.0185 -0.0150  0.0352 -0.0453 -0.0257  0.0235 -0.0333  0.0247  0.0503  0.0289  0.1227  0.1239  0.0173 -0.0827  0.0304  0.0737  0.1282 -0.0476  0.1568  0.0853 -0.0409 -0.1140 -0.0002
 0.8250000E+02 0.7445887E-01 0.4300000E+02 0.7804370E-03 0.4748610E-05 0.2267791E-05 0.6160314E-05
 -0.0809 -0.0004 -0.0078 -0.0000  0.0000  0.0000  0.0000  0.0000 -0.0000 -0.0000  0.0000 -0.0000  0.0000 -0.0000  0.0000  0.0000 -0.0000 -0.0000 -0.0000 -0.0000 -0.0000 -0.0000 -0.0000 -0.0000 -0.0000 -0.0000 -0.0000 -0.0000 -0.0000 -0.0000 -0.0000 -0.0000 -0.0000 -0.0000 -0.0000 -0.0000 -0.0000 -0.0000 -0.0000 -0.0000 -0.0000 -0.0000 -0.0000 -0.0000 -0.0000  0.0000  0.0000 -0.0000 -0.0000  0.0000 -0.0000  0.0000 -0.0000  0.0000 -0.0000  0.0115 -0.0155  0.0378  0.0112 -0.0696 -0.0368 -0.0215 -0.0094 -0.0141  0.0080 -0.0226 -0.0014  0.0139 -0.0281 -0.0618 -0.0076  0.0208  0.0909  0.0314  0.0557  0.0565  0.0005  0.0784 -0.0169 -0.0248  0.0130  0.0428  0.0186 -0.0081  0.0513  0.1423  0.0492  0.0826  0.0302 -0.1530  0.0495 -0.0184 -0.0303 -0.1749  0.0945  0.0373  0.0270 -0.1406  0.0218
 0.9000000E+02 0.6825397E-01 0.4300000E+02 0.5806524E-03 0.2409386E-05 0.1011485E-05 0.3377172E-05
 -0.0905  0.0006 -0.0088 -0.0000  0.0000  0.0000  0.0000  0.0000 -0.0000 -0.0000  0.0000 -0.0000  0.0000 -0.0000  0.0000  0.0000 -0.0000 -0.0000 -0.0000 -0.0000 -0.0000 -0.0000 -0.0000 -0.0000 -0.0000 -0.0000 -0.0000 -0.0000 -0.0000 -0.0000 -0.0000 -0.0000 -0.0000 -0.0000 -0.0000 -0.0000 -0.0000 -0.0000 -0.0000 -0.0000 -0.0000 -0.0000 -0.0000 -0.0000 -0.0000  0.0000  0.0000 -0.0000 -0.0000  0.0000 -0.0000  0.0000 -0.0000  0.0000 -0.0000  0.0130 -0.0227  0.0404  0.0090 -0.0727 -0.0427 -0.0265 -0.0033 -0.0237  0.0095 -0.0238 -0.0048  0.0106 -0.0288 -0.0196  0.0039  0.0275  0.0497  0.0300  0.0398  0.0761  0.0088  0.0488  0.0077 -0.0194  0.0098  0.0546  0.0190  0.0090  0.0485  0.0714  0.0351  0.1220  0.0135 -0.1031  0.0398  0.0454 -0.0009 -0.1440  0.1631 -0.0068 -0.0351 -0.1000 -0.0122
 0.1000000E+03 0.6142857E-01 0.4300000E+02 0.4110993E-03 0.2110264E-05 0.7811093E-06 0.2652846E-05
 -0.0930 -0.0004 -0.0048 -0.0000  0.0000  0.0000  0.0000  0.0000  0.0000 -0.0000  0.0000 -0.0000  0.0000 -0.0000  0.0000  0.0000 -0.0000 -0.0000 -0.0000 -0.0000 -0.0000 -0.0000 -0.0000 -0.0000 -0.0000 -0.0000 -0.0000 -0.0000 -0.0000 -0.0000 -0.0000 -0.0000 -0.0000 -0.0000 -0.0000 -0.0000 -0.0000 -0.0000 -0.0000 -0.0000 -0.0000 -0.0000 -0.0000 -0.0000 -0.0000  0.0000  0.0000 -0.0000 -0.0000  0.0000 -0.0000  0.0000 -0.0000  0.0000 -0.0000  0.0150 -0.0250  0.0408  0.0069 -0.0738 -0.0469 -0.0289 -0.0027 -0.0145  0.0083 -0.0262  0.0001  0.0269 -0.0354 -0.0304  0.0017  0.0081  0.0495  0.0164  0.0241  0.0506  0.0005  0.0426 -0.0136 -0.0148  0.0061  0.0007  0.0309 -0.0066  0.0341  0.0947  0.0520  0.1364  0.0149 -0.0880  0.0723 -0.0367  0.0528 -0.0915  0.1145  0.0421  0.0282 -0.1058  0.0073
 0.1150000E+03 0.5341615E-01 0.4300000E+02 0.2590792E-03 0.1081288E-05 0.4336514E-06 0.1412415E-05
 -0.0889 -0.0032 -0.0061 -0.0000  0.0000  0.0000  0.0000  0.0000  0.0000 -0.0000  0.0000 -0.0000  0.0000 -0.0000  0.0000  0.0000 -0.0000 -0.0000 -0.0000 -0.0000 -0.0000 -0.0000 -0.0000 -0.0000 -0.0000 -0.0000 -0.0000 -0.0000 -0.0000 -0.0000 -0.0000 -0.0000 -0.0000 -0.0000 -0.0000 -0.0000 -0.0000 -0.0000 -0.0000 -0.0000 -0.0000 -0.0000 -0.0000 -0.0000 -0.0000  0.0000  0.0000 -0.0000 -0.0000  0.0000 -0.0000  0.0000 -0.0000  0.0000 -0.0000  0.0140 -0.0285  0.0390 -0.0003 -0.0704 -0.0465 -0.0264 -0.0019 -0.0185  0.0058 -0.0225  0.0097  0.0310 -0.0326 -0.0191  0.0006  0.0138  0.0571  0.0022  0.0263  0.0670  0.0016  0.0373 -0.0144 -0.0089 -0.0171  0.0110  0.0183 -0.0153  0.0427  0.0630  0.0546  0.1175 -0.0001 -0.1095  0.0247  0.0002  0.0218 -0.0871  0.0621  0.0922  0.0083 -0.0746 -0.0286
 0.1375000E+03 0.4467532E-01 0.4300000E+02 0.1345332E-03 0.6652397E-06 0.2567983E-06 0.8290066E-06
 -0.0835 -0.0076 -0.0066 -0.0000  0.0000  0.0000  0.0000  0.0000  0.0000 -0.0000  0.0000 -0.0000  0.0000 -0.0000  0.0000  0.0000 -0.0000 -0.0000 -0.0000 -0.0000 -0.0000 -0.0000 -0.0000 -0.0000 -0.0000 -0.0000 -0.0000 -0.0000 -0.0000 -0.0000 -0.0000 -0.0000 -0.0000 -0.0000 -0.0000 -0.0000 -0.0000 -0.0000 -0.0000 -0.0000 -0.0000 -0.0000 -0.0000 -0.0000 -0.0000  0.0000  0.0000 -0.0000 -0.0000  0.0000 -0.0000  0.0000  0.0000  0.0000 -0.0000  0.0130 -0.0344  0.0311 -0.0134 -0.0572 -0.0435 -0.0171 -0.0091 -0.0152 -0.0152 -0.0235  0.0142  0.0376 -0.0371  0.0035  0.0056  0.0008  0.0387  0.0071  0.0310  0.0289  0.0057  0.0279 -0.0268 -0.0053  0.0112 -0.0150  0.0442 -0.0458  0.0594  0.1044  0.0462  0.1383  0.0248 -0.0834  0.0639 -0.0265  0.0141 -0.0771  0.0122  0.0554  0.0828 -0.0773  0.0086
 0.1650000E+03 0.3722944E-01 0.4300000E+02 0.6975164E-04 0.4981748E-06 0.1978221E-06 0.5940137E-06
 -0.0701 -0.0137 -0.0130 -0.0000  0.0000  0.0000  0.0000  0.0000 -0.0000 -0.0000  0.0000 -0.0000  0.0000 -0.0000  0.0000  0.0000 -0.0000 -0.0000 -0.0000 -0.0000 -0.0000 -0.0000 -0.0000 -0.0000 -0.0000 -0.0000 -0.0000 -0.0000 -0.0000 -0.0000 -0.0000 -0.0000 -0.0000 -0.0000 -0.0000 -0.0000 -0.0000 -0.0000 -0.0000 -0.0000 -0.0000 -0.0000 -0.0000 -0.0000 -0.0000  0.0000  0.0000 -0.0000 -0.0000  0.0000 -0.0000  0.0000 -0.0000  0.0000 -0.0000  0.0077 -0.0378  0.0239 -0.0231 -0.0424 -0.0367 -0.0010 -0.0083 -0.0305 -0.0253 -0.0159  0.0284  0.0449 -0.0366  0.0084 -0.0136  0.0056  0.0360  0.0035  0.0324  0.0461  0.0114  0.0384 -0.0513 -0.0111 -0.0019 -0.0180  0.0134 -0.0271  0.0924  0.0796  0.0325  0.1217  0.0039 -0.1276  0.0572 -0.0673  0.0211 -0.1468  0.0742  0.0392  0.1089 -0.0991 -0.0417
 0.1950000E+03 0.3150183E-01 0.4300000E+02 0.3806266E-04 0.3822582E-06 0.1531112E-06 0.4516281E-06
 -0.0740 -0.0189 -0.0117 -0.0000  0.0000  0.0000  0.0000  0.0000  0.0000 -0.0000  0.0000 -0.0000  0.0000 -0.0000  0.0000  0.0000 -0.0000 -0.0000 -0.0000 -0.0000 -0.0000 -0.0000 -0.0000 -0.0000 -0.0000 -0.0000 -0.0000 -0.0000 -0.0000 -0.0000 -0.0000 -0.0000 -0.0000 -0.0000 -0.0000 -0.0000 -0.0000 -0.0000 -0.0000 -0.0000 -0.0000 -0.0000 -0.0000 -0.0000 -0.0000  0.0000  0.0000 -0.0000 -0.0000  0.0000 -0.0000  0.0000  0.0000  0.0000 -0.0000  0.0058 -0.0402  0.0237 -0.0274 -0.0408 -0.0341  0.0024 -0.0177 -0.0244 -0.0408 -0.0151  0.0143  0.0447 -0.0521  0.0224  0.0357  0.0438  0.0649 -0.0038  0.0241  0.0555 -0.0091  0.0513 -0.0023 -0.0150  0.0023 -0.0658  0.0742 -0.0003  0.0271  0.1989  0.0607  0.1508 -0.0188 -0.1910 -0.0120 -0.0532  0.0616 -0.0388 -0.0611  0.1836  0.1847 -0.0923 -0.0415
 0.2300000E+03 0.2670807E-01 0.4300000E+02 0.1767350E-04 0.1665290E-06 0.6730210E-07 0.2045547E-06
 -0.0637 -0.0234 -0.0150 -0.0000  0.0000  0.0000  0.0000  0.0000  0.0000 -0.0000  0.0000 -0.0000  0.0000 -0.0000  0.0000  0.0000 -0.0000 -0.0000 -0.0000 -0.0000 -0.0000 -0.0000 -0.0000 -0.0000 -0.0000 -0.0000 -0.0000 -0.0000 -0.0000 -0.0000 -0.0000 -0.0000 -0.0000 -0.0000 -0.0000 -0.0000 -0.0000 -0.0000 -0.0000 -0.0000 -0.0000 -0.0000 -0.0000 -0.0000 -0.0000  0.0000  0.0000 -0.0000 -0.0000  0.0000 -0.0000  0.0000 -0.0000  0.0000 -0.0000  0.0020 -0.0439  0.0165 -0.0414 -0.0239 -0.0339  0.0051 -0.0107 -0.0149 -0.0568 -0.0300  0.0559  0.0502 -0.0522  0.0103 -0.0041 -0.0073  0.0468  0.0242  0.0284  0.0665  0.0209  0.0185 -0.0805 -0.0335  0.0480 -0.0768  0.0695 -0.1226  0.0702  0.1474  0.0689  0.1680  0.0425 -0.1219  0.1248 -0.0104 -0.0493 -0.2132 -0.0179  0.1325  0.2567 -0.1174 -0.0372
 0.2750000E+03 0.2233766E-01 0.4300000E+02 0.6653119E-05 0.1061920E-06 0.3973586E-07 0.1254386E-06
 -0.0818 -0.0256 -0.0185 -0.0000  0.0000  0.0000  0.0000  0.0000 -0.0000 -0.0000  0.0000 -0.0000  0.0000 -0.0000  0.0000  0.0000 -0.0000 -0.0000 -0.0000 -0.0000 -0.0000 -0.0000 -0.0000 -0.0000 -0.0000 -0.0000 -0.0000 -0.0000 -0.0000 -0.0000 -0.0000 -0.0000 -0.0000 -0.0000 -0.0000 -0.0000 -0.0000 -0.0000 -0.0000 -0.0000 -0.0000 -0.0000 -0.0000 -0.0000 -0.0000  0.0000  0.0000 -0.0000 -0.0000  0.0000 -0.0000  0.0000 -0.0000  0.0000 -0.0000  0.0034 -0.0493  0.0182 -0.0333 -0.0249 -0.0320  0.0182 -0.0131 -0.0364 -0.0781 -0.0180 -0.0066  0.0717 -0.0681  0.0169  0.0255  0.0393  0.0264 -0.0275  0.0217  0.0901  0.0254  0.0251 -0.0628 -0.0001  0.0126 -0.1518  0.1280 -0.0299  0.1945  0.1274  0.1217  0.2137  0.0223 -0.2015  0.2215 -0.1036  0.2256 -0.1023 -0.0150  0.2501  0.4322 -0.1681 -0.0791
 0.3250000E+03 0.1890110E-01 0.4300000E+02 0.2786860E-05 0.7165462E-07 0.3026772E-07 0.8469469E-07
 -0.0564 -0.0251 -0.0119  0.0000  0.0000  0.0000  0.0000 -0.0000  0.0000  0.0000 -0.0000 -0.0000  0.0000 -0.0000  0.0000  0.0000 -0.0000 -0.0000 -0.0000 -0.0000 -0.0000 -0.0000 -0.0000 -0.0000 -0.0000 -0.0000 -0.0000 -0.0000 -0.0000 -0.0000 -0.0000 -0.0000 -0.0000 -0.0000 -0.0000 -0.0000 -0.0000 -0.0000 -0.0000 -0.0000 -0.0000 -0.0000 -0.0000 -0.0000 -0.0000  0.0000 -0.0000 -0.0000  0.0000  0.0000 -0.0000 -0.0000 -0.0000  0.0000  0.0000 -0.0056 -0.0546  0.0173 -0.0576 -0.0162 -0.0246 -0.0081 -0.0093  0.0005 -0.1213 -0.0259  0.0789  0.0343 -0.0223 -0.0127  0.0089 -0.0650  0.1107  0.0229  0.0640  0.0159  0.0727  0.1558 -0.1380 -0.0262  0.0982  0.0454  0.0602 -0.1554  0.0908  0.2440  0.2815  0.1511 -0.0364 -0.3571  0.0999 -0.1422 -0.4256 -0.6183 -0.3721  0.2008  0.4348 -0.1653 -0.1132
 0.3750000E+03 0.1638095E-01 0.4300000E+02 0.1216158E-05 0.4815849E-07 0.1879665E-07 0.5406420E-07
 -0.0746 -0.0350 -0.0356 -0.0000  0.0000  0.0000  0.0000  0.0000 -0.0000 -0.0000  0.0000 -0.0000  0.0000 -0.0000  0.0000  0.0000 -0.0000 -0.0000 -0.0000 -0.0000 -0.0000 -0.0000 -0.0000 -0.0000 -0.0000 -0.0000 -0.0000 -0.0000 -0.0000 -0.0000 -0.0000 -0.0000 -0.0000 -0.0000 -0.0000 -0.0000 -0.0000 -0.0000 -0.0000 -0.0000 -0.0000 -0.0000 -0.0000 -0.0000 -0.0000  0.0000  0.0000 -0.0000 -0.0000  0.0000 -0.0000  0.0000 -0.0000  0.0000 -0.0000 -0.0028 -0.0468  0.0166 -0.0383 -0.0163 -0.0215  0.0409  0.0207 -0.0493 -0.0711 -0.0511  0.0329  0.0765 -0.0475  0.0403  0.0279  0.1047 -0.0139  0.0516 -0.0785  0.0672 -0.0160 -0.1605 -0.3300  0.0182 -0.0230 -0.1849  0.0263 -0.1438  0.0514 -0.0804  0.1492  0.1250  0.2015  0.2813  0.5269  0.1834  0.6098  0.0689  0.7367  0.1079  0.0827 -0.1440 -0.0626
 0.4350000E+03 0.1412151E-01 0.4300000E+02 0.5560527E-06 0.2722165E-07 0.1018788E-07 0.3080707E-07
 -0.0931 -0.0350 -0.0303 -0.0000  0.0000  0.0000  0.0000  0.0000 -0.0000 -0.0000  0.0000 -0.0000  0.0000 -0.0000  0.0000  0.0000 -0.0000 -0.0000 -0.0000 -0.0000 -0.0000 -0.0000 -0.0000 -0.0000 -0.0000 -0.0000 -0.0000 -0.0000 -0.0000 -0.0000 -0.0000 -0.0000 -0.0000 -0.0000 -0.0000 -0.0000 -0.0000 -0.0000 -0.0000 -0.0000 -0.0000 -0.0000 -0.0000 -0.0000 -0.0000  0.0000  0.0000 -0.0000 -0.0000  0.0000 -0.0000  0.0000 -0.0000  0.0000 -0.0000 -0.0004 -0.0472  0.0174 -0.0406 -0.0261 -0.0319  0.0162 -0.0037 -0.0360 -0.1188 -0.0321 -0.0175  0.0558 -0.0839 -0.0101 -0.0243  0.1766  0.0541 -0.0003  0.0534  0.1985  0.0543  0.3352 -0.1205  0.0164  0.0641 -0.1859  0.2027  0.0758  0.3960  0.2977  0.2232  0.2055 -0.0600 -0.8695  0.0552  0.0583  0.1861 -0.7502 -0.1458  0.5029  0.9166 -0.4029 -0.2412
 0.5100000E+03 0.1204482E-01 0.4300000E+02 0.1918331E-06 0.1483158E-07 0.5547141E-08 0.1626811E-07
 -0.0692 -0.0260 -0.0154 -0.0000  0.0000  0.0000  0.0000  0.0000  0.0000 -0.0000  0.0000 -0.0000  0.0000 -0.0000  0.0000  0.0000 -0.0000 -0.0000 -0.0000 -0.0000 -0.0000 -0.0000 -0.0000 -0.0000 -0.0000 -0.0000 -0.0000 -0.0000 -0.0000 -0.0000 -0.0000 -0.0000 -0.0000 -0.0000 -0.0000 -0.0000 -0.0000 -0.0000 -0.0000 -0.0000 -0.0000 -0.0000 -0.0000 -0.0000 -0.0000  0.0000  0.0000 -0.0000 -0.0000  0.0000 -0.0000  0.0000  0.0000  0.0000 -0.0000  0.0134 -0.0502  0.0135 -0.0049  0.0183 -0.0531  0.0549  0.0278 -0.0433 -0.0433 -0.0382  0.0292  0.2734 -0.1234 -0.0193 -0.1547  0.0793 -0.1309 -0.1476 -0.1262 -0.1278  0.5439 -0.0246 -0.3650  0.1931 -0.1604  0.0320  0.8778 -0.1559 -0.1324  0.1542  0.3683  0.2747  0.2770  0.3746  0.5359 -0.4887  0.5826 -0.1165  0.1322  0.7170  0.5205 -0.3519 -0.0417
 0.6000000E+03 0.1023810E-01 0.4300000E+02 0.7059737E-07 0.7818955E-08 0.2864416E-08 0.8813965E-08
 -0.0071 -0.0189  0.0015  0.0000 -0.0000 -0.0000 -0.0000 -0.0000  0.0000  0.0000 -0.0000  0.0000 -0.0000  0.0000 -0.0000 -0.0000  0.0000 -0.0000 -0.0000 -0.0000 -0.0000 -0.0000 -0.0000 -0.0000 -0.0000 -0.0000 -0.0000 -0.0000 -0.0000 -0.0000 -0.0000 -0.0000 -0.0000 -0.0000 -0.0000 -0.0000 -0.0000 -0.0000 -0.0000 -0.0000 -0.0000 -0.0000 -0.0000  0.0000  0.0000 -0.0000 -0.0000  0.0000  0.0000 -0.0000  0.0000 -0.0000  0.0000 -0.0000  0.0000 -0.0253 -0.0819  0.0060 -0.1205  0.0277 -0.0288 -0.0434 -0.0121  0.1690 -0.2743 -0.1550  0.2231 -0.0183  0.0321 -0.0587  0.0426 -0.3488  0.0509  0.4436 -0.0446  0.1040 -0.2506  0.5173 -0.4356 -0.5012  0.3618 -0.2859  0.1820 -0.2047 -0.1135 -0.0402  0.3557 -0.2220 -0.8703 -2.1606  0.2991 -0.7004 -1.5912 -2.3183 -0.3217  0.4746  0.6502 -0.5342 -0.0402
 0.7750000E+03 0.7926268E-02 0.4300000E+02 0.1385033E-07 0.2216070E-08 0.8136438E-09 0.2434809E-08
 -0.0870 -0.0116 -0.0128  0.0000  0.0000  0.0000  0.0000 -0.0000 -0.0000  0.0000 -0.0000  0.0000  0.0000 -0.0000  0.0000 -0.0000  0.0000 -0.0000 -0.0000 -0.0000 -0.0000 -0.0000 -0.0000 -0.0000 -0.0000 -0.0000 -0.0000 -0.0000 -0.0000 -0.0000 -0.0000 -0.0000 -0.0000 -0.0000 -0.0000 -0.0000 -0.0000 -0.0000 -0.0000 -0.0000 -0.0000 -0.0000 -0.0000 -0.0000  0.0000 -0.0000 -0.0000  0.0000 -0.0000  0.0000 -0.0000 -0.0000 -0.0000  0.0000 -0.0000 -0.0071 -0.0656  0.0427 -0.0305 -0.0293 -0.0135 -0.0123 -0.0354  0.0159 -0.2131 -0.0410 -0.0782  0.0293 -0.0994  0.0168 -0.0272  0.1945  0.0563 -0.0964  0.0436 -0.1567 -0.1214  0.4095 -0.7477 -0.0420  0.8122 -0.4496  1.0108 -0.1951  0.5598  1.3467 -0.3324  0.0062  0.5085  0.2242  1.4333 -0.7348  0.8058 -1.2222  1.7454 -1.0905  1.6857 -1.0403  0.5045
