#: table_doi: 10.17182/hepdata.79410.v1/t3
#: name: Table 2
#: description: Triple-differential dijet cross section as a function of the average transverse momentum of the leading two jets with detailed experimental uncertainties (symmetrised).
#: data_file: table_2.yaml
#: keyword observables: D3SIG/DPTAVG/DYBOOST/DYSTAR
#: keyword phrases: Triple Differential Inclusive Dijet Production
#: keyword cmenergies: 8000
#: keyword reactions: P P --> JET JET X
#: YSTAR,,,1.0 <= YSTAR < 2.0
#: SQRT(S) [TeV],,,8
#: YBOOST,,,0.0 <= YBOOST < 1.0
PTAVG [GeV],PTAVG [GeV] LOW,PTAVG [GeV] HIGH,D3(SIG)/DPTAVG/DYBOOST/DYSTAR [pb/GeV],uncor +,uncor -,stat +,stat -,jererr +,jererr -,lumi +,lumi -,nongaussiantails +,nongaussiantails -,AbsoluteScale +,AbsoluteScale -,AbsoluteStat +,AbsoluteStat -,AbsoluteMPFBias +,AbsoluteMPFBias -,Fragmentation +,Fragmentation -,SinglePionECAL +,SinglePionECAL -,SinglePionHCAL +,SinglePionHCAL -,FlavorQCD +,FlavorQCD -,RelativeJEREC1 +,RelativeJEREC1 -,RelativeJEREC2 +,RelativeJEREC2 -,RelativeJERHF +,RelativeJERHF -,RelativePtBB +,RelativePtBB -,RelativePtEC1 +,RelativePtEC1 -,RelativePtEC2 +,RelativePtEC2 -,RelativePtHF +,RelativePtHF -,RelativeFSR +,RelativeFSR -,RelativeStatEC2 +,RelativeStatEC2 -,RelativeStatHF +,RelativeStatHF -,RelativeStatFSR +,RelativeStatFSR -,PileUpDataMC +,PileUpDataMC -,PileUpPtRef +,PileUpPtRef -,PileUpPtBB +,PileUpPtBB -,PileUpPtEC1 +,PileUpPtEC1 -,PileUpPtEC2 +,PileUpPtEC2 -,PileUpPtHF +,PileUpPtHF -
143.0 133.0 153.0 518.7 1.0  -1.0  0.6781  -0.6781  1.072  -1.072  2.6  -2.6  0.37  -0.37  0.5305  -0.5305  0.0  -0.0  1.349  -1.349  0.2262  -0.2262  0.2735  -0.2735  0.4463  -0.4463  3.34  -3.34  0.1036  -0.1036  0.0  -0.0  0.0  -0.0  0.0  -0.0  1.192  -1.192  0.1742  -0.1742  0.0  -0.0  0.3636  -0.3636  0.08353  -0.08353  0.0  -0.0  0.1623  -0.1623  0.1695  -0.1695  0.5964  -0.5964  0.5374  -0.5374  0.4336  -0.4336  0.0  -0.0  0.0  -0.0 
163.5 153.0 174.0 239.1 1.0  -1.0  1.217  -1.217  0.6094  -0.6094  2.6  -2.6  0.32  -0.32  0.5336  -0.5336  0.0  -0.0  1.349  -1.349  0.1494  -0.1494  0.1859  -0.1859  0.3436  -0.3436  3.077  -3.077  0.09295  -0.09295  0.0  -0.0  0.0  -0.0  0.0  -0.0  1.049  -1.049  0.1363  -0.1363  0.0  -0.0  0.3503  -0.3503  0.07342  -0.07342  0.0  -0.0  0.1508  -0.1508  0.1444  -0.1444  0.4459  -0.4459  0.4568  -0.4568  0.3594  -0.3594  0.0  -0.0  0.0  -0.0 
185.0 174.0 196.0 118.0 1.0  -1.0  1.56  -1.56  0.7648  -0.7648  2.6  -2.6  0.1  -0.1  0.5377  -0.5377  0.0  -0.0  1.389  -1.389  0.1025  -0.1025  0.1354  -0.1354  0.2555  -0.2555  2.867  -2.867  0.09596  -0.09596  0.0  -0.0  0.0  -0.0  0.0  -0.0  0.942  -0.942  0.1037  -0.1037  0.0  -0.0  0.3575  -0.3575  0.07334  -0.07334  0.0  -0.0  0.1598  -0.1598  0.1302  -0.1302  0.3428  -0.3428  0.3596  -0.3596  0.3078  -0.3078  0.0  -0.0  0.0  -0.0 
208.0 196.0 220.0 59.7 1.0  -1.0  0.4677  -0.4677  0.5867  -0.5867  2.6  -2.6  0.0  -0.0  0.5471  -0.5471  0.0  -0.0  1.386  -1.386  0.07066  -0.07066  0.08043  -0.08043  0.1606  -0.1606  2.652  -2.652  0.08921  -0.08921  0.0  -0.0  0.0  -0.0  0.0  -0.0  0.8045  -0.8045  0.07558  -0.07558  0.0  -0.0  0.356  -0.356  0.06703  -0.06703  0.0  -0.0  0.1526  -0.1526  0.119  -0.119  0.2519  -0.2519  0.292  -0.292  0.2403  -0.2403  0.0  -0.0  0.0  -0.0 
232.5 220.0 245.0 30.5 1.0  -1.0  0.621  -0.621  0.6079  -0.6079  2.6  -2.6  0.0  -0.0  0.5662  -0.5662  0.07261  -0.07261  1.454  -1.454  0.0  -0.0  0.0  -0.0  0.06098  -0.06098  2.538  -2.538  0.08788  -0.08788  0.0  -0.0  0.0  -0.0  0.0  -0.0  0.7235  -0.7235  0.0  -0.0  0.0  -0.0  0.37  -0.37  0.06826  -0.06826  0.0  -0.0  0.1587  -0.1587  0.1129  -0.1129  0.1942  -0.1942  0.2197  -0.2197  0.1958  -0.1958  0.0  -0.0  0.0  -0.0 
258.5 245.0 272.0 15.88 1.0  -1.0  0.6858  -0.6858  0.4332  -0.4332  2.6  -2.6  0.0  -0.0  0.5873  -0.5873  0.1138  -0.1138  1.474  -1.474  0.0  -0.0  0.0  -0.0  0.0  -0.0  2.345  -2.345  0.0962  -0.0962  0.0  -0.0  0.0  -0.0  0.0  -0.0  0.6259  -0.6259  0.0  -0.0  0.0  -0.0  0.3797  -0.3797  0.05587  -0.05587  0.0  -0.0  0.1648  -0.1648  0.1057  -0.1057  0.1416  -0.1416  0.1509  -0.1509  0.1506  -0.1506  0.0  -0.0  0.0  -0.0 
286.0 272.0 300.0 8.356 1.0  -1.0  0.4792  -0.4792  0.4005  -0.4005  2.6  -2.6  0.0  -0.0  0.5926  -0.5926  0.1549  -0.1549  1.507  -1.507  0.07083  -0.07083  0.07055  -0.07055  0.1111  -0.1111  2.203  -2.203  0.09541  -0.09541  0.0  -0.0  0.0  -0.0  0.0  -0.0  0.5223  -0.5223  0.0  -0.0  0.0  -0.0  0.3824  -0.3824  0.0516  -0.0516  0.0  -0.0  0.1656  -0.1656  0.09264  -0.09264  0.07861  -0.07861  0.08115  -0.08115  0.1071  -0.1071  0.0  -0.0  0.0  -0.0 
315.0 300.0 330.0 4.508 1.0  -1.0  0.6237  -0.6237  0.4775  -0.4775  2.6  -2.6  0.0  -0.0  0.6237  -0.6237  0.1983  -0.1983  1.585  -1.585  0.08916  -0.08916  0.08904  -0.08904  0.2101  -0.2101  2.126  -2.126  0.09519  -0.09519  0.0  -0.0  0.0  -0.0  0.0  -0.0  0.4167  -0.4167  0.0  -0.0  0.0  -0.0  0.3913  -0.3913  0.0  -0.0  0.0  -0.0  0.1703  -0.1703  0.08278  -0.08278  0.0  -0.0  0.0  -0.0  0.06056  -0.06056  0.0  -0.0  0.0  -0.0 
346.0 330.0 362.0 2.401 1.0  -1.0  0.7458  -0.7458  0.439  -0.439  2.6  -2.6  0.0  -0.0  0.6211  -0.6211  0.2496  -0.2496  1.611  -1.611  0.1274  -0.1274  0.1271  -0.1271  0.291  -0.291  1.964  -1.964  0.09131  -0.09131  0.0  -0.0  0.0  -0.0  0.0  -0.0  0.2873  -0.2873  0.0  -0.0  0.0  -0.0  0.3864  -0.3864  0.0  -0.0  0.0  -0.0  0.1648  -0.1648  0.07467  -0.07467  0.0  -0.0  0.07007  -0.07007  0.0  -0.0  0.0  -0.0  0.0  -0.0 
378.5 362.0 395.0 1.303 1.0  -1.0  0.5428  -0.5428  0.5313  -0.5313  2.6  -2.6  0.0  -0.0  0.6557  -0.6557  0.2768  -0.2768  1.638  -1.638  0.1675  -0.1675  0.1659  -0.1659  0.3871  -0.3871  1.826  -1.826  0.1098  -0.1098  0.0  -0.0  0.0  -0.0  0.0  -0.0  0.1972  -0.1972  0.0  -0.0  0.0  -0.0  0.4088  -0.4088  0.0  -0.0  0.0  -0.0  0.1771  -0.1771  0.08182  -0.08182  0.0  -0.0  0.1389  -0.1389  0.0  -0.0  0.0  -0.0  0.0  -0.0 
412.5 395.0 430.0 0.6989 1.0  -1.0  0.552  -0.552  0.3686  -0.3686  2.6  -2.6  0.0  -0.0  0.6732  -0.6732  0.2852  -0.2852  1.711  -1.711  0.1995  -0.1995  0.1962  -0.1962  0.5034  -0.5034  1.712  -1.712  0.1044  -0.1044  0.0  -0.0  0.0  -0.0  0.0  -0.0  0.08863  -0.08863  0.0  -0.0  0.0  -0.0  0.4104  -0.4104  0.0  -0.0  0.0  -0.0  0.1718  -0.1718  0.07308  -0.07308  0.0  -0.0  0.2179  -0.2179  0.05954  -0.05954  0.0  -0.0  0.0  -0.0 
449.0 430.0 468.0 0.3753 1.0  -1.0  0.2328  -0.2328  0.4482  -0.4482  2.6  -2.6  0.0  -0.0  0.6921  -0.6921  0.3127  -0.3127  1.776  -1.776  0.2484  -0.2484  0.2447  -0.2447  0.5935  -0.5935  1.584  -1.584  0.125  -0.125  0.0  -0.0  0.0  -0.0  0.0  -0.0  0.0  -0.0  0.0  -0.0  0.0  -0.0  0.4093  -0.4093  0.0  -0.0  0.0  -0.0  0.179  -0.179  0.07588  -0.07588  0.05355  -0.05355  0.297  -0.297  0.1009  -0.1009  0.0  -0.0  0.0  -0.0 
487.5 468.0 507.0 0.2016 1.0  -1.0  0.2982  -0.2982  0.3881  -0.3881  2.6  -2.6  0.0  -0.0  0.7116  -0.7116  0.3726  -0.3726  1.862  -1.862  0.3026  -0.3026  0.2867  -0.2867  0.6828  -0.6828  1.48  -1.48  0.1071  -0.1071  0.0  -0.0  0.0  -0.0  0.0  -0.0  0.1423  -0.1423  0.0  -0.0  0.0  -0.0  0.4337  -0.4337  0.0  -0.0  0.0  -0.0  0.1816  -0.1816  0.07754  -0.07754  0.05072  -0.05072  0.3878  -0.3878  0.1423  -0.1423  0.0  -0.0  0.0  -0.0 
527.5 507.0 548.0 0.1091 1.0  -1.0  0.3767  -0.3767  0.5699  -0.5699  2.6  -2.6  0.0  -0.0  0.766  -0.766  0.398  -0.398  1.946  -1.946  0.3214  -0.3214  0.3362  -0.3362  0.8308  -0.8308  1.387  -1.387  0.1115  -0.1115  0.0  -0.0  0.0  -0.0  0.0  -0.0  0.2777  -0.2777  0.0  -0.0  0.0  -0.0  0.4285  -0.4285  0.0  -0.0  0.0  -0.0  0.1665  -0.1665  0.05255  -0.05255  0.06099  -0.06099  0.5282  -0.5282  0.181  -0.181  0.0  -0.0  0.0  -0.0 
570.0 548.0 592.0 0.05782 1.0  -1.0  0.4981  -0.4981  0.4964  -0.4964  2.6  -2.6  0.0  -0.0  0.7881  -0.7881  0.408  -0.408  1.979  -1.979  0.3407  -0.3407  0.3982  -0.3982  0.8984  -0.8984  1.226  -1.226  0.1264  -0.1264  0.0  -0.0  0.0  -0.0  0.0  -0.0  0.408  -0.408  0.0  -0.0  0.0  -0.0  0.4562  -0.4562  0.0  -0.0  0.0  -0.0  0.1864  -0.1864  0.06623  -0.06623  0.1169  -0.1169  0.5792  -0.5792  0.2315  -0.2315  0.0  -0.0  0.0  -0.0 
615.0 592.0 638.0 0.03049 1.0  -1.0  0.669  -0.669  0.4129  -0.4129  2.6  -2.6  0.0  -0.0  0.8013  -0.8013  0.4371  -0.4371  2.065  -2.065  0.3655  -0.3655  0.4249  -0.4249  0.9917  -0.9917  1.08  -1.08  0.1249  -0.1249  0.0  -0.0  0.0  -0.0  0.0  -0.0  0.511  -0.511  0.0  -0.0  0.0  -0.0  0.4563  -0.4563  0.0  -0.0  0.0  -0.0  0.2017  -0.2017  0.06968  -0.06968  0.1472  -0.1472  0.6934  -0.6934  0.2909  -0.2909  0.0  -0.0  0.0  -0.0 
662.0 638.0 686.0 0.01591 1.0  -1.0  0.8993  -0.8993  0.4507  -0.4507  2.6  -2.6  0.0  -0.0  0.8559  -0.8559  0.4987  -0.4987  2.142  -2.142  0.4199  -0.4199  0.4249  -0.4249  1.141  -1.141  0.9081  -0.9081  0.1215  -0.1215  0.0  -0.0  0.0  -0.0  0.05375  -0.05375  0.6567  -0.6567  0.0  -0.0  0.0  -0.0  0.4537  -0.4537  0.0  -0.0  0.0  -0.0  0.1748  -0.1748  0.0  -0.0  0.144  -0.144  0.8167  -0.8167  0.3171  -0.3171  0.0  -0.0  0.0  -0.0 
711.5 686.0 737.0 0.008247 1.0  -1.0  1.21  -1.21  0.5864  -0.5864  2.6  -2.6  0.0  -0.0  0.9011  -0.9011  0.5674  -0.5674  2.268  -2.268  0.4721  -0.4721  0.4956  -0.4956  1.277  -1.277  0.778  -0.778  0.1508  -0.1508  0.0  -0.0  0.0  -0.0  0.05299  -0.05299  0.813  -0.813  0.0  -0.0  0.0  -0.0  0.4951  -0.4951  0.0  -0.0  0.0  -0.0  0.2171  -0.2171  0.06287  -0.06287  0.1609  -0.1609  0.9671  -0.9671  0.4066  -0.4066  0.0  -0.0  0.0  -0.0 
763.5 737.0 790.0 0.004217 1.0  -1.0  1.639  -1.639  0.6615  -0.6615  2.6  -2.6  0.0  -0.0  0.9215  -0.9215  0.5872  -0.5872  2.307  -2.307  0.5151  -0.5151  0.5902  -0.5902  1.405  -1.405  0.6342  -0.6342  0.1492  -0.1492  0.0  -0.0  0.0  -0.0  0.1037  -0.1037  0.9579  -0.9579  0.0  -0.0  0.0  -0.0  0.5027  -0.5027  0.0  -0.0  0.0  -0.0  0.1909  -0.1909  0.06301  -0.06301  0.1747  -0.1747  1.137  -1.137  0.4304  -0.4304  0.0  -0.0  0.0  -0.0 
818.0 790.0 846.0 0.002188 1.0  -1.0  2.21  -2.21  0.6937  -0.6937  2.6  -2.6  0.0  -0.0  0.9631  -0.9631  0.5705  -0.5705  2.506  -2.506  0.4862  -0.4862  0.5625  -0.5625  1.598  -1.598  0.4598  -0.4598  0.1492  -0.1492  0.0  -0.0  0.0  -0.0  0.1232  -0.1232  1.092  -1.092  0.0  -0.0  0.0  -0.0  0.4831  -0.4831  0.0  -0.0  0.0  -0.0  0.1997  -0.1997  0.05261  -0.05261  0.1599  -0.1599  1.356  -1.356  0.4264  -0.4264  0.0  -0.0  0.0  -0.0 
875.5 846.0 905.0 0.001044 1.0  -1.0  3.121  -3.121  0.6658  -0.6658  2.6  -2.6  0.0  -0.0  1.068  -1.068  0.7454  -0.7454  2.665  -2.665  0.6392  -0.6392  0.6441  -0.6441  1.839  -1.839  0.3005  -0.3005  0.1621  -0.1621  0.0  -0.0  0.0  -0.0  0.2428  -0.2428  1.197  -1.197  0.0  -0.0  0.0  -0.0  0.5562  -0.5562  0.0  -0.0  0.0  -0.0  0.2112  -0.2112  0.06611  -0.06611  0.1872  -0.1872  1.638  -1.638  0.5166  -0.5166  0.0  -0.0  0.0  -0.0 
936.0 905.0 967.0 0.0004743 1.0  -1.0  4.46  -4.46  0.7517  -0.7517  2.6  -2.6  0.0  -0.0  1.083  -1.083  0.7953  -0.7953  2.822  -2.822  0.7246  -0.7246  0.7303  -0.7303  1.946  -1.946  0.09252  -0.09252  0.2141  -0.2141  0.0  -0.0  0.0  -0.0  0.1358  -0.1358  1.339  -1.339  0.0  -0.0  0.0  -0.0  0.617  -0.617  0.0  -0.0  0.0  -0.0  0.309  -0.309  0.08715  -0.08715  0.2585  -0.2585  1.886  -1.886  0.5031  -0.5031  0.0  -0.0  0.0  -0.0 
999.5 967.0 1032.0 0.000229 1.0  -1.0  6.302  -6.302  0.8779  -0.8779  2.6  -2.6  0.0  -0.0  1.113  -1.113  0.7887  -0.7887  2.999  -2.999  0.6404  -0.6404  0.7588  -0.7588  2.156  -2.156  0.0  -0.0  0.1543  -0.1543  0.0  -0.0  0.0  -0.0  0.2498  -0.2498  1.333  -1.333  0.0  -0.0  0.0  -0.0  0.491  -0.491  0.0  -0.0  0.0  -0.0  0.1865  -0.1865  0.0  -0.0  0.1658  -0.1658  2.211  -2.211  0.4712  -0.4712  0.0  -0.0  0.0  -0.0 
1066.5 1032.0 1101.0 9.465e-05 1.0  -1.0  9.464  -9.464  0.9272  -0.9272  2.6  -2.6  0.0  -0.0  1.251  -1.251  0.9052  -0.9052  3.201  -3.201  0.8173  -0.8173  0.9076  -0.9076  2.389  -2.389  0.2649  -0.2649  0.1241  -0.1241  0.0  -0.0  0.0  -0.0  0.4143  -0.4143  1.502  -1.502  0.0  -0.0  0.0  -0.0  0.5923  -0.5923  0.0  -0.0  0.0  -0.0  0.2579  -0.2579  0.08671  -0.08671  0.2232  -0.2232  2.496  -2.496  0.5424  -0.5424  0.0  -0.0  0.0  -0.0 
1136.5 1101.0 1172.0 4.074e-05 1.0  -1.0  14.11  -14.11  1.062  -1.062  2.6  -2.6  0.0  -0.0  1.382  -1.382  1.033  -1.033  3.225  -3.225  1.007  -1.007  1.027  -1.027  2.791  -2.791  0.5895  -0.5895  0.1932  -0.1932  0.0  -0.0  0.0  -0.0  0.3874  -0.3874  1.447  -1.447  0.0  -0.0  0.0  -0.0  0.7313  -0.7313  0.0  -0.0  0.0  -0.0  0.2984  -0.2984  0.08102  -0.08102  0.2821  -0.2821  2.935  -2.935  0.5211  -0.5211  0.0  -0.0  0.0  -0.0 
1210.0 1172.0 1248.0 2.321e-05 1.0  -1.0  17.49  -17.49  1.228  -1.228  2.6  -2.6  0.0  -0.0  1.471  -1.471  0.9922  -0.9922  3.923  -3.923  0.9922  -0.9922  0.9926  -0.9926  3.143  -3.143  0.7465  -0.7465  0.1529  -0.1529  0.0  -0.0  0.0  -0.0  0.3291  -0.3291  1.416  -1.416  0.0  -0.0  0.0  -0.0  0.5474  -0.5474  0.0  -0.0  0.0  -0.0  0.2694  -0.2694  0.1385  -0.1385  0.249  -0.249  3.717  -3.717  0.5148  -0.5148  0.0  -0.0  0.0  -0.0 

