1.916280999999999887e-02 5.156813999999999565e-01 2.681847000000000136e+01 4.580978522113218210e-01 1.496192591417466189e-01 1.570937961300000046e-02
2.630211000000000007e-02 4.729157999999999973e-01 2.998938000000000059e+01 4.556239021875823081e-01 8.254739825216071691e-02 3.546304540058000179e-03
3.612321999999999755e-02 4.238635000000000042e-01 3.291644000000000148e+01 1.634016827990421583e-01 4.779041244543482531e-02 5.970727080499999570e-04
4.944869999999999821e-02 3.673954999999999860e-01 3.515151000000000181e+01 1.773123607514892064e-01 2.882960136641759402e-02 7.300445304449999957e-04
6.749687999999999521e-02 3.195800999999999781e-01 3.957218999999999909e+01 1.328382498218756425e-01 1.879908206135335463e-02 2.132698978350000118e-03
9.252375999999999656e-02 2.750833999999999779e-01 4.551973000000000269e+01 7.809252245722583807e-02 1.280884053639139326e-02 4.049867572080000089e-03
9.354858000000000617e-02 5.314834999999999976e-01 1.828086000000000126e+02 5.413520727960898643e-02 1.371780874912636311e-02 3.185155348896000042e-03
1.268958000000000030e-01 2.343102999999999991e-01 5.196027000000000129e+01 6.913096059226570000e-02 8.909608966679553529e-03 5.169613943568000629e-03
1.283121999999999874e-01 4.647274000000000127e-01 2.020809999999999889e+02 2.592395184774113140e-02 7.445610584447647472e-03 2.880775888160999956e-03
1.741692999999999991e-01 1.981194000000000011e-01 5.959810000000000230e+01 3.469671813894278228e-02 6.387058615320903750e-03 5.104832237300000082e-03
1.763094000000000050e-01 3.959919000000000078e-01 2.208857999999999890e+02 2.317244266309358494e-02 4.196966148656025748e-03 2.573482146059999798e-03
2.381520000000000026e-01 1.666343999999999881e-01 6.845282000000000266e+01 1.210995051121779333e-02 4.686548650350556844e-03 4.035209867460000203e-03
2.417458000000000107e-01 3.349167000000000116e-01 2.404536999999999978e+02 1.357331562803564332e-02 2.396237667863547298e-03 1.896354420800000148e-03
3.230028999999999817e-01 1.409994999999999998e-01 7.844404000000000110e+01 1.454977655408334902e-02 3.567327193734096385e-03 2.419094453000000030e-03
3.299322000000000088e-01 2.791736000000000217e-01 2.586630999999999858e+02 5.730389936271946920e-03 1.331744720996880411e-03 1.079075058630000030e-03
4.451398999999999773e-01 2.332278999999999880e-01 2.788897999999999797e+02 3.681639380596218609e-03 6.927853308577366226e-04 9.007861378750000637e-05
