6.522737000000000023e-04 8.931740000000000235e-01 4.150568999999999953e+00 1.956435799023224220e+01 1.076783811574477454e+02 5.586794506900000234e-01
8.186871999999999769e-04 8.230897000000000352e-01 4.826442000000000121e+00 6.500057536516682433e+01 3.446238612620687292e+01 6.108535281139999551e-01
1.123964999999999990e-03 7.661008999999999736e-01 5.196470999999999840e+00 4.000896987883292510e+00 1.121983751987668043e+01 2.162972999939999919e-01
1.142688999999999901e-03 9.201612999999999598e-01 1.035078999999999994e+01 5.378679712929066881e+01 2.441414026905560775e+02 1.158165508499999996e+00
1.524420999999999979e-03 7.122188000000000407e-01 5.739033000000000051e+00 1.195969032543173860e+01 4.789419090897009568e+00 2.122260631890000027e-01
1.572541999999999907e-03 8.830386999999999542e-01 1.102247999999999983e+01 3.292075642421936976e+01 3.000428975571438173e+01 1.333713080594000067e-01
2.068397999999999938e-03 6.408409000000000466e-01 6.047007999999999939e+00 4.336931011958909954e-01 2.633050861086214223e+00 1.798155844740000064e-02
2.117077000000000195e-03 8.109585999999999739e-01 1.197883999999999993e+01 1.620227280855639940e+00 8.942593955840074216e+00 2.101982691239999979e-01
2.873572999999999926e-03 5.719946999999999671e-01 6.301802999999999599e+00 2.424426465341006143e+00 1.325544301093359412e+00 2.939412957040000302e-02
2.918463000000000047e-03 7.740909999999999735e-01 1.361935000000000073e+01 3.695350619781123669e+00 2.891118510180590295e+00 3.971233379658000578e-02
3.921019000000000414e-03 5.122286000000000339e-01 6.436018999999999934e+00 9.923066869294197012e-01 6.918149155515558313e-01 4.207278835409999918e-02
3.979652999999999663e-03 7.211168999999999496e-01 1.513255999999999979e+01 6.103596135745554818e-01 1.124359853612867166e+00 2.160075893676999953e-02
5.297658000000000228e-03 4.455593999999999943e-01 6.539860000000000007e+00 3.633124441970611018e-01 4.420634348730153595e-01 1.443267166500000059e-02
5.365222999999999694e-03 6.757197999999999816e-01 1.711965999999999966e+01 2.112053978606404092e-01 5.805830552077709816e-01 1.829724878989999817e-02
7.412504000000000315e-03 3.802996000000000154e-01 6.611108999999999902e+00 2.165953622020118929e-01 2.619652114604060222e-01 7.890054116940001597e-03
7.472053000000000202e-03 6.325306000000000539e-01 1.999775999999999954e+01 4.134189197740124055e-01 2.850044680928853214e-01 2.479467396186000108e-02
1.011541999999999997e-02 3.236211999999999978e-01 6.722171000000000340e+00 2.803420752605326194e-01 1.463319554040638792e-01 1.692996090709000118e-02
1.021180999999999998e-02 5.988149000000000388e-01 2.331335999999999942e+01 8.648861765689108694e-02 1.349028873910468052e-01 7.080642090949999974e-03
1.125713000000000061e-02 9.552918999999999716e-01 1.060815000000000055e+02 1.589304495544613793e+01 1.373346953390183955e+01 1.216715417816000150e-01
1.375042999999999925e-02 2.742678000000000060e-01 6.778972999999999693e+00 1.561886081451393793e-01 9.362629687123111277e-02 1.155932222280000102e-02
1.386237000000000059e-02 5.681528999999999607e-01 2.758427000000000007e+01 6.811496118963866753e-04 7.917412797535491875e-02 4.476724284599999451e-03
1.463396999999999962e-02 8.830717999999999623e-01 1.110293000000000063e+02 8.728704127821372838e-01 1.289055629237339184e+00 1.671733463399999869e-02
1.909428000000000167e-02 2.282530999999999866e-01 6.850213000000000108e+00 9.066998591506082728e-02 6.369761049210626025e-02 6.421423832397001041e-03
1.925672000000000147e-02 5.284649999999999626e-01 3.201908999999999850e+01 1.352174205072956825e-01 4.624887191380949725e-02 1.222766020560000014e-02
1.992599000000000106e-02 8.366708999999999952e-01 1.187626000000000062e+02 4.807709336835252478e-01 2.822271912108303416e-01 6.257995755045000184e-03
2.594890999999999864e-02 1.962676999999999894e-01 7.334703000000000195e+00 1.801768741064881107e-02 4.008663726322413134e-02 2.917954008932000052e-03
2.633473000000000064e-02 4.834625000000000172e-01 3.578730999999999796e+01 9.602455574287784013e-02 2.280921275859864455e-02 1.787999111963999889e-03
2.691964999999999983e-02 7.768127999999999700e-01 1.286331000000000131e+02 2.819480659348538171e-02 7.783235612140411430e-02 2.630685348522000117e-03
3.503690000000000276e-02 1.733977999999999908e-01 8.264335000000000875e+00 8.923902763951165051e-02 3.263942886445713593e-02 2.766443510951999835e-03
3.582164999999999655e-02 4.333546999999999816e-01 3.892246000000000095e+01 4.964872195166004226e-02 1.264460037156926384e-02 3.503157953945000049e-03
3.644816000000000028e-02 7.292334000000000316e-01 1.419932000000000016e+02 3.217215547767537237e-02 2.973895039926178346e-02 3.294541252184000034e-03
4.515837999999999797e-02 1.564603999999999995e-01 9.236819999999999808e+00 1.055383850907858634e-01 5.154576592405412522e-02 3.850087958159999994e-03
4.929135999999999934e-02 3.862257000000000051e-01 4.175609000000000037e+01 3.161522943392786750e-02 8.229208262242711930e-03 3.811049940250000635e-03
5.003043000000000073e-02 6.823339999999999961e-01 1.596901000000000010e+02 4.495621760021450974e-02 1.438575932786946565e-02 2.894982799280000196e-03
6.796377000000000668e-02 3.409102999999999994e-01 4.600150000000000006e+01 2.582225393413165732e-02 4.294338016131730475e-03 3.212945414039999371e-04
6.887896000000000296e-02 6.362138000000000515e-01 1.821269000000000062e+02 8.781440818693732331e-03 5.807219160634165440e-03 3.682181949159999703e-04
9.255811999999999373e-02 3.042270000000000252e-01 5.086059000000000196e+01 5.243937979591928138e-03 2.453732357235561580e-03 1.036956716500000075e-03
9.364442000000000599e-02 6.000278999999999474e-01 2.094188000000000045e+02 6.567930953304426320e-03 2.531602853680279229e-03 8.147458970508000354e-04
1.255108000000000057e-01 2.709594000000000169e-01 5.623062000000000182e+01 5.731829156672333010e-03 1.824559054561425593e-03 5.298257628019999946e-04
1.270177999999999863e-01 5.676018000000000452e-01 2.420766999999999882e+02 4.161577615192598757e-03 1.499092375144435744e-03 4.748476915169999959e-04
1.367147999999999974e-01 8.983427999999999969e-01 1.097582000000000107e+03 1.476051630997494979e-02 3.033381096327327289e-02 1.672458621624000144e-04
1.752073000000000103e-01 2.360522999999999927e-01 6.292931000000000097e+01 3.998364221488300702e-03 1.065849901928804218e-03 1.391284799019999955e-05
1.774875999999999954e-01 5.268855000000000066e-01 2.816711000000000240e+02 2.442662533115876056e-03 6.534120897563112408e-04 3.635595607799999983e-05
1.850642999999999871e-01 8.471092000000000066e-01 1.158288999999999987e+03 2.169132244351672408e-03 4.232060578529051216e-03 7.701431745700000999e-05
2.383966999999999892e-01 2.060700000000000032e-01 7.055767000000000166e+01 1.583210699237083642e-03 6.133299642506778076e-04 2.461691556169999929e-04
2.417076999999999976e-01 4.856150000000000189e-01 3.165733000000000175e+02 1.374425396285785302e-03 2.767309926446784654e-04 1.713283383810000019e-04
2.474762000000000073e-01 7.931304000000000132e-01 1.246138999999999896e+03 4.056675380379811562e-04 9.430252128847339344e-04 8.823272858399999416e-05
3.165900999999999854e-01 1.852338000000000040e-01 7.888876000000000488e+01 1.254041240679203790e-03 4.619809838392201261e-04 1.653496913472000271e-05
3.217149000000000258e-01 4.391284999999999772e-01 3.418713999999999942e+02 6.764651258296779579e-04 1.515668146393655733e-04 2.358097084190000008e-05
3.263637999999999817e-01 7.437766999999999573e-01 1.336049999999999955e+03 4.008755501562776035e-04 3.423338315164136704e-04 2.961904169044000219e-05
4.330107999999999735e-01 1.599322999999999995e-01 9.039954000000000178e+01 3.043840429507640847e-04 4.306553841162345363e-04 5.170671970450000553e-05
4.580491999999999897e-01 3.795237000000000194e-01 3.667554000000000087e+02 2.408111998149101238e-04 6.304420447585893511e-05 1.833430759744999756e-05
4.649699999999999944e-01 6.836782999999999610e-01 1.488817000000000007e+03 1.741190704611588847e-04 9.620805994245856016e-05 5.238102855019999891e-06
5.312510000000000288e-01 2.139935000000000032e-01 9.979889000000000010e+01 8.411509057785289400e-02 7.095861184195582927e-02 1.614141021009999873e-04
6.223484999999999712e-01 3.383151999999999826e-01 4.041184000000000083e+02 6.207289057768714186e-05 1.456214447594096505e-05 9.476860937349999861e-06
6.313455000000000039e-01 6.378175999999999846e-01 1.656044000000000096e+03 4.920381895737267058e-05 1.386888524554349366e-05 3.499351027199999961e-06
8.197687999999999642e-01 3.089017000000000013e-01 4.552019999999999982e+02 2.678592206635786703e-06 7.396255891109051469e-07 2.961358910509999867e-07
8.280018000000000100e-01 5.989845000000000308e-01 1.827304000000000087e+03 1.218815167063407982e-07 4.700448197827048744e-07 6.028862310900001163e-08
