0  4.7   5.2   4.94 0.044 0.96  4.50E+01 2.77E+01 5.70E-01 0.985      4.43E+01 2.73E+01 5.61E-01
0  5.2   5.7   5.40 0.039 0.55  1.81E+01 8.30E+00 2.00E+00 0.986      1.78E+01 8.18E+00 1.97E+00
0  5.7   6.2   6.10 0.037 1.04  1.21E+01 4.70E+00 1.46E+00 0.987      1.19E+01 4.64E+00 1.44E+00
0  6.2   6.7   6.48 0.022 1.03  1.25E+01 2.75E+00 9.14E-01 0.988      1.24E+01 2.72E+00 9.03E-01
0  6.7   7.2   6.95 0.025 0.90  9.76E+00 1.73E+00 4.41E-01 0.989      9.66E+00 1.71E+00 4.36E-01
0  7.2   7.7   7.49 0.027 0.97  7.15E+00 2.47E+00 1.12E+00 0.990      7.08E+00 2.45E+00 1.11E+00
0  7.7   8.2   8.01 0.024 0.99  5.62E+00 6.72E-01 2.47E-01 0.991      5.57E+00 6.66E-01 2.45E-01
0  8.2   8.7   8.45 0.017 0.97  4.32E+00 4.32E-01 2.15E-01 0.993      4.29E+00 4.29E-01 2.14E-01
0 10.85 11.85 11.12 0.012 0.44  8.71E-01 3.58E-01 1.75E-02 0.997      8.69E-01 3.57E-01 1.75E-02
0.075  4.2   4.7   4.48 0.084 0.78  2.78E+01 2.08E+00 7.52E-01 1.008      2.80E+01 2.10E+00 7.58E-01
0.075  4.7   5.2   4.92 0.081 0.83  2.18E+01 1.73E+00 7.37E-01 1.007      2.20E+01 1.74E+00 7.42E-01
0.075  5.2   5.7   5.43 0.084 0.77  1.73E+01 2.55E+00 1.11E+00 1.008      1.74E+01 2.57E+00 1.12E+00
0.075  5.7   6.2   5.97 0.080 0.98  1.30E+01 1.81E+00 6.84E-01 1.008      1.31E+01 1.82E+00 6.89E-01
0.075  6.2   6.7   6.46 0.079 0.94  7.82E+00 1.18E+00 4.34E-01 1.008      7.88E+00 1.19E+00 4.37E-01
0.075  6.7   7.2   6.90 0.080 0.90  6.23E+00 1.32E+00 4.38E-01 1.008      6.28E+00 1.33E+00 4.41E-01
0.075  7.2   7.7   7.50 0.082 0.91  6.18E+00 1.21E+00 5.15E-01 1.008      6.23E+00 1.22E+00 5.19E-01
0.075  7.7   8.2   7.97 0.078 1.03  4.18E+00 3.05E-01 2.02E-01 1.009      4.22E+00 3.08E-01 2.04E-01
0.075  8.2   8.7   8.45 0.076 1.03  3.58E+00 2.51E-01 1.58E-01 1.008      3.61E+00 2.53E-01 1.59E-01
0.075 10.85 11.85 11.21 0.085 0.98  1.84E+00 6.56E-01 7.84E-03 1.012      1.86E+00 6.64E-01 7.94E-03
0.125 4.2   4.7   4.44 0.130 0.91  2.64E+01 9.63E-01 4.98E-01 1.022      2.70E+01 9.84E-01 5.09E-01
0.125 4.7   5.2   4.93 0.128 0.86  1.72E+01 7.96E-01 3.55E-01 1.021      1.76E+01 8.13E-01 3.63E-01
0.125 5.2   5.7   5.42 0.129 0.92  1.45E+01 1.01E+00 4.16E-01 1.021      1.48E+01 1.03E+00 4.25E-01
0.125 5.7   6.2   5.93 0.130 0.98  1.02E+01 7.86E-01 2.91E-01 1.020      1.04E+01 8.02E-01 2.97E-01
0.125 6.2   6.7   6.45 0.129 0.93  8.98E+00 8.55E-01 2.84E-01 1.020      9.16E+00 8.72E-01 2.90E-01
0.125 6.7   7.2   6.97 0.130 1.04  7.18E+00 6.49E-01 2.73E-01 1.020      7.32E+00 6.62E-01 2.78E-01
0.125 7.2   7.7   7.49 0.128 1.07  5.91E+00 4.46E-01 1.97E-01 1.020      6.03E+00 4.55E-01 2.01E-01
0.125 7.7   8.2   7.95 0.129 1.13  4.92E+00 2.49E-01 1.82E-01 1.020      5.02E+00 2.54E-01 1.86E-01
0.125 8.2   8.7   8.45 0.127 1.13  3.86E+00 1.87E-01 1.02E-01 1.020      3.94E+00 1.91E-01 1.04E-01
0.125 10.85 11.85 11.20 0.126 1.17  1.44E+00 3.19E-01 1.55E-01 1.022      1.47E+00 3.26E-01 1.58E-01
0.125 11.85 12.85 12.03 0.135 1.72  2.12E+00 1.04E+00 9.62E-02 1.023      2.17E+00 1.06E+00 9.84E-02
0.175  4.2   4.7   4.43 0.177 1.03  2.17E+01 6.01E-01 4.30E-01 1.032      2.24E+01 6.20E-01 4.44E-01
0.175  4.7   5.2   4.93 0.177 1.00  1.68E+01 5.27E-01 3.45E-01 1.031      1.73E+01 5.43E-01 3.56E-01
0.175  5.2   5.7   5.43 0.177 0.97  1.17E+01 6.14E-01 2.86E-01 1.030      1.21E+01 6.33E-01 2.95E-01
0.175  5.7   6.2   5.92 0.178 1.00  1.05E+01 5.32E-01 2.30E-01 1.030      1.08E+01 5.48E-01 2.37E-01
0.175  6.2   6.7   6.46 0.179 1.08  7.81E+00 4.77E-01 2.93E-01 1.029      8.04E+00 4.91E-01 3.02E-01
0.175  6.7   7.2   6.98 0.179 1.08  6.90E+00 3.01E-01 2.73E-01 1.030      7.10E+00 3.10E-01 2.81E-01
0.175  7.2   7.7   7.44 0.176 1.11  5.35E+00 2.25E-01 1.52E-01 1.030      5.51E+00 2.32E-01 1.57E-01
0.175  7.7   8.2   7.95 0.176 1.15  4.46E+00 1.73E-01 1.29E-01 1.030      4.59E+00 1.78E-01 1.33E-01
0.175  8.2   8.7   8.43 0.176 1.16  3.63E+00 1.41E-01 7.58E-02 1.030      3.74E+00 1.45E-01 7.80E-02
0.175 10.85 11.85 11.24 0.178 1.11  1.17E+00 2.06E-01 5.42E-02 1.030      1.21E+00 2.12E-01 5.59E-02
0.175 11.85 12.85 12.06 0.166 0.91  5.16E-01 1.91E-01 5.58E-02 1.031      5.32E-01 1.97E-01 5.75E-02
0.175 12.85 14.85 13.13 0.195 1.25  1.82E+00 1.79E+00 5.40E-02 1.032      1.88E+00 1.85E+00 5.58E-02
0.225  4.2   4.7   4.44 0.225 1.04  1.82E+01 4.23E-01 3.32E-01 1.038      1.89E+01 4.39E-01 3.45E-01
0.225  4.7   5.2   4.93 0.225 1.01  1.35E+01 4.00E-01 2.44E-01 1.038      1.40E+01 4.15E-01 2.53E-01
0.225  5.2   5.7   5.43 0.226 1.00  1.03E+01 3.93E-01 2.06E-01 1.037      1.07E+01 4.08E-01 2.14E-01
0.225  5.7   6.2   5.94 0.227 1.03  8.80E+00 3.40E-01 2.30E-01 1.037      9.13E+00 3.53E-01 2.39E-01
0.225  6.2   6.7   6.46 0.229 1.05  7.77E+00 2.64E-01 1.91E-01 1.037      8.05E+00 2.74E-01 1.98E-01
0.225  6.7   7.2   6.95 0.227 1.09  5.87E+00 1.87E-01 1.15E-01 1.037      6.09E+00 1.94E-01 1.19E-01
0.225  7.2   7.7   7.43 0.226 1.11  4.73E+00 1.55E-01 1.16E-01 1.036      4.90E+00 1.61E-01 1.20E-01
0.225  7.7   8.2   7.94 0.226 1.18  4.06E+00 1.35E-01 1.02E-01 1.036      4.21E+00 1.40E-01 1.06E-01
0.225  8.2   8.7   8.45 0.225 1.17  3.35E+00 1.24E-01 6.75E-02 1.037      3.47E+00 1.29E-01 7.00E-02
0.225 10.85 11.85 11.17 0.227 1.25  7.07E-01 7.43E-02 1.97E-02 1.038      7.34E-01 7.71E-02 2.04E-02
0.225 11.85 12.85 12.31 0.226 1.23  5.63E-01 1.38E-01 4.95E-02 1.038      5.85E-01 1.43E-01 5.14E-02
0.225 12.85 14.85 13.19 0.229 0.85  3.61E-01 1.48E-01 2.88E-02 1.039      3.75E-01 1.54E-01 2.99E-02
0.275  4.2   4.7   4.44 0.275 1.01  1.46E+01 3.45E-01 2.39E-01 1.042      1.52E+01 3.60E-01 2.49E-01
0.275  4.7   5.2   4.94 0.275 1.03  1.15E+01 3.20E-01 1.97E-01 1.042      1.20E+01 3.33E-01 2.05E-01
0.275  5.2   5.7   5.45 0.276 1.02  9.32E+00 2.96E-01 2.30E-01 1.042      9.71E+00 3.08E-01 2.40E-01
0.275  5.7   6.2   5.95 0.277 1.01  7.72E+00 1.98E-01 2.19E-01 1.042      8.04E+00 2.06E-01 2.28E-01
0.275  6.2   6.7   6.45 0.276 1.02  6.47E+00 1.72E-01 1.68E-01 1.041      6.74E+00 1.79E-01 1.75E-01
0.275  6.7   7.2   6.95 0.276 1.08  5.15E+00 1.39E-01 8.95E-02 1.042      5.36E+00 1.45E-01 9.32E-02
0.275  7.2   7.7   7.44 0.275 1.15  4.11E+00 1.21E-01 9.33E-02 1.042      4.28E+00 1.26E-01 9.72E-02
0.275  7.7   8.2   7.94 0.276 1.19  3.29E+00 1.08E-01 6.60E-02 1.041      3.43E+00 1.12E-01 6.87E-02
0.275  8.2   8.7   8.45 0.275 1.20  2.85E+00 1.01E-01 5.41E-02 1.042      2.97E+00 1.05E-01 5.64E-02
0.275 10.85 11.85 11.23 0.275 1.19  8.09E-01 6.51E-02 2.10E-02 1.043      8.44E-01 6.79E-02 2.19E-02
0.275 11.85 12.85 12.23 0.278 1.04  3.41E-01 8.92E-02 2.38E-02 1.044      3.56E-01 9.31E-02 2.48E-02
0.275 12.85 14.85 13.42 0.270 1.29  4.11E-01 2.70E-01 2.52E-02 1.044      4.29E-01 2.82E-01 2.63E-02
0.325  4.2   4.7   4.44 0.323 1.04  1.13E+01 3.26E-01 2.56E-01 1.045      1.18E+01 3.41E-01 2.67E-01
0.325  4.7   5.2   4.95 0.325 1.05  8.45E+00 2.57E-01 1.86E-01 1.045      8.83E+00 2.68E-01 1.94E-01
0.325  5.2   5.7   5.45 0.325 1.00  8.01E+00 2.07E-01 1.77E-01 1.045      8.37E+00 2.16E-01 1.85E-01
0.325  5.7   6.2   5.95 0.325 1.02  6.21E+00 1.54E-01 1.53E-01 1.045      6.49E+00 1.61E-01 1.60E-01
0.325  6.2   6.7   6.45 0.325 1.07  5.23E+00 1.30E-01 8.99E-02 1.045      5.46E+00 1.36E-01 9.39E-02
0.325  6.7   7.2   6.95 0.325 1.10  4.45E+00 1.16E-01 8.46E-02 1.045      4.65E+00 1.21E-01 8.84E-02
0.325  7.2   7.7   7.44 0.325 1.15  3.57E+00 9.93E-02 7.96E-02 1.045      3.73E+00 1.04E-01 8.32E-02
0.325  7.7   8.2   7.93 0.325 1.22  2.98E+00 9.51E-02 5.55E-02 1.045      3.11E+00 9.94E-02 5.80E-02
0.325  8.2   8.7   8.44 0.325 1.19  2.48E+00 8.81E-02 4.77E-02 1.046      2.59E+00 9.21E-02 4.99E-02
0.325 10.85 11.85 11.29 0.326 1.11  5.01E-01 4.47E-02 2.97E-02 1.047      5.25E-01 4.68E-02 3.11E-02
0.325 11.85 12.85 12.17 0.326 1.18  5.05E-01 1.10E-01 3.74E-02 1.047      5.29E-01 1.15E-01 3.92E-02
0.325 12.85 14.85 13.41 0.328 1.16  3.18E-01 1.06E-01 1.92E-02 1.048      3.33E-01 1.11E-01 2.01E-02
0.375  4.2   4.7   4.45 0.375 1.00  7.97E+00 2.55E-01 1.80E-01 1.046      8.34E+00 2.67E-01 1.88E-01
0.375  4.7   5.2   4.96 0.374 1.01  6.47E+00 1.93E-01 1.81E-01 1.046      6.77E+00 2.02E-01 1.89E-01
0.375  5.2   5.7   5.46 0.375 0.99  5.90E+00 1.58E-01 9.73E-02 1.046      6.17E+00 1.65E-01 1.02E-01
0.375  5.7   6.2   5.95 0.374 1.02  4.91E+00 1.20E-01 8.34E-02 1.046      5.14E+00 1.26E-01 8.73E-02
0.375  6.2   6.7   6.44 0.374 1.06  4.08E+00 1.03E-01 6.99E-02 1.046      4.27E+00 1.08E-01 7.31E-02
0.375  6.7   7.2   6.94 0.374 1.10  3.50E+00 9.44E-02 9.94E-02 1.047      3.66E+00 9.88E-02 1.04E-01
0.375  7.2   7.7   7.44 0.374 1.16  2.92E+00 8.24E-02 1.01E-01 1.047      3.06E+00 8.63E-02 1.06E-01
0.375  7.7   8.2   7.94 0.375 1.15  2.51E+00 8.00E-02 1.10E-01 1.047      2.63E+00 8.38E-02 1.15E-01
0.375  8.2   8.7   8.44 0.374 1.18  2.08E+00 7.96E-02 8.28E-02 1.048      2.18E+00 8.34E-02 8.68E-02
0.375 10.85 11.85 11.27 0.375 1.16  5.13E-01 4.04E-02 4.33E-03 1.050      5.38E-01 4.24E-02 4.54E-03
0.375 11.85 12.85 12.29 0.376 1.17  2.05E-01 3.65E-02 1.12E-02 1.050      2.15E-01 3.83E-02 1.18E-02
0.375 12.85 14.85 13.31 0.378 1.08  1.94E-01 4.76E-02 1.20E-02 1.050      2.04E-01 5.00E-02 1.26E-02
0.375 14.85 16.85 15.48 0.390 1.64  2.40E-01 1.77E-01 1.76E-01 1.051      2.52E-01 1.86E-01 1.85E-01
0.425  4.2   4.7   4.45 0.423 1.03  6.09E+00 2.22E-01 1.68E-01 1.046      6.37E+00 2.32E-01 1.76E-01
0.425  4.7   5.2   4.96 0.424 0.99  5.09E+00 1.58E-01 1.59E-01 1.046      5.33E+00 1.65E-01 1.66E-01
0.425  5.2   5.7   5.46 0.424 0.99  4.28E+00 1.22E-01 1.29E-01 1.047      4.48E+00 1.28E-01 1.35E-01
0.425  5.7   6.2   5.95 0.424 1.00  3.78E+00 9.71E-02 1.10E-01 1.047      3.96E+00 1.02E-01 1.15E-01
0.425  6.2   6.7   6.45 0.424 1.02  3.12E+00 8.00E-02 7.37E-02 1.047      3.27E+00 8.38E-02 7.72E-02
0.425  6.7   7.2   6.93 0.424 1.08  2.60E+00 7.43E-02 6.73E-02 1.048      2.72E+00 7.78E-02 7.05E-02
0.425  7.2   7.7   7.44 0.424 1.12  2.10E+00 6.57E-02 4.68E-02 1.048      2.20E+00 6.88E-02 4.90E-02
0.425  7.7   8.2   7.94 0.425 1.13  1.86E+00 6.46E-02 6.32E-02 1.048      1.95E+00 6.77E-02 6.63E-02
0.425  8.2   8.7   8.44 0.424 1.18  1.63E+00 6.21E-02 4.68E-02 1.049      1.71E+00 6.51E-02 4.91E-02
0.425 10.85 11.85 11.26 0.425 1.17  4.33E-01 3.40E-02 1.10E-02 1.051      4.55E-01 3.57E-02 1.16E-02
0.425 11.85 12.85 12.23 0.427 1.27  2.70E-01 3.32E-02 1.10E-02 1.051      2.84E-01 3.49E-02 1.16E-02
0.425 12.85 14.85 13.56 0.426 1.15  1.39E-01 2.81E-02 6.47E-03 1.052      1.46E-01 2.95E-02 6.80E-03
0.425 14.85 16.85 15.59 0.434 1.29  4.24E-01 2.41E-01 1.20E-01 1.052      4.46E-01 2.54E-01 1.26E-01
0.475  4.2   4.7   4.46 0.473 1.00  4.49E+00 2.03E-01 3.45E-01 1.046      4.70E+00 2.12E-01 3.61E-01
0.475  4.7   5.2   4.96 0.474 0.97  3.68E+00 1.31E-01 1.16E-01 1.046      3.85E+00 1.37E-01 1.21E-01
0.475  5.2   5.7   5.46 0.474 1.01  3.07E+00 9.86E-02 6.13E-02 1.046      3.21E+00 1.03E-01 6.41E-02
0.475  5.7   6.2   5.95 0.474 0.99  2.75E+00 7.76E-02 5.63E-02 1.047      2.88E+00 8.12E-02 5.89E-02
0.475  6.2   6.7   6.44 0.475 1.02  2.29E+00 6.88E-02 5.10E-02 1.047      2.40E+00 7.20E-02 5.34E-02
0.475  6.7   7.2   6.94 0.474 1.07  1.91E+00 6.02E-02 4.62E-02 1.048      2.00E+00 6.31E-02 4.84E-02
0.475  7.2   7.7   7.44 0.473 1.16  1.57E+00 5.62E-02 3.89E-02 1.048      1.65E+00 5.89E-02 4.08E-02
0.475  7.7   8.2   7.93 0.474 1.13  1.33E+00 5.24E-02 2.79E-02 1.048      1.39E+00 5.49E-02 2.92E-02
0.475  8.2   8.7   8.44 0.474 1.08  1.21E+00 7.74E-02 1.68E-02 1.049      1.27E+00 8.12E-02 1.76E-02
0.475 10.85 11.85 11.31 0.476 1.19  3.62E-01 3.11E-02 1.06E-02 1.051      3.81E-01 3.27E-02 1.11E-02
0.475 11.85 12.85 12.26 0.475 1.09  2.01E-01 2.96E-02 7.79E-03 1.051      2.11E-01 3.11E-02 8.19E-03
0.475 12.85 14.85 13.43 0.471 1.08  1.01E-01 2.71E-02 4.90E-03 1.052      1.06E-01 2.85E-02 5.15E-03
0.475 14.85 16.85 16.62 0.466 0.96  7.46E-02 7.46E-02 2.04E-02 1.052      7.85E-02 7.85E-02 2.15E-02
0.525  4.2   4.7   4.46 0.523 0.97  3.08E+00 1.60E-01 1.55E-01 1.045      3.22E+00 1.67E-01 1.62E-01
0.525  4.7   5.2   4.97 0.525 0.99  2.57E+00 1.11E-01 1.79E-01 1.045      2.69E+00 1.16E-01 1.87E-01
0.525  5.2   5.7   5.46 0.524 0.95  2.08E+00 7.41E-02 7.49E-02 1.046      2.17E+00 7.75E-02 7.83E-02
0.525  5.7   6.2   5.95 0.524 0.97  1.95E+00 6.28E-02 5.96E-02 1.046      2.04E+00 6.57E-02 6.23E-02
0.525  6.2   6.7   6.45 0.524 0.97  1.66E+00 5.34E-02 3.90E-02 1.046      1.74E+00 5.59E-02 4.08E-02
0.525  6.7   7.2   6.95 0.524 1.07  1.29E+00 4.83E-02 3.00E-02 1.047      1.35E+00 5.06E-02 3.14E-02
0.525  7.2   7.7   7.44 0.523 1.05  1.16E+00 4.65E-02 2.67E-02 1.048      1.22E+00 4.87E-02 2.80E-02
0.525  7.7   8.2   7.93 0.523 1.11  9.72E-01 4.40E-02 3.70E-02 1.048      1.02E+00 4.61E-02 3.88E-02
0.525  8.2   8.7   8.44 0.524 1.16  8.48E-01 4.03E-02 2.75E-02 1.048      8.89E-01 4.23E-02 2.88E-02
0.525 10.85 11.85 11.30 0.522 1.14  2.00E-01 2.14E-02 8.15E-03 1.051      2.10E-01 2.25E-02 8.57E-03
0.525 11.85 12.85 12.27 0.527 1.03  1.23E-01 2.46E-02 8.66E-03 1.051      1.29E-01 2.59E-02 9.10E-03
0.525 12.85 14.85 13.55 0.524 1.19  8.12E-02 1.94E-02 3.91E-03 1.051      8.54E-02 2.04E-02 4.11E-03
0.575  4.2   4.7   4.47 0.572 1.04  2.17E+00 1.37E-01 9.50E-02 1.044      2.26E+00 1.43E-01 9.91E-02
0.575  4.7   5.2   4.97 0.574 0.96  1.75E+00 8.45E-02 6.55E-02 1.044      1.83E+00 8.82E-02 6.84E-02
0.575  5.2   5.7   5.45 0.574 1.00  1.51E+00 6.37E-02 4.53E-02 1.044      1.58E+00 6.65E-02 4.73E-02
0.575  5.7   6.2   5.95 0.574 0.96  1.29E+00 4.89E-02 2.80E-02 1.045      1.35E+00 5.11E-02 2.93E-02
0.575  6.2   6.7   6.44 0.573 1.02  1.07E+00 4.29E-02 2.27E-02 1.046      1.12E+00 4.49E-02 2.37E-02
0.575  6.7   7.2   6.94 0.572 1.02  9.56E-01 3.99E-02 2.22E-02 1.046      1.00E+00 4.17E-02 2.32E-02
0.575  7.2   7.7   7.44 0.573 1.08  7.75E-01 3.52E-02 1.78E-02 1.047      8.11E-01 3.69E-02 1.86E-02
0.575  7.7   8.2   7.93 0.573 1.04  6.78E-01 3.54E-02 2.12E-02 1.047      7.10E-01 3.71E-02 2.22E-02
0.575  8.2   8.7   8.44 0.573 1.10  6.17E-01 3.44E-02 2.01E-02 1.048      6.46E-01 3.60E-02 2.11E-02
0.575 10.85 11.85 11.26 0.574 1.12  1.48E-01 1.71E-02 2.14E-03 1.050      1.55E-01 1.80E-02 2.25E-03
0.575 11.85 12.85 12.35 0.574 1.23  1.11E-01 1.96E-02 5.64E-03 1.051      1.17E-01 2.06E-02 5.93E-03
0.575 12.85 14.85 13.51 0.572 1.11  6.24E-02 1.77E-02 8.75E-03 1.051      6.56E-02 1.86E-02 9.19E-03
0.575 14.85 16.85 15.19 0.597 0.56  6.89E-03 6.89E-03 2.44E-03 1.051      7.24E-03 7.24E-03 2.56E-03
0.625  4.2   4.7   4.48 0.624 1.01  1.13E+00 9.93E-02 7.73E-02 1.042      1.18E+00 1.03E-01 8.06E-02
0.625  4.7   5.2   4.96 0.623 0.92  1.07E+00 6.80E-02 6.69E-02 1.042      1.12E+00 7.09E-02 6.97E-02
0.625  5.2   5.7   5.47 0.624 0.90  8.64E-01 4.54E-02 5.61E-02 1.043      9.01E-01 4.74E-02 5.85E-02
0.625  5.7   6.2   5.96 0.622 0.94  7.77E-01 4.28E-02 4.70E-02 1.044      8.11E-01 4.47E-02 4.90E-02
0.625  6.2   6.7   6.45 0.623 0.92  6.47E-01 3.39E-02 4.21E-02 1.044      6.76E-01 3.54E-02 4.40E-02
0.625  6.7   7.2   6.94 0.622 0.99  5.81E-01 3.25E-02 3.38E-02 1.045      6.07E-01 3.40E-02 3.53E-02
0.625  7.2   7.7   7.44 0.624 1.08  4.47E-01 3.15E-02 2.80E-02 1.045      4.67E-01 3.29E-02 2.93E-02
0.625  7.7   8.2   7.96 0.622 1.03  4.30E-01 3.25E-02 2.51E-02 1.046      4.50E-01 3.40E-02 2.63E-02
0.625  8.2   8.7   8.45 0.625 1.09  3.49E-01 2.76E-02 2.01E-02 1.047      3.65E-01 2.89E-02 2.10E-02
0.625 10.85 11.85 11.28 0.621 1.19  9.51E-02 1.42E-02 5.78E-03 1.049      9.98E-02 1.49E-02 6.06E-03
0.625 11.85 12.85 12.33 0.621 1.21  8.06E-02 1.61E-02 7.55E-03 1.049      8.46E-02 1.69E-02 7.92E-03
0.625 12.85 14.85 13.38 0.622 1.25  2.90E-02 7.26E-03 2.26E-03 1.049      3.04E-02 7.62E-03 2.37E-03
0.625 14.85 16.85 15.89 0.623 3.48  4.67E-02 4.67E-02 1.78E-01 1.049      4.90E-02 4.90E-02 1.87E-01
0.675  4.2   4.7   4.48 0.669 0.95  5.85E-01 7.05E-02 6.06E-02 1.040      6.09E-01 7.33E-02 6.31E-02
0.675  4.7   5.2   4.96 0.670 0.93  6.19E-01 4.74E-02 4.40E-02 1.041      6.44E-01 4.93E-02 4.58E-02
0.675  5.2   5.7   5.47 0.673 0.90  5.69E-01 3.99E-02 3.98E-02 1.041      5.92E-01 4.15E-02 4.15E-02
0.675  5.7   6.2   5.96 0.673 0.88  4.49E-01 2.94E-02 2.75E-02 1.042      4.68E-01 3.06E-02 2.87E-02
0.675  6.2   6.7   6.45 0.673 1.02  4.01E-01 2.91E-02 2.41E-02 1.043      4.18E-01 3.03E-02 2.51E-02
0.675  6.7   7.2   6.95 0.673 0.99  3.65E-01 2.89E-02 2.45E-02 1.043      3.81E-01 3.02E-02 2.55E-02
0.675  7.2   7.7   7.44 0.671 1.11  2.81E-01 2.54E-02 1.88E-02 1.044      2.93E-01 2.65E-02 1.96E-02
0.675  7.7   8.2   7.93 0.671 1.10  2.44E-01 3.18E-02 1.96E-02 1.044      2.55E-01 3.32E-02 2.04E-02
0.675  8.2   8.7   8.43 0.670 1.06  1.91E-01 2.09E-02 1.34E-02 1.045      2.00E-01 2.18E-02 1.40E-02
0.675 10.85 11.85 11.33 0.674 0.97  5.01E-02 1.46E-02 4.27E-03 1.048      5.25E-02 1.53E-02 4.47E-03
0.675 11.85 12.85 12.26 0.675 0.95  4.39E-02 1.34E-02 5.32E-03 1.048      4.60E-02 1.40E-02 5.58E-03
0.675 12.85 14.85 13.52 0.679 0.95  2.01E-02 8.56E-03 5.98E-03 1.048      2.11E-02 8.97E-03 6.26E-03
0.725  4.2   4.7   4.50 0.721 1.03  3.58E-01 6.46E-02 4.09E-02 1.038      3.72E-01 6.71E-02 4.25E-02
0.725  4.7   5.2   4.96 0.722 0.91  3.17E-01 3.93E-02 2.58E-02 1.039      3.29E-01 4.08E-02 2.68E-02
0.725  5.2   5.7   5.47 0.722 0.87  2.08E-01 2.19E-02 1.48E-02 1.039      2.16E-01 2.28E-02 1.54E-02
0.725  5.7   6.2   5.94 0.723 0.82  2.31E-01 3.15E-02 1.85E-02 1.040      2.40E-01 3.28E-02 1.92E-02
0.725  6.2   6.7   6.43 0.723 0.90  1.88E-01 2.83E-02 1.96E-02 1.041      1.96E-01 2.95E-02 2.04E-02
0.725  6.7   7.2   6.95 0.722 0.98  1.69E-01 1.82E-02 1.19E-02 1.042      1.76E-01 1.90E-02 1.24E-02
0.725  7.2   7.7   7.45 0.722 1.00  1.35E-01 1.79E-02 1.02E-02 1.042      1.41E-01 1.87E-02 1.07E-02
0.725  7.7   8.2   7.93 0.721 0.98  1.00E-01 1.42E-02 7.13E-03 1.043      1.04E-01 1.48E-02 7.44E-03
0.725  8.2   8.7   8.42 0.722 0.98  8.28E-02 1.37E-02 6.38E-03 1.043      8.64E-02 1.43E-02 6.65E-03
0.725 10.85 11.85 11.28 0.719 1.16  3.11E-02 7.74E-03 4.11E-03 1.046      3.25E-02 8.09E-03 4.29E-03
0.725 11.85 12.85 12.25 0.733 0.74  3.29E-02 1.42E-02 3.49E-03 1.046      3.44E-02 1.48E-02 3.65E-03
0.725 12.85 14.85 13.68 0.717 1.73  4.94E-03 4.94E-03 1.80E-03 1.046      5.17E-03 5.17E-03 1.88E-03
0.775  4.2   4.7   4.47 0.777 1.20  1.89E-01 6.62E-02 2.65E-02 1.036      1.96E-01 6.86E-02 2.75E-02
0.775  4.7   5.2   4.95 0.773 0.90  1.52E-01 2.82E-02 1.57E-02 1.037      1.58E-01 2.92E-02 1.62E-02
0.775  5.2   5.7   5.44 0.769 0.75  1.02E-01 1.62E-02 8.04E-03 1.037      1.06E-01 1.68E-02 8.34E-03
0.775  5.7   6.2   5.98 0.770 0.83  1.19E-01 2.45E-02 1.00E-02 1.038      1.24E-01 2.54E-02 1.04E-02
0.775  6.2   6.7   6.45 0.772 0.90  1.27E-01 5.28E-02 1.08E-02 1.039      1.32E-01 5.48E-02 1.12E-02
0.775  6.7   7.2   6.92 0.769 0.93  8.04E-02 1.20E-02 7.42E-03 1.040      8.36E-02 1.25E-02 7.72E-03
0.775  7.2   7.7   7.47 0.769 0.83  4.95E-02 1.09E-02 5.81E-03 1.040      5.15E-02 1.13E-02 6.05E-03
0.775  7.7   8.2   7.88 0.769 1.06  6.40E-02 1.42E-02 7.20E-03 1.041      6.66E-02 1.48E-02 7.49E-03
0.775  8.2   8.7   8.44 0.775 0.93  3.33E-02 1.06E-02 2.23E-03 1.042      3.47E-02 1.10E-02 2.32E-03
0.775 10.85 11.85 11.30 0.770 1.01  1.36E-02 6.22E-03 2.79E-03 1.043      1.42E-02 6.49E-03 2.92E-03
0.775 11.85 12.85 12.30 0.765 1.35  2.08E-02 1.20E-02 3.37E-03 1.043      2.17E-02 1.25E-02 3.52E-03
0.775 12.85 14.85 13.59 0.773 0.61  1.09E-02 1.09E-02 4.10E-03 1.043      1.14E-02 1.14E-02 4.27E-03
