*  Total number of systematic sources *
   99
   36     AVE 99 99    1     0.000 O 1 2 3 4 5 6 7 8 9101112131415161718192021222324252627282930313233343536373839404142434445464748495051525354555657585960616263646566676869707172737475767778798081828384858687888990919293949596979899
 0.2000000E-02 0.2571428E+04 0.3600000E+02 0.1148130E+02 0.2887383E+00 0.1125528E+00 0.3414637E+00
 -0.0000 -0.0000  0.0000 -0.0000 -0.0000 -0.0000  0.0000  0.0000  0.0000 -0.0000 -0.0000  0.0000 -0.0000  0.0000 -0.0000 -0.0000 -0.0000  0.0000  0.0000  0.0000 -0.0000  0.0000 -0.0000 -0.0000 -0.0000 -0.0000 -0.0000 -0.0000 -0.0000 -0.0000 -0.0000 -0.0000 -0.0000 -0.0000 -0.0000 -0.0000 -0.0000 -0.0000 -0.0000 -0.0000 -0.0000 -0.0000 -0.0000 -0.0000 -0.0000 -0.0000 -0.0000 -0.0000 -0.0000 -0.0000 -0.0000 -0.0000 -0.0000 -0.0000 -0.0000 -0.0000 -0.0000 -0.0000 -0.0000 -0.0000 -0.0000 -0.0000  0.0000  0.0000 -0.0000 -0.0000 -0.0000 -0.0000  0.0000 -0.0000 -0.0039 -0.0039  0.0003 -0.0083 -0.0039  0.0072  0.0087  0.0006 -0.0019 -0.0350 -0.0225  0.0671  0.2713  0.1061 -0.1427  0.3474 -0.8831 -0.0581  0.1253 -0.2281  0.1105  0.1895 -0.4211  0.2238 -0.2590 -0.3272  0.0342 -0.0912  0.1311
 0.6000000E-02 0.8571429E+03 0.3600000E+02 0.1139125E+02 0.2907954E+00 0.1300874E+00 0.3321534E+00
 -0.0000 -0.0000  0.0000 -0.0000 -0.0000 -0.0000  0.0000  0.0000  0.0000 -0.0000 -0.0000  0.0000 -0.0000  0.0000 -0.0000 -0.0000  0.0000  0.0000  0.0000  0.0000 -0.0000 -0.0000  0.0000 -0.0000 -0.0000 -0.0000 -0.0000 -0.0000 -0.0000 -0.0000 -0.0000 -0.0000 -0.0000 -0.0000 -0.0000 -0.0000 -0.0000 -0.0000 -0.0000 -0.0000 -0.0000 -0.0000 -0.0000 -0.0000 -0.0000 -0.0000 -0.0000 -0.0000 -0.0000 -0.0000 -0.0000 -0.0000 -0.0000 -0.0000 -0.0000 -0.0000 -0.0000 -0.0000  0.0000 -0.0000 -0.0000 -0.0000  0.0000  0.0000 -0.0000 -0.0000 -0.0000 -0.0000  0.0000 -0.0000 -0.0035 -0.0043  0.0014 -0.0056 -0.0061  0.0047  0.0048 -0.0005 -0.0016 -0.0148 -0.0035  0.0199  0.1361 -0.0218  0.0143  0.1473 -0.3157 -0.0565  0.1644  0.0859  0.1606  0.1384 -0.4502  0.2407  0.0442 -0.3932  0.0196  0.1907  0.0595
 0.1000000E-01 0.5142857E+03 0.3600000E+02 0.1141868E+02 0.2904303E+00 0.1127562E+00 0.3213978E+00
 -0.0000 -0.0000  0.0000 -0.0000 -0.0000 -0.0000  0.0000  0.0000  0.0000 -0.0000 -0.0000  0.0000 -0.0000  0.0000 -0.0000 -0.0000 -0.0000  0.0000  0.0000  0.0000 -0.0000  0.0000 -0.0000 -0.0000 -0.0000 -0.0000 -0.0000 -0.0000 -0.0000 -0.0000 -0.0000 -0.0000 -0.0000 -0.0000 -0.0000 -0.0000 -0.0000 -0.0000 -0.0000 -0.0000 -0.0000 -0.0000 -0.0000 -0.0000 -0.0000 -0.0000 -0.0000 -0.0000 -0.0000 -0.0000 -0.0000 -0.0000 -0.0000 -0.0000 -0.0000 -0.0000 -0.0000 -0.0000 -0.0000 -0.0000 -0.0000 -0.0000  0.0000  0.0000 -0.0000 -0.0000 -0.0000 -0.0000  0.0000 -0.0000 -0.0041 -0.0039  0.0001 -0.0037 -0.0015  0.0019  0.0047 -0.0011 -0.0027 -0.0168 -0.0064  0.0223  0.1160  0.0126  0.0532  0.1134 -0.2455 -0.1080  0.0213  0.2092  0.2191  0.1466 -0.4212  0.1693 -0.1303  0.0052 -0.1160  0.1183  0.1077
 0.1400000E-01 0.3673469E+03 0.3600000E+02 0.1099137E+02 0.2806866E+00 0.1094660E+00 0.3124307E+00
 -0.0000 -0.0000  0.0000 -0.0000 -0.0000 -0.0000  0.0000  0.0000  0.0000 -0.0000 -0.0000  0.0000 -0.0000  0.0000 -0.0000 -0.0000  0.0000 -0.0000  0.0000  0.0000 -0.0000  0.0000  0.0000 -0.0000 -0.0000 -0.0000 -0.0000 -0.0000 -0.0000 -0.0000 -0.0000 -0.0000 -0.0000 -0.0000 -0.0000 -0.0000 -0.0000 -0.0000 -0.0000 -0.0000 -0.0000 -0.0000 -0.0000 -0.0000 -0.0000 -0.0000 -0.0000 -0.0000 -0.0000 -0.0000 -0.0000 -0.0000 -0.0000 -0.0000 -0.0000 -0.0000 -0.0000 -0.0000 -0.0000  0.0000 -0.0000  0.0000  0.0000  0.0000 -0.0000 -0.0000 -0.0000 -0.0000  0.0000 -0.0000 -0.0040 -0.0036  0.0013 -0.0007 -0.0056  0.0025  0.0049 -0.0016 -0.0085 -0.0100  0.0027 -0.0026  0.1030 -0.0388  0.0882  0.0447 -0.0337  0.0727  0.1011 -0.0408  0.2003  0.1057 -0.4226  0.2654 -0.1781 -0.4173  0.0724  0.0353  0.1162
 0.1800000E-01 0.2857143E+03 0.3600000E+02 0.1016654E+02 0.2740435E+00 0.1079737E+00 0.3049710E+00
 -0.0000 -0.0000  0.0000 -0.0000 -0.0000 -0.0000  0.0000  0.0000  0.0000 -0.0000 -0.0000  0.0000 -0.0000  0.0000 -0.0000 -0.0000 -0.0000 -0.0000  0.0000 -0.0000 -0.0000  0.0000 -0.0000 -0.0000 -0.0000 -0.0000 -0.0000 -0.0000 -0.0000 -0.0000 -0.0000 -0.0000 -0.0000 -0.0000 -0.0000 -0.0000 -0.0000 -0.0000 -0.0000 -0.0000 -0.0000 -0.0000 -0.0000 -0.0000 -0.0000 -0.0000 -0.0000 -0.0000 -0.0000 -0.0000 -0.0000 -0.0000 -0.0000 -0.0000 -0.0000 -0.0000 -0.0000 -0.0000 -0.0000  0.0000 -0.0000 -0.0000  0.0000  0.0000 -0.0000 -0.0000 -0.0000 -0.0000  0.0000 -0.0000 -0.0037 -0.0023  0.0038 -0.0056 -0.0039  0.0030  0.0084 -0.0065 -0.0038 -0.0035 -0.0077  0.0039  0.0711 -0.0818  0.0147  0.1249  0.0192 -0.1176 -0.0777 -0.1841 -0.0474  0.0618 -0.5195  0.0410 -0.0446  0.3939 -0.2557 -0.1497  0.0073
 0.2200000E-01 0.2337662E+03 0.3600000E+02 0.9850239E+01 0.2664075E+00 0.1116614E+00 0.2965310E+00
 -0.0000 -0.0000  0.0000 -0.0000 -0.0000 -0.0000  0.0000  0.0000  0.0000 -0.0000 -0.0000  0.0000 -0.0000  0.0000 -0.0000 -0.0000  0.0000  0.0000  0.0000  0.0000 -0.0000 -0.0000  0.0000 -0.0000 -0.0000 -0.0000 -0.0000 -0.0000 -0.0000 -0.0000 -0.0000 -0.0000 -0.0000 -0.0000 -0.0000 -0.0000 -0.0000 -0.0000 -0.0000 -0.0000 -0.0000 -0.0000 -0.0000 -0.0000 -0.0000 -0.0000 -0.0000 -0.0000 -0.0000 -0.0000 -0.0000 -0.0000 -0.0000 -0.0000 -0.0000 -0.0000 -0.0000 -0.0000 -0.0000 -0.0000 -0.0000 -0.0000  0.0000  0.0000 -0.0000 -0.0000 -0.0000 -0.0000  0.0000 -0.0000 -0.0037 -0.0043  0.0016 -0.0048  0.0003  0.0007  0.0006 -0.0028 -0.0065 -0.0059 -0.0023  0.0060  0.0840 -0.0569  0.0461  0.0658 -0.0106 -0.0666  0.0117  0.0605  0.1757 -0.1536 -0.4663  0.2412 -0.1495 -0.0445 -0.0294  0.2203  0.1834
 0.2650000E-01 0.1940701E+03 0.3600000E+02 0.9049464E+01 0.2295571E+00 0.9754241E-01 0.2530952E+00
 -0.0000 -0.0000  0.0000 -0.0000 -0.0000 -0.0000  0.0000  0.0000  0.0000 -0.0000 -0.0000  0.0000 -0.0000  0.0000 -0.0000 -0.0000  0.0000 -0.0000  0.0000  0.0000 -0.0000  0.0000 -0.0000 -0.0000 -0.0000 -0.0000 -0.0000 -0.0000 -0.0000 -0.0000 -0.0000 -0.0000 -0.0000 -0.0000 -0.0000 -0.0000 -0.0000 -0.0000 -0.0000 -0.0000 -0.0000 -0.0000 -0.0000 -0.0000 -0.0000 -0.0000 -0.0000 -0.0000 -0.0000 -0.0000 -0.0000 -0.0000 -0.0000 -0.0000 -0.0000 -0.0000 -0.0000 -0.0000 -0.0000  0.0000 -0.0000 -0.0000  0.0000  0.0000 -0.0000 -0.0000 -0.0000 -0.0000  0.0000 -0.0000 -0.0035 -0.0026  0.0050 -0.0025 -0.0028 -0.0003  0.0022 -0.0024 -0.0120 -0.0055  0.0068 -0.0197  0.0892 -0.0596  0.0678  0.0414  0.0542  0.0256  0.0091 -0.1123  0.0712  0.0984 -0.2761  0.1126 -0.1119 -0.0912 -0.0283  0.1677  0.1930
 0.3150000E-01 0.1632653E+03 0.3600000E+02 0.8150561E+01 0.2183995E+00 0.8601004E-01 0.2390686E+00
 -0.0000 -0.0000  0.0000 -0.0000 -0.0000 -0.0000  0.0000  0.0000  0.0000 -0.0000 -0.0000  0.0000 -0.0000  0.0000 -0.0000  0.0000 -0.0000 -0.0000  0.0000  0.0000 -0.0000  0.0000 -0.0000 -0.0000 -0.0000 -0.0000 -0.0000 -0.0000 -0.0000 -0.0000 -0.0000 -0.0000 -0.0000 -0.0000 -0.0000 -0.0000 -0.0000 -0.0000 -0.0000 -0.0000 -0.0000 -0.0000 -0.0000 -0.0000 -0.0000 -0.0000 -0.0000 -0.0000 -0.0000 -0.0000 -0.0000 -0.0000 -0.0000 -0.0000 -0.0000 -0.0000 -0.0000 -0.0000 -0.0000  0.0000 -0.0000 -0.0000  0.0000  0.0000 -0.0000 -0.0000 -0.0000  0.0000  0.0000 -0.0000 -0.0035 -0.0023  0.0025 -0.0014 -0.0021  0.0037  0.0051 -0.0032 -0.0084 -0.0082  0.0036 -0.0156  0.0641 -0.0663  0.0697  0.0738  0.0490 -0.0267  0.0101 -0.0396 -0.0009  0.2427 -0.2977  0.0051  0.0686  0.2143 -0.2740 -0.0897 -0.0666
 0.3650000E-01 0.1409002E+03 0.3600000E+02 0.7461940E+01 0.2081928E+00 0.8233792E-01 0.2268080E+00
 -0.0000 -0.0000  0.0000 -0.0000 -0.0000 -0.0000  0.0000  0.0000  0.0000 -0.0000 -0.0000  0.0000 -0.0000  0.0000 -0.0000 -0.0000  0.0000  0.0000  0.0000  0.0000 -0.0000 -0.0000  0.0000 -0.0000 -0.0000 -0.0000 -0.0000 -0.0000 -0.0000 -0.0000 -0.0000 -0.0000 -0.0000 -0.0000 -0.0000 -0.0000 -0.0000 -0.0000 -0.0000 -0.0000 -0.0000 -0.0000 -0.0000 -0.0000 -0.0000 -0.0000 -0.0000 -0.0000 -0.0000 -0.0000 -0.0000 -0.0000 -0.0000 -0.0000 -0.0000 -0.0000 -0.0000 -0.0000 -0.0000 -0.0000 -0.0000 -0.0000 -0.0000  0.0000 -0.0000 -0.0000 -0.0000 -0.0000  0.0000 -0.0000 -0.0037 -0.0046  0.0023 -0.0064 -0.0107  0.0019  0.0086 -0.0028 -0.0062 -0.0069  0.0017 -0.0120  0.0544 -0.0445  0.0964  0.0125  0.0911  0.0250 -0.0314 -0.0382  0.0967  0.0280 -0.2951  0.1612 -0.0020 -0.0925 -0.0218 -0.1979  0.1976
 0.4200000E-01 0.1224490E+03 0.3600000E+02 0.6408872E+01 0.1760592E+00 0.6786500E-01 0.1916753E+00
 -0.0000 -0.0000  0.0000 -0.0000 -0.0000 -0.0000  0.0000  0.0000  0.0000 -0.0000 -0.0000  0.0000 -0.0000  0.0000 -0.0000 -0.0000 -0.0000 -0.0000  0.0000  0.0000 -0.0000  0.0000 -0.0000 -0.0000 -0.0000 -0.0000 -0.0000 -0.0000 -0.0000 -0.0000 -0.0000 -0.0000 -0.0000 -0.0000 -0.0000 -0.0000 -0.0000 -0.0000 -0.0000 -0.0000 -0.0000 -0.0000 -0.0000 -0.0000 -0.0000 -0.0000 -0.0000 -0.0000 -0.0000 -0.0000 -0.0000 -0.0000 -0.0000 -0.0000 -0.0000 -0.0000 -0.0000 -0.0000 -0.0000  0.0000 -0.0000  0.0000  0.0000  0.0000 -0.0000 -0.0000 -0.0000 -0.0000  0.0000 -0.0000 -0.0032 -0.0028  0.0016 -0.0019 -0.0056 -0.0015  0.0079 -0.0029 -0.0062 -0.0031 -0.0031 -0.0037  0.0397 -0.0487  0.0603  0.0407  0.0754 -0.0421 -0.1496 -0.0165  0.1046 -0.1213 -0.3467  0.0216 -0.1822 -0.1739 -0.0742 -0.0803  0.1248
 0.4800000E-01 0.1071429E+03 0.3600000E+02 0.5886326E+01 0.1685176E+00 0.6603029E-01 0.1865028E+00
 -0.0000 -0.0000  0.0000 -0.0000 -0.0000 -0.0000  0.0000  0.0000  0.0000 -0.0000 -0.0000  0.0000 -0.0000  0.0000 -0.0000 -0.0000  0.0000 -0.0000  0.0000  0.0000 -0.0000  0.0000  0.0000 -0.0000 -0.0000 -0.0000 -0.0000 -0.0000 -0.0000 -0.0000 -0.0000 -0.0000 -0.0000 -0.0000 -0.0000 -0.0000 -0.0000 -0.0000 -0.0000 -0.0000 -0.0000 -0.0000 -0.0000 -0.0000 -0.0000 -0.0000 -0.0000 -0.0000 -0.0000 -0.0000 -0.0000 -0.0000 -0.0000 -0.0000 -0.0000 -0.0000 -0.0000 -0.0000 -0.0000  0.0000 -0.0000  0.0000  0.0000  0.0000 -0.0000 -0.0000 -0.0000 -0.0000  0.0000 -0.0000 -0.0031 -0.0028  0.0011  0.0001 -0.0030 -0.0001 -0.0042 -0.0021 -0.0170 -0.0086  0.0048 -0.0102  0.0620 -0.0580  0.0768 -0.0029  0.1085  0.0990  0.0568 -0.0793  0.1092 -0.1320 -0.2408  0.3289 -0.2091 -0.4967  0.0838 -0.1212  0.1790
 0.5400000E-01 0.9523809E+02 0.3600000E+02 0.5404708E+01 0.1568689E+00 0.6055700E-01 0.1709514E+00
 -0.0000 -0.0000  0.0000 -0.0000 -0.0000 -0.0000  0.0000  0.0000 -0.0000 -0.0000 -0.0000 -0.0000 -0.0000  0.0000 -0.0000  0.0000 -0.0000 -0.0000  0.0000 -0.0000 -0.0000  0.0000 -0.0000 -0.0000 -0.0000 -0.0000 -0.0000 -0.0000 -0.0000 -0.0000 -0.0000 -0.0000 -0.0000 -0.0000 -0.0000 -0.0000 -0.0000 -0.0000 -0.0000 -0.0000 -0.0000 -0.0000 -0.0000 -0.0000 -0.0000 -0.0000 -0.0000 -0.0000 -0.0000 -0.0000 -0.0000 -0.0000 -0.0000 -0.0000 -0.0000 -0.0000 -0.0000 -0.0000 -0.0000  0.0000 -0.0000 -0.0000  0.0000  0.0000 -0.0000  0.0000 -0.0000  0.0000  0.0000 -0.0000 -0.0026 -0.0009  0.0003  0.0005 -0.0027  0.0026  0.0091 -0.0050 -0.0012  0.0013  0.0014 -0.0164  0.0520 -0.0784  0.0479  0.0306  0.1544 -0.0080 -0.0753 -0.2399 -0.0884 -0.0359 -0.3307  0.1889 -0.0634 -0.0776  0.1392 -0.0103  0.2042
 0.6050000E-01 0.8500591E+02 0.3600000E+02 0.5276900E+01 0.1484668E+00 0.5782594E-01 0.1648269E+00
 -0.0000 -0.0000  0.0000 -0.0000 -0.0000 -0.0000  0.0000  0.0000 -0.0000 -0.0000 -0.0000  0.0000 -0.0000  0.0000 -0.0000  0.0000 -0.0000 -0.0000  0.0000 -0.0000 -0.0000  0.0000 -0.0000 -0.0000 -0.0000 -0.0000 -0.0000 -0.0000 -0.0000 -0.0000 -0.0000 -0.0000 -0.0000 -0.0000 -0.0000 -0.0000 -0.0000 -0.0000 -0.0000 -0.0000 -0.0000 -0.0000 -0.0000 -0.0000 -0.0000 -0.0000 -0.0000 -0.0000 -0.0000 -0.0000 -0.0000 -0.0000 -0.0000 -0.0000 -0.0000 -0.0000 -0.0000 -0.0000 -0.0000  0.0000 -0.0000 -0.0000  0.0000  0.0000 -0.0000  0.0000 -0.0000  0.0000  0.0000 -0.0000 -0.0024 -0.0008  0.0024 -0.0025 -0.0074 -0.0002  0.0126 -0.0066 -0.0065 -0.0092 -0.0006 -0.0135  0.0401 -0.0630  0.0801  0.0265  0.0917 -0.0733 -0.1210  0.1605  0.1850 -0.0050 -0.4440 -0.1796  0.0953  0.4991 -0.1558 -0.1499  0.0618
 0.6800000E-01 0.7563025E+02 0.3600000E+02 0.4619452E+01 0.1323630E+00 0.5108467E-01 0.1450654E+00
 -0.0000 -0.0000  0.0000 -0.0000 -0.0000 -0.0000  0.0000  0.0000  0.0000 -0.0000 -0.0000  0.0000 -0.0000  0.0000  0.0000 -0.0000  0.0000  0.0000  0.0000  0.0000 -0.0000 -0.0000  0.0000 -0.0000 -0.0000 -0.0000 -0.0000 -0.0000 -0.0000 -0.0000 -0.0000 -0.0000 -0.0000 -0.0000 -0.0000 -0.0000 -0.0000 -0.0000 -0.0000 -0.0000 -0.0000 -0.0000 -0.0000 -0.0000 -0.0000 -0.0000 -0.0000 -0.0000 -0.0000 -0.0000 -0.0000 -0.0000 -0.0000 -0.0000 -0.0000 -0.0000 -0.0000 -0.0000  0.0000 -0.0000  0.0000  0.0000 -0.0000  0.0000  0.0000 -0.0000 -0.0000 -0.0000 -0.0000 -0.0000 -0.0021 -0.0033  0.0026 -0.0009 -0.0027  0.0003  0.0071 -0.0037 -0.0051  0.0025  0.0082 -0.0260  0.0088 -0.0619  0.1544 -0.0277  0.1897  0.0727  0.0683  0.0420  0.1370  0.4017 -0.1899  0.1982 -0.0953  0.0298 -0.0898  0.2519  0.1201
 0.7650000E-01 0.6722689E+02 0.3600000E+02 0.4050957E+01 0.1130227E+00 0.4595779E-01 0.1260607E+00
 -0.0000 -0.0000  0.0000 -0.0000 -0.0000 -0.0000  0.0000  0.0000  0.0000 -0.0000 -0.0000  0.0000 -0.0000  0.0000 -0.0000 -0.0000  0.0000 -0.0000  0.0000  0.0000 -0.0000  0.0000  0.0000 -0.0000 -0.0000 -0.0000 -0.0000 -0.0000 -0.0000 -0.0000 -0.0000 -0.0000 -0.0000 -0.0000 -0.0000 -0.0000 -0.0000 -0.0000 -0.0000 -0.0000 -0.0000 -0.0000 -0.0000 -0.0000 -0.0000 -0.0000 -0.0000 -0.0000 -0.0000 -0.0000 -0.0000 -0.0000 -0.0000 -0.0000 -0.0000 -0.0000 -0.0000 -0.0000 -0.0000  0.0000  0.0000  0.0000  0.0000  0.0000 -0.0000 -0.0000 -0.0000 -0.0000  0.0000 -0.0000 -0.0015 -0.0008  0.0052 -0.0005 -0.0115  0.0009  0.0036 -0.0070 -0.0066  0.0027  0.0058 -0.0292  0.0019 -0.0703  0.1337  0.0138  0.1476  0.1042  0.0454 -0.0990  0.0116  0.6332 -0.2101  0.1963 -0.0691  0.0506  0.1104  0.2003  0.0185
 0.8600000E-01 0.5980066E+02 0.3600000E+02 0.3297909E+01 0.9760434E-01 0.3929708E-01 0.1072862E+00
 -0.0000 -0.0000  0.0000 -0.0000 -0.0000 -0.0000  0.0000  0.0000  0.0000 -0.0000 -0.0000  0.0000 -0.0000  0.0000  0.0000 -0.0000  0.0000  0.0000  0.0000  0.0000 -0.0000 -0.0000  0.0000 -0.0000 -0.0000 -0.0000 -0.0000 -0.0000 -0.0000 -0.0000 -0.0000 -0.0000 -0.0000 -0.0000 -0.0000 -0.0000 -0.0000 -0.0000 -0.0000 -0.0000 -0.0000 -0.0000 -0.0000 -0.0000 -0.0000 -0.0000 -0.0000 -0.0000 -0.0000 -0.0000 -0.0000 -0.0000 -0.0000 -0.0000 -0.0000 -0.0000 -0.0000 -0.0000  0.0000 -0.0000  0.0000 -0.0000 -0.0000  0.0000  0.0000 -0.0000 -0.0000 -0.0000 -0.0000 -0.0000 -0.0007 -0.0018  0.0040 -0.0036 -0.0059 -0.0012  0.0033 -0.0051 -0.0071  0.0005 -0.0047  0.0073 -0.0025 -0.0406  0.0554  0.0010  0.1266 -0.0818 -0.0524  0.1226  0.1141 -0.3345 -0.3474  0.2307  0.0366 -0.0190 -0.0105  0.2405 -0.0117
 0.9650000E-01 0.5329385E+02 0.3600000E+02 0.2901545E+01 0.8758242E-01 0.3650539E-01 0.9936784E-01
 -0.0000 -0.0000  0.0000 -0.0000 -0.0000 -0.0000  0.0000  0.0000  0.0000 -0.0000 -0.0000  0.0000 -0.0000  0.0000 -0.0000 -0.0000  0.0000  0.0000  0.0000  0.0000 -0.0000  0.0000  0.0000 -0.0000 -0.0000 -0.0000 -0.0000 -0.0000 -0.0000 -0.0000 -0.0000 -0.0000 -0.0000 -0.0000 -0.0000 -0.0000 -0.0000 -0.0000 -0.0000 -0.0000 -0.0000 -0.0000 -0.0000 -0.0000 -0.0000 -0.0000 -0.0000 -0.0000 -0.0000 -0.0000 -0.0000 -0.0000 -0.0000 -0.0000 -0.0000 -0.0000 -0.0000 -0.0000 -0.0000  0.0000 -0.0000 -0.0000  0.0000  0.0000 -0.0000 -0.0000 -0.0000 -0.0000  0.0000 -0.0000 -0.0002  0.0005  0.0074 -0.0025 -0.0112  0.0011 -0.0005 -0.0003 -0.0004  0.0058  0.0006  0.0115 -0.0172 -0.0377  0.0549  0.0106  0.0768 -0.0165  0.2071  0.1530  0.0115 -0.0356 -0.3014  0.1208 -0.3471 -0.3999 -0.0862  0.0730 -0.7460
 0.1080000E+00 0.4761905E+02 0.3600000E+02 0.2578360E+01 0.7998057E-01 0.3049421E-01 0.8672662E-01
 -0.0000 -0.0000  0.0000 -0.0000 -0.0000 -0.0000  0.0000  0.0000 -0.0000 -0.0000 -0.0000  0.0000 -0.0000  0.0000 -0.0000  0.0000 -0.0000 -0.0000  0.0000 -0.0000 -0.0000  0.0000 -0.0000 -0.0000 -0.0000 -0.0000 -0.0000 -0.0000 -0.0000 -0.0000 -0.0000 -0.0000 -0.0000 -0.0000 -0.0000 -0.0000 -0.0000 -0.0000 -0.0000 -0.0000 -0.0000 -0.0000 -0.0000 -0.0000 -0.0000 -0.0000 -0.0000 -0.0000 -0.0000 -0.0000 -0.0000 -0.0000 -0.0000 -0.0000 -0.0000 -0.0000 -0.0000 -0.0000 -0.0000  0.0000 -0.0000 -0.0000  0.0000  0.0000 -0.0000  0.0000 -0.0000 -0.0000  0.0000 -0.0000 -0.0006  0.0002  0.0016 -0.0025 -0.0049  0.0002  0.0061 -0.0045 -0.0032  0.0007 -0.0007 -0.0087  0.0128 -0.0442  0.0367  0.0110  0.1296 -0.0639 -0.0116 -0.1898 -0.0308  0.0254 -0.3498  0.0368 -0.0717  0.0516 -0.0413 -0.0206  0.3112
 0.1210000E+00 0.4250295E+02 0.3600000E+02 0.2204872E+01 0.6812903E-01 0.2601141E-01 0.7442731E-01
 -0.0000 -0.0000  0.0000 -0.0000  0.0000  0.0000  0.0000 -0.0000 -0.0000 -0.0000  0.0000 -0.0000 -0.0000  0.0000 -0.0000  0.0000 -0.0000 -0.0000  0.0000 -0.0000  0.0000  0.0000 -0.0000 -0.0000 -0.0000 -0.0000 -0.0000 -0.0000 -0.0000 -0.0000 -0.0000 -0.0000 -0.0000 -0.0000 -0.0000 -0.0000 -0.0000 -0.0000 -0.0000 -0.0000 -0.0000 -0.0000 -0.0000 -0.0000 -0.0000 -0.0000 -0.0000 -0.0000 -0.0000 -0.0000 -0.0000 -0.0000 -0.0000 -0.0000 -0.0000 -0.0000 -0.0000 -0.0000 -0.0000  0.0000 -0.0000 -0.0000  0.0000  0.0000 -0.0000  0.0000 -0.0000  0.0000  0.0000  0.0000  0.0005  0.0029  0.0029  0.0000 -0.0089 -0.0012  0.0039 -0.0050 -0.0047  0.0077 -0.0116  0.0053 -0.0447 -0.0518  0.0401  0.0197  0.1602  0.0219 -0.0543 -0.0914  0.0756  0.0916 -0.3723  0.0209  0.2358  0.1989 -0.1122  0.1623 -0.3513
 0.1365000E+00 0.3767661E+02 0.3600000E+02 0.1871270E+01 0.5785503E-01 0.2296223E-01 0.6294395E-01
 -0.0000 -0.0000  0.0000 -0.0000 -0.0000  0.0000 -0.0000 -0.0000 -0.0000  0.0000  0.0000 -0.0000 -0.0000 -0.0000 -0.0000  0.0000 -0.0000 -0.0000  0.0000 -0.0000  0.0000  0.0000 -0.0000 -0.0000 -0.0000 -0.0000 -0.0000 -0.0000 -0.0000 -0.0000 -0.0000 -0.0000 -0.0000 -0.0000 -0.0000 -0.0000 -0.0000 -0.0000 -0.0000 -0.0000 -0.0000 -0.0000 -0.0000 -0.0000 -0.0000 -0.0000 -0.0000 -0.0000 -0.0000 -0.0000 -0.0000 -0.0000 -0.0000 -0.0000 -0.0000 -0.0000 -0.0000 -0.0000 -0.0000  0.0000 -0.0000 -0.0000  0.0000  0.0000 -0.0000  0.0000  0.0000  0.0000  0.0000  0.0000  0.0012  0.0037  0.0014 -0.0014 -0.0010 -0.0026  0.0065 -0.0042 -0.0075  0.0227  0.0160 -0.0316 -0.0186 -0.2041  0.0541 -0.1140  0.0964 -0.0374 -0.0167 -0.1140  0.0757  0.1304 -0.2976  0.0408 -0.0569 -0.0744 -0.0682  0.1676  0.1072
 0.1550000E+00 0.3317972E+02 0.3600000E+02 0.1561769E+01 0.4774181E-01 0.1800871E-01 0.5195071E-01
  0.0000  0.0000 -0.0000  0.0000  0.0000  0.0000 -0.0000 -0.0000 -0.0000  0.0000  0.0000 -0.0000 -0.0000 -0.0000  0.0000  0.0000 -0.0000 -0.0000 -0.0000 -0.0000  0.0000  0.0000 -0.0000 -0.0000 -0.0000 -0.0000 -0.0000 -0.0000 -0.0000 -0.0000 -0.0000 -0.0000 -0.0000 -0.0000 -0.0000 -0.0000 -0.0000 -0.0000 -0.0000 -0.0000 -0.0000 -0.0000 -0.0000 -0.0000 -0.0000 -0.0000 -0.0000 -0.0000 -0.0000 -0.0000 -0.0000 -0.0000 -0.0000 -0.0000 -0.0000 -0.0000 -0.0000 -0.0000 -0.0000  0.0000 -0.0000 -0.0000  0.0000 -0.0000 -0.0000  0.0000  0.0000  0.0000  0.0000  0.0000  0.0016  0.0033 -0.0005  0.0026 -0.0024 -0.0006  0.0020 -0.0056 -0.0019  0.0052 -0.0126  0.0099 -0.0371 -0.0172  0.0187  0.0106  0.1227 -0.0815 -0.1126 -0.1090  0.0837 -0.0136 -0.3464  0.0524  0.1874  0.3664 -0.1623  0.0612  0.1120
 0.1770000E+00 0.2905569E+02 0.3600000E+02 0.1315622E+01 0.3978405E-01 0.1588698E-01 0.4443296E-01
 -0.0000  0.0000 -0.0000  0.0000  0.0000  0.0000 -0.0000 -0.0000 -0.0000  0.0000  0.0000 -0.0000 -0.0000 -0.0000 -0.0000  0.0000 -0.0000 -0.0000 -0.0000 -0.0000  0.0000  0.0000 -0.0000 -0.0000 -0.0000 -0.0000 -0.0000 -0.0000 -0.0000 -0.0000 -0.0000 -0.0000 -0.0000 -0.0000 -0.0000 -0.0000 -0.0000 -0.0000 -0.0000 -0.0000 -0.0000 -0.0000 -0.0000 -0.0000 -0.0000 -0.0000 -0.0000 -0.0000 -0.0000 -0.0000 -0.0000 -0.0000 -0.0000 -0.0000 -0.0000 -0.0000 -0.0000 -0.0000 -0.0000  0.0000 -0.0000  0.0000  0.0000 -0.0000 -0.0000  0.0000  0.0000  0.0000  0.0000  0.0000  0.0025  0.0052  0.0012  0.0061 -0.0059 -0.0002 -0.0103 -0.0039  0.0016  0.0093 -0.0129  0.0352 -0.0844 -0.0031  0.0155 -0.0150  0.0593 -0.0106  0.1480  0.0993 -0.0182 -0.0870 -0.2897  0.3776 -0.1586 -0.3300  0.2901 -0.4674 -0.2967
 0.2040000E+00 0.2521008E+02 0.3600000E+02 0.9634093E+00 0.3149518E-01 0.1452417E-01 0.3603554E-01
 -0.0000 -0.0000  0.0000 -0.0000  0.0000  0.0000  0.0000 -0.0000 -0.0000  0.0000  0.0000 -0.0000 -0.0000 -0.0000 -0.0000  0.0000 -0.0000 -0.0000 -0.0000 -0.0000  0.0000  0.0000 -0.0000 -0.0000 -0.0000 -0.0000 -0.0000 -0.0000 -0.0000 -0.0000 -0.0000 -0.0000 -0.0000 -0.0000 -0.0000 -0.0000 -0.0000 -0.0000 -0.0000 -0.0000 -0.0000 -0.0000 -0.0000 -0.0000 -0.0000 -0.0000 -0.0000 -0.0000 -0.0000 -0.0000 -0.0000 -0.0000 -0.0000 -0.0000 -0.0000 -0.0000 -0.0000 -0.0000 -0.0000  0.0000 -0.0000 -0.0000  0.0000  0.0000 -0.0000  0.0000 -0.0000  0.0000  0.0000  0.0000  0.0025  0.0061  0.0077  0.0021 -0.0057  0.0052 -0.0065 -0.0003  0.0033  0.0056 -0.0009  0.0076 -0.1193 -0.0612  0.0045  0.0038  0.1536 -0.2819  0.3079  0.1445 -0.1845  0.1412 -0.1799  0.0762 -0.0124  0.2841 -0.7429 -0.1210 -0.2325
 0.2385000E+00 0.2156334E+02 0.3600000E+02 0.8046702E+00 0.2497604E-01 0.9895983E-02 0.2758021E-01
 -0.0000  0.0000 -0.0000  0.0000  0.0000  0.0000 -0.0000 -0.0000 -0.0000  0.0000  0.0000 -0.0000 -0.0000 -0.0000 -0.0000  0.0000 -0.0000 -0.0000 -0.0000 -0.0000  0.0000  0.0000 -0.0000 -0.0000 -0.0000 -0.0000 -0.0000 -0.0000 -0.0000 -0.0000 -0.0000 -0.0000 -0.0000 -0.0000 -0.0000 -0.0000 -0.0000 -0.0000 -0.0000 -0.0000 -0.0000 -0.0000 -0.0000 -0.0000 -0.0000 -0.0000 -0.0000 -0.0000 -0.0000 -0.0000 -0.0000 -0.0000 -0.0000 -0.0000 -0.0000 -0.0000 -0.0000 -0.0000 -0.0000  0.0000 -0.0000  0.0000  0.0000 -0.0000 -0.0000  0.0000  0.0000  0.0000  0.0000  0.0000  0.0047  0.0091  0.0044  0.0069 -0.0080 -0.0005 -0.0095  0.0021  0.0146  0.0142 -0.0148  0.0393 -0.1545  0.0052 -0.0176 -0.0087  0.0389 -0.1626  0.2810  0.2222 -0.1032  0.2646 -0.2722  0.2556  0.1162  0.1762  0.2150 -0.2649  0.1928
 0.2850000E+00 0.1804511E+02 0.3600000E+02 0.5406874E+00 0.1723621E-01 0.7342604E-02 0.1953345E-01
  0.0000  0.0000 -0.0000  0.0000  0.0000  0.0000 -0.0000 -0.0000 -0.0000  0.0000  0.0000 -0.0000  0.0000 -0.0000  0.0000  0.0000 -0.0000 -0.0000 -0.0000 -0.0000  0.0000  0.0000  0.0000 -0.0000 -0.0000 -0.0000 -0.0000 -0.0000 -0.0000 -0.0000 -0.0000 -0.0000 -0.0000 -0.0000 -0.0000 -0.0000 -0.0000 -0.0000 -0.0000 -0.0000 -0.0000 -0.0000 -0.0000 -0.0000 -0.0000 -0.0000 -0.0000 -0.0000 -0.0000 -0.0000 -0.0000 -0.0000 -0.0000 -0.0000 -0.0000 -0.0000 -0.0000 -0.0000  0.0000  0.0000  0.0000  0.0000 -0.0000 -0.0000  0.0000  0.0000  0.0000  0.0000 -0.0000  0.0000  0.0073  0.0083 -0.0009  0.0074  0.0012 -0.0020 -0.0131 -0.0091  0.0124  0.0443 -0.0453  0.0742 -0.1636  0.0009 -0.0913 -0.0354  0.1534 -0.1772 -0.0165  0.0590  0.2634  0.1771 -0.8212  0.3608 -0.0008  0.1500 -0.0685 -0.0693 -0.0524
 0.3515000E+00 0.1463117E+02 0.3600000E+02 0.3466676E+00 0.1160012E-01 0.4781867E-02 0.1312553E-01
  0.0000  0.0000 -0.0000  0.0000  0.0000  0.0000 -0.0000 -0.0000 -0.0000  0.0000  0.0000 -0.0000  0.0000 -0.0000  0.0000  0.0000  0.0000 -0.0000 -0.0000 -0.0000  0.0000 -0.0000  0.0000 -0.0000 -0.0000 -0.0000 -0.0000 -0.0000 -0.0000 -0.0000 -0.0000 -0.0000 -0.0000 -0.0000 -0.0000 -0.0000 -0.0000 -0.0000 -0.0000 -0.0000 -0.0000 -0.0000 -0.0000 -0.0000 -0.0000 -0.0000 -0.0000 -0.0000 -0.0000 -0.0000 -0.0000 -0.0000 -0.0000 -0.0000 -0.0000 -0.0000 -0.0000 -0.0000  0.0000  0.0000  0.0000 -0.0000 -0.0000 -0.0000  0.0000  0.0000  0.0000  0.0000 -0.0000  0.0000  0.0095  0.0103  0.0026  0.0079  0.0140 -0.0065 -0.0326 -0.0197  0.0313  0.0632 -0.0090  0.1339 -0.2375  0.0733 -0.1646 -0.0838  0.0787 -0.1996  0.0220 -0.0616  0.2227  0.1181 -0.8068  0.4419 -0.2564  0.0160  0.0427 -0.1475 -0.2555
 0.4575000E+00 0.1124122E+02 0.3600000E+02 0.1982933E+00 0.6935205E-02 0.2939790E-02 0.8070717E-02
  0.0000  0.0000 -0.0000  0.0000  0.0000  0.0000 -0.0000 -0.0000 -0.0000  0.0000  0.0000 -0.0000  0.0000 -0.0000  0.0000  0.0000 -0.0000 -0.0000 -0.0000 -0.0000  0.0000  0.0000 -0.0000 -0.0000 -0.0000 -0.0000 -0.0000 -0.0000 -0.0000 -0.0000 -0.0000 -0.0000 -0.0000 -0.0000 -0.0000 -0.0000 -0.0000 -0.0000 -0.0000 -0.0000 -0.0000 -0.0000 -0.0000 -0.0000 -0.0000 -0.0000 -0.0000 -0.0000 -0.0000 -0.0000 -0.0000 -0.0000 -0.0000 -0.0000 -0.0000 -0.0000 -0.0000 -0.0000 -0.0000  0.0000 -0.0000 -0.0000  0.0000 -0.0000 -0.0000  0.0000  0.0000  0.0000  0.0000  0.0000  0.0129  0.0201 -0.0028  0.0152  0.0222  0.0030 -0.0583 -0.0102  0.0405  0.0941 -0.0644  0.1289 -0.2897  0.0477 -0.3741 -0.0970  0.1697 -0.5693  0.4076 -0.0872 -0.2381 -0.2357 -1.0400  0.1456  0.2448  0.1188 -0.0460 -0.0522 -0.2083
 0.6095000E+00 0.8437830E+01 0.3600000E+02 0.8613299E-01 0.4079804E-02 0.1850401E-02 0.4724018E-02
  0.0000  0.0000 -0.0000  0.0000  0.0000  0.0000 -0.0000 -0.0000 -0.0000  0.0000  0.0000 -0.0000  0.0000 -0.0000  0.0000 -0.0000  0.0000  0.0000 -0.0000 -0.0000  0.0000 -0.0000  0.0000 -0.0000 -0.0000 -0.0000 -0.0000 -0.0000 -0.0000 -0.0000 -0.0000 -0.0000 -0.0000 -0.0000 -0.0000 -0.0000 -0.0000 -0.0000 -0.0000 -0.0000 -0.0000 -0.0000 -0.0000 -0.0000 -0.0000 -0.0000 -0.0000 -0.0000 -0.0000 -0.0000 -0.0000 -0.0000 -0.0000 -0.0000 -0.0000 -0.0000 -0.0000 -0.0000  0.0000  0.0000  0.0000 -0.0000 -0.0000 -0.0000  0.0000  0.0000  0.0000 -0.0000 -0.0000  0.0000  0.0174  0.0130 -0.0061  0.0196  0.0365  0.0112 -0.0823 -0.0145  0.0463  0.1521 -0.0649  0.1344 -0.2446  0.2150 -0.3703 -0.3648  0.1298 -0.3108  0.1213  0.0754  0.2337  0.6246 -0.8440  0.3120 -0.1388 -0.1945  0.2318  0.2090 -1.0265
 0.8065000E+00 0.6376760E+01 0.3600000E+02 0.4536639E-01 0.2523140E-02 0.1014663E-02 0.2896256E-02
  0.0000  0.0000 -0.0000  0.0000  0.0000  0.0000 -0.0000 -0.0000 -0.0000  0.0000  0.0000 -0.0000  0.0000 -0.0000  0.0000  0.0000 -0.0000  0.0000 -0.0000 -0.0000  0.0000 -0.0000  0.0000 -0.0000 -0.0000 -0.0000 -0.0000 -0.0000 -0.0000 -0.0000 -0.0000 -0.0000 -0.0000 -0.0000 -0.0000 -0.0000 -0.0000 -0.0000 -0.0000 -0.0000 -0.0000 -0.0000 -0.0000 -0.0000 -0.0000 -0.0000 -0.0000 -0.0000 -0.0000 -0.0000 -0.0000 -0.0000 -0.0000 -0.0000 -0.0000 -0.0000 -0.0000 -0.0000  0.0000 -0.0000  0.0000 -0.0000 -0.0000 -0.0000  0.0000  0.0000  0.0000  0.0000 -0.0000  0.0000  0.0190  0.0119 -0.0309  0.0204  0.0553 -0.0105 -0.0723 -0.0163  0.0545  0.1328 -0.0665  0.1097 -0.1375  0.1262 -0.4863 -0.3075  0.3002 -0.4801 -0.2253 -0.0858  0.4468 -0.3059 -0.9826  0.0541 -0.1102  1.6203 -0.0591  0.2460  0.2590
 0.1035500E+01 0.4966545E+01 0.3600000E+02 0.2328464E-01 0.1779901E-02 0.7057803E-03 0.1987083E-02
  0.0000  0.0000 -0.0000  0.0000  0.0000  0.0000 -0.0000 -0.0000 -0.0000  0.0000  0.0000 -0.0000  0.0000 -0.0000  0.0000 -0.0000  0.0000  0.0000 -0.0000 -0.0000  0.0000 -0.0000  0.0000 -0.0000 -0.0000 -0.0000 -0.0000 -0.0000 -0.0000 -0.0000 -0.0000 -0.0000 -0.0000 -0.0000 -0.0000 -0.0000 -0.0000 -0.0000 -0.0000 -0.0000 -0.0000 -0.0000 -0.0000 -0.0000 -0.0000 -0.0000 -0.0000 -0.0000 -0.0000 -0.0000 -0.0000 -0.0000 -0.0000 -0.0000 -0.0000 -0.0000 -0.0000 -0.0000  0.0000 -0.0000  0.0000  0.0000 -0.0000 -0.0000  0.0000  0.0000  0.0000  0.0000 -0.0000  0.0000  0.0200  0.0065 -0.0418  0.0207  0.0503 -0.0406 -0.0545  0.0257  0.0618  0.0877 -0.0470  0.0759 -0.0821  0.0649 -0.3282 -0.1716  0.2948 -0.4910 -0.1432 -0.2137  0.2063  0.0421 -1.0751  0.0364  0.7204  1.6809  0.0520 -0.2051  0.2105
 0.1324500E+01 0.3882867E+01 0.3600000E+02 0.9940566E-02 0.1011190E-02 0.3987478E-03 0.1145527E-02
  0.0000  0.0000 -0.0000  0.0000  0.0000 -0.0000 -0.0000 -0.0000 -0.0000  0.0000  0.0000 -0.0000  0.0000 -0.0000  0.0000 -0.0000 -0.0000  0.0000 -0.0000 -0.0000  0.0000 -0.0000  0.0000 -0.0000 -0.0000 -0.0000 -0.0000 -0.0000 -0.0000 -0.0000 -0.0000 -0.0000 -0.0000 -0.0000 -0.0000 -0.0000 -0.0000 -0.0000 -0.0000 -0.0000 -0.0000 -0.0000 -0.0000 -0.0000 -0.0000 -0.0000 -0.0000 -0.0000 -0.0000 -0.0000 -0.0000 -0.0000 -0.0000 -0.0000 -0.0000 -0.0000 -0.0000 -0.0000  0.0000 -0.0000  0.0000  0.0000 -0.0000 -0.0000  0.0000  0.0000  0.0000 -0.0000 -0.0000  0.0000  0.0195 -0.0022 -0.0769  0.0151  0.0295 -0.0191 -0.0424  0.0193  0.0594  0.0462 -0.0832  0.1494  0.0008 -0.1765 -0.0684  0.0238  0.4246 -0.4384  0.3180 -0.6350  0.3786  0.8391 -2.8832  1.1936 -0.6491 -0.3952  0.7966 -0.2792 -0.6297
 0.1721500E+01 0.2987428E+01 0.3600000E+02 0.3432211E-02 0.4815207E-03 0.1921859E-03 0.5719019E-03
  0.0000  0.0000 -0.0000  0.0000  0.0000 -0.0000 -0.0000 -0.0000 -0.0000  0.0000  0.0000 -0.0000  0.0000 -0.0000 -0.0000  0.0000 -0.0000  0.0000 -0.0000 -0.0000  0.0000 -0.0000 -0.0000 -0.0000 -0.0000 -0.0000 -0.0000 -0.0000 -0.0000 -0.0000 -0.0000 -0.0000 -0.0000 -0.0000 -0.0000 -0.0000 -0.0000 -0.0000 -0.0000 -0.0000 -0.0000 -0.0000 -0.0000 -0.0000 -0.0000 -0.0000 -0.0000 -0.0000 -0.0000 -0.0000 -0.0000 -0.0000 -0.0000 -0.0000 -0.0000 -0.0000 -0.0000 -0.0000  0.0000 -0.0000 -0.0000  0.0000 -0.0000 -0.0000  0.0000  0.0000  0.0000  0.0000 -0.0000  0.0000  0.0186  0.0097 -0.0825  0.0144  0.0008  0.0034 -0.0670  0.0264  0.0791  0.0593 -0.1175  0.1358  0.0081 -0.2384 -0.2265  0.2347  0.4665 -0.9852  0.1062 -0.2789  0.4727  1.6708 -3.0023  0.4660  3.2724  4.6501 -1.5805  0.7879 -0.5268
 0.2234500E+01 0.2301570E+01 0.3600000E+02 0.1186028E-02 0.2246832E-03 0.8933764E-04 0.2551121E-03
  0.0000  0.0000 -0.0000  0.0000  0.0000 -0.0000 -0.0000 -0.0000 -0.0000  0.0000  0.0000 -0.0000  0.0000 -0.0000 -0.0000  0.0000 -0.0000 -0.0000 -0.0000 -0.0000  0.0000  0.0000 -0.0000 -0.0000 -0.0000 -0.0000 -0.0000 -0.0000 -0.0000 -0.0000 -0.0000 -0.0000 -0.0000 -0.0000 -0.0000 -0.0000 -0.0000 -0.0000 -0.0000 -0.0000 -0.0000 -0.0000 -0.0000 -0.0000 -0.0000 -0.0000 -0.0000 -0.0000 -0.0000 -0.0000 -0.0000 -0.0000 -0.0000 -0.0000 -0.0000 -0.0000 -0.0000 -0.0000  0.0000 -0.0000 -0.0000  0.0000 -0.0000 -0.0000  0.0000  0.0000  0.0000  0.0000 -0.0000  0.0000  0.0182  0.0035 -0.1598  0.0358  0.0168  0.0095 -0.1020  0.0634  0.0819  0.0264 -0.0808  0.2253  0.2830  0.0848 -0.2352 -0.2525  0.1785 -0.5513  0.3832 -0.6444  0.6852 -0.0345 -3.0382  0.8672 -2.9973 -4.9283  1.2653 -0.4612 -0.5484
 0.2899500E+01 0.1773705E+01 0.3600000E+02 0.4576887E-03 0.1717273E-03 0.7673493E-04 0.1896981E-03
 -0.0000  0.0000 -0.0000  0.0000 -0.0000  0.0000 -0.0000 -0.0000 -0.0000 -0.0000  0.0000 -0.0000  0.0000  0.0000 -0.0000  0.0000 -0.0000 -0.0000 -0.0000 -0.0000  0.0000  0.0000 -0.0000 -0.0000 -0.0000 -0.0000 -0.0000 -0.0000 -0.0000 -0.0000 -0.0000 -0.0000 -0.0000 -0.0000 -0.0000 -0.0000 -0.0000 -0.0000 -0.0000 -0.0000 -0.0000 -0.0000 -0.0000 -0.0000 -0.0000 -0.0000 -0.0000 -0.0000 -0.0000 -0.0000 -0.0000 -0.0000 -0.0000 -0.0000 -0.0000 -0.0000 -0.0000 -0.0000 -0.0000  0.0000 -0.0000 -0.0000  0.0000  0.0000 -0.0000  0.0000  0.0000  0.0000  0.0000  0.0000  0.0293  0.0546 -0.0208 -0.0077  0.1370 -0.1746 -0.0561  0.0950  0.1298  0.0483 -0.1640  0.2439  0.0440 -0.0294 -0.5732 -0.3623  0.7144 -1.1152  0.4149 -0.6823  0.7134  0.9385 -1.2625  1.0909 -1.0210  3.2325  2.1733  0.4078  2.3215
 0.4138500E+01 0.1242686E+01 0.3600000E+02 0.5893769E-04 0.3245859E-04 0.1683097E-04 0.3723597E-04
  0.0000  0.0000 -0.0000  0.0000  0.0000 -0.0000 -0.0000 -0.0000 -0.0000  0.0000  0.0000 -0.0000 -0.0000 -0.0000 -0.0000  0.0000 -0.0000 -0.0000 -0.0000 -0.0000  0.0000  0.0000 -0.0000 -0.0000 -0.0000 -0.0000 -0.0000 -0.0000 -0.0000 -0.0000 -0.0000 -0.0000 -0.0000 -0.0000 -0.0000 -0.0000 -0.0000 -0.0000 -0.0000 -0.0000 -0.0000 -0.0000 -0.0000 -0.0000 -0.0000 -0.0000 -0.0000 -0.0000 -0.0000 -0.0000 -0.0000 -0.0000 -0.0000 -0.0000 -0.0000 -0.0000 -0.0000 -0.0000 -0.0000  0.0000 -0.0000 -0.0000  0.0000 -0.0000 -0.0000  0.0000  0.0000  0.0000  0.0000  0.0000  0.0226  0.0434 -0.1619  0.0334  0.0593  0.1003 -0.1461 -0.0455  0.0777  0.1595 -0.2109  0.2655  0.1201  0.4142 -1.5716 -1.1687  0.9350 -0.8582  1.4170 -0.9720  1.1977  0.4995 -3.3876  0.1265  3.1138  1.8841 -4.6802 -8.7008  3.1905
 0.7500000E+01 0.6857143E+00 0.3600000E+02 0.4042342E-04 0.1324908E-04 0.5699458E-05 0.1481464E-04
  0.0000  0.0000 -0.0000  0.0000  0.0000 -0.0000 -0.0000 -0.0000 -0.0000  0.0000  0.0000 -0.0000  0.0000  0.0000 -0.0000  0.0000 -0.0000 -0.0000 -0.0000 -0.0000  0.0000  0.0000 -0.0000 -0.0000 -0.0000 -0.0000 -0.0000 -0.0000 -0.0000 -0.0000 -0.0000 -0.0000 -0.0000 -0.0000 -0.0000 -0.0000 -0.0000 -0.0000 -0.0000 -0.0000 -0.0000 -0.0000 -0.0000 -0.0000 -0.0000 -0.0000 -0.0000 -0.0000 -0.0000 -0.0000 -0.0000 -0.0000 -0.0000 -0.0000 -0.0000 -0.0000 -0.0000 -0.0000 -0.0000 -0.0000 -0.0000 -0.0000 -0.0000 -0.0000 -0.0000  0.0000  0.0000  0.0000 -0.0000  0.0000  0.0270  0.0310 -0.1474  0.0151  0.0198 -0.0037 -0.1340 -0.0321  0.1292  0.1017 -0.3162  0.4123 -1.0030 -0.0156 -0.6085  0.0471  0.6782 -1.4773 -0.6808 -0.0142  0.6440  0.4572 -2.5245  3.1607  3.0478  4.5222 -1.0336  0.7322  4.1140
