    i          rs           x          Q2       sigma        stat        syst        norm
  307      44.7213595       0.0012900       1.2900000       0.0000000       0.0026721       1.5000000       2.5000000
  308      44.7213595       0.0020500       1.2900000       0.0000000       0.0025583       1.5000000       2.5000000
  309      44.7213595       0.0020500       2.0500000       0.0000000       0.0033520       1.5000000       2.5000000
  310      44.7213595       0.0032500       1.2900000       0.0000000       0.0025140       1.5000000       2.5000000
  311      44.7213595       0.0032500       2.0500000       0.0000000       0.0031939       1.5000000       2.5000000
  312      44.7213595       0.0032500       3.2500000       0.4467091       0.0040161       1.5000000       2.5000000
  313      44.7213595       0.0051500       1.2900000       0.0000000       0.0025140       1.5000000       2.5000000
  314      44.7213595       0.0051500       2.0500000       0.0000000       0.0031275       1.5000000       2.5000000
  315      44.7213595       0.0051500       3.2500000       0.4596143       0.0038264       1.5000000       2.5000000
  316      44.7213595       0.0051500       5.1500000       0.5128326       0.0049015       1.5000000       2.5000000
  317      44.7213595       0.0081500       1.2900000       0.0000000       0.0025361       1.5000000       2.5000000
  318      44.7213595       0.0081500       2.0500000       0.0000000       0.0031243       1.5000000       2.5000000
  319      44.7213595       0.0081500       3.2500000       0.4013952       0.0037631       1.5000000       2.5000000
  320      44.7213595       0.0081500       5.1500000       0.4565427       0.0047118       1.5000000       2.5000000
  321      44.7213595       0.0081500       8.1500000       0.5133350       0.0061032       1.5000000       2.5000000
  322      44.7213595       0.0129000       1.2900000       0.0000000       0.0025709       1.5000000       2.5000000
  323      44.7213595       0.0129000       2.0500000       0.0000000       0.0031528       1.5000000       2.5000000
  324      44.7213595       0.0129000       3.2500000       0.4067313       0.0037631       1.5000000       2.5000000
  325      44.7213595       0.0129000       5.1500000       0.4387633       0.0046169       1.5000000       2.5000000
  326      44.7213595       0.0129000       8.1500000       0.4669919       0.0058818       1.5000000       2.5000000
  327      44.7213595       0.0129000      12.9000000       0.4955926       0.0077476       1.5000000       2.5000000
  328      44.7213595       0.0205000       1.2900000       0.0000000       0.0026152       1.5000000       2.5000000
  329      44.7213595       0.0205000       2.0500000       0.0000000       0.0031939       1.5000000       2.5000000
  330      44.7213595       0.0205000       3.2500000       0.3956249       0.0037947       1.5000000       2.5000000
  331      44.7213595       0.0205000       5.1500000       0.4325932       0.0046169       1.5000000       2.5000000
  332      44.7213595       0.0205000       8.1500000       0.4571884       0.0057870       1.5000000       2.5000000
  333      44.7213595       0.0205000      12.9000000       0.4729044       0.0074946       1.5000000       2.5000000
  334      44.7213595       0.0205000      20.5000000       0.4848954       0.0099928       1.5000000       2.5000000
  335      44.7213595       0.0325000       1.2900000       0.0000000       0.0026626       1.5000000       2.5000000
  336      44.7213595       0.0325000       2.0500000       0.0000000       0.0032255       1.5000000       2.5000000
  337      44.7213595       0.0325000       3.2500000       0.3814285       0.0038264       1.5000000       2.5000000
  338      44.7213595       0.0325000       5.1500000       0.4138494       0.0046802       1.5000000       2.5000000
  339      44.7213595       0.0325000       8.1500000       0.4356227       0.0058186       1.5000000       2.5000000
  340      44.7213595       0.0325000      12.9000000       0.4467231       0.0073997       1.5000000       2.5000000
  341      44.7213595       0.0325000      20.5000000       0.4535861       0.0096449       1.5000000       2.5000000
  342      44.7213595       0.0325000      32.5000000       0.4613729       0.0129337       1.5000000       2.5000000
  343      44.7213595       0.0515000       1.2900000       0.0000000       0.0027069       1.5000000       2.5000000
  344      44.7213595       0.0515000       2.0500000       0.0000000       0.0032571       1.5000000       2.5000000
  345      44.7213595       0.0515000       3.2500000       0.3755827       0.0038896       1.5000000       2.5000000
  346      44.7213595       0.0515000       5.1500000       0.3969326       0.0047750       1.5000000       2.5000000
  347      44.7213595       0.0515000       8.1500000       0.4074618       0.0059135       1.5000000       2.5000000
  348      44.7213595       0.0515000      12.9000000       0.4102194       0.0074314       1.5000000       2.5000000
  349      44.7213595       0.0515000      20.5000000       0.4140448       0.0095817       1.5000000       2.5000000
  350      44.7213595       0.0515000      32.5000000       0.4252966       0.0126491       1.5000000       2.5000000
  351      44.7213595       0.0515000      51.5000000       0.4424710       0.0171079       1.5000000       2.5000000
  352      44.7213595       0.0815000       1.2900000       0.0000000       0.0028239       2.5000000       2.5000000
  353      44.7213595       0.0815000       2.0500000       0.0000000       0.0033204       1.5000000       2.5000000
  354      44.7213595       0.0815000       3.2500000       0.3727410       0.0039845       1.5000000       2.5000000
  355      44.7213595       0.0815000       5.1500000       0.3735290       0.0048699       1.5000000       2.5000000
  356      44.7213595       0.0815000       8.1500000       0.3706748       0.0060400       1.5000000       2.5000000
  357      44.7213595       0.0815000      12.9000000       0.3727191       0.0075895       1.5000000       2.5000000
  358      44.7213595       0.0815000      20.5000000       0.3840842       0.0096449       1.5000000       2.5000000
  359      44.7213595       0.0815000      32.5000000       0.4021804       0.0125542       1.5000000       2.5000000
  360      44.7213595       0.0815000      51.5000000       0.4191958       0.0166968       1.5000000       2.5000000
  361      44.7213595       0.0815000      81.5000000       0.4255929       0.0227684       1.5000000       2.5000000
  362      44.7213595       0.1290000       1.2900000       0.0000000       0.0029283       2.5000000       2.5000000
  363      44.7213595       0.1290000       2.0500000       0.0000000       0.0034153       2.5000000       2.5000000
  364      44.7213595       0.1290000       3.2500000       0.3485355       0.0040793       1.5000000       2.5000000
  365      44.7213595       0.1290000       5.1500000       0.3493569       0.0049964       1.5000000       2.5000000
  366      44.7213595       0.1290000       8.1500000       0.3582962       0.0061981       1.5000000       2.5000000
  367      44.7213595       0.1290000      12.9000000       0.3713952       0.0078108       1.5000000       2.5000000
  368      44.7213595       0.1290000      20.5000000       0.3810760       0.0098979       1.5000000       2.5000000
  369      44.7213595       0.1290000      32.5000000       0.3816426       0.0127756       1.5000000       2.5000000
  370      44.7213595       0.1290000      51.5000000       0.3726163       0.0167284       1.5000000       2.5000000
  371      44.7213595       0.1290000      81.5000000       0.3595489       0.0225470       1.5000000       2.5000000
  372      44.7213595       0.1290000     129.0000000       0.3500924       0.0303262       1.5000000       2.5000000
  373      44.7213595       0.2050000       1.2900000       0.0000000       0.0031939       2.5000000       2.5000000
  374      44.7213595       0.2050000       2.0500000       0.0000000       0.0035734       2.5000000       2.5000000
  375      44.7213595       0.2050000       3.2500000       0.3530954       0.0042691       2.5000000       2.5000000
  376      44.7213595       0.2050000       5.1500000       0.3559316       0.0052810       1.5000000       2.5000000
  377      44.7213595       0.2050000       8.1500000       0.3479499       0.0065459       1.5000000       2.5000000
  378      44.7213595       0.2050000      12.9000000       0.3324701       0.0082219       1.5000000       2.5000000
  379      44.7213595       0.2050000      20.5000000       0.3168849       0.0105304       1.5000000       2.5000000
  380      44.7213595       0.2050000      32.5000000       0.3078139       0.0135345       1.5000000       2.5000000
  381      44.7213595       0.2050000      51.5000000       0.3074441       0.0175506       1.5000000       2.5000000
  382      44.7213595       0.2050000      81.5000000       0.3122720       0.0232111       1.5000000       2.5000000
  383      44.7213595       0.2050000     129.0000000       0.3161110       0.0308955       1.5000000       2.5000000
  384      44.7213595       0.2050000     205.0000000       0.3140266       0.0423745       1.5000000       2.5000000
  385      44.7213595       0.3250000       1.2900000       0.0000000       0.0065775       2.5000000       2.5000000
  386      44.7213595       0.3250000       2.0500000       0.0000000       0.0044272       2.5000000       2.5000000
  387      44.7213595       0.3250000       3.2500000       0.2766603       0.0049332       2.5000000       2.5000000
  388      44.7213595       0.3250000       5.1500000       0.2658048       0.0060400       2.5000000       2.5000000
  389      44.7213595       0.3250000       8.1500000       0.2609544       0.0075578       1.5000000       2.5000000
  390      44.7213595       0.3250000      12.9000000       0.2587545       0.0095501       1.5000000       2.5000000
  391      44.7213595       0.3250000      20.5000000       0.2532990       0.0121431       1.5000000       2.5000000
  392      44.7213595       0.3250000      32.5000000       0.2423989       0.0156849       1.5000000       2.5000000
  393      44.7213595       0.3250000      51.5000000       0.2270520       0.0203651       1.5000000       2.5000000
  394      44.7213595       0.3250000      81.5000000       0.2118994       0.0265948       1.5000000       2.5000000
  395      44.7213595       0.3250000     129.0000000       0.2013718       0.0354175       1.5000000       2.5000000
  396      44.7213595       0.3250000     205.0000000       0.1974842       0.0483828       1.5000000       2.5000000
  397      44.7213595       0.3250000     325.0000000       0.1992382       0.0657754       1.5000000       2.5000000
  398      44.7213595       0.5150000       2.0500000       0.0000000       0.0228316       2.5000000       2.5000000
  399      44.7213595       0.5150000       3.2500000       0.1612771       0.0092339       2.5000000       2.5000000
  400      44.7213595       0.5150000       5.1500000       0.1454134       0.0091706       2.5000000       2.5000000
  401      44.7213595       0.5150000       8.1500000       0.1282526       0.0110996       2.5000000       2.5000000
  402      44.7213595       0.5150000      12.9000000       0.1128901       0.0141354       1.5000000       2.5000000
  403      44.7213595       0.5150000      20.5000000       0.1030662       0.0180566       1.5000000       2.5000000
  404      44.7213595       0.5150000      32.5000000       0.0971169       0.0232427       1.5000000       2.5000000
  405      44.7213595       0.5150000      51.5000000       0.0930571       0.0303579       1.5000000       2.5000000
  406      44.7213595       0.5150000      81.5000000       0.0888470       0.0404772       1.5000000       2.5000000
  407      44.7213595       0.5150000     129.0000000       0.0832627       0.0518614       1.5000000       2.5000000
  408      44.7213595       0.5150000     205.0000000       0.0766145       0.0705188       1.5000000       2.5000000
  409      44.7213595       0.5150000     325.0000000       0.0704066       0.0961332       1.5000000       2.5000000
  410      44.7213595       0.5150000     515.0000000       0.0665252       0.1381915       1.5000000       2.5000000
  411      44.7213595       0.8150000       5.1500000       0.0192531       0.1053038       2.5000000       2.5000000
  412      44.7213595       0.8150000       8.1500000       0.0136919       0.0414258       2.5000000       2.5000000
  413      44.7213595       0.8150000      12.9000000       0.0105465       0.0442719       2.5000000       2.5000000
  414      44.7213595       0.8150000      20.5000000       0.0084884       0.0559723       1.5000000       2.5000000
  415      44.7213595       0.8150000      32.5000000       0.0068829       0.0733648       1.5000000       2.5000000
  416      44.7213595       0.8150000      51.5000000       0.0056141       0.0939196       1.5000000       2.5000000
  417      44.7213595       0.8150000      81.5000000       0.0046733       0.1230126       1.5000000       2.5000000
  418      44.7213595       0.8150000     129.0000000       0.0040314       0.1634898       1.5000000       2.5000000
  419      44.7213595       0.8150000     205.0000000       0.0036227       0.2289489       1.5000000       2.5000000
  420      44.7213595       0.8150000     325.0000000       0.0033603       0.3019975       1.5000000       2.5000000
  421      44.7213595       0.8150000     515.0000000       0.0031610       0.4553680       1.5000000       2.5000000
  422      44.7213595       0.8150000     815.0000000       0.0030127       0.6229687       1.5000000       2.5000000
