	rs			x		Q2	sigmaNC		stat_u(%)	syst_u(%)	norm_c(%)
0	140.712472794703	0.000129	1.29	0	0.002153511086575	2.3	4.3
1	140.712472794703	0.000205	1.29	0	0.00206812958975	2.3	4.3
2	140.712472794703	0.000205	2.05	0	0.002656313234541	2.3	4.3
3	140.712472794703	0.000325	1.29	0	0.002045993646129	2.3	4.3
4	140.712472794703	0.000325	2.05	0	0.002561444904736	2.3	4.3
5	140.712472794703	0.000325	3.25	0.711276769638062	0.00319390043677	2.3	4.3
6	140.712472794703	0.000515	1.29	0	0.00206180503443	2.3	4.3
7	140.712472794703	0.000515	2.05	0	0.002539308961115	2.3	4.3
8	140.712472794703	0.000515	3.25	0.666105508804321	0.003076896163344	2.3	4.3
9	140.712472794703	0.000515	5.15	0.789248585700989	0.003857978745405	2.3	4.3
10	140.712472794703	0.000815	1.29	0	0.002102914644012	2.3	4.3
11	140.712472794703	0.000815	2.05	0	0.002564607182397	2.3	4.3
12	140.712472794703	0.000815	3.25	0.617231011390686	0.003045273386742	2.3	4.3
13	140.712472794703	0.000815	5.15	0.738333106040955	0.003731487638999	2.3	4.3
14	140.712472794703	0.000815	8.15	0.848805010318756	0.004743416490253	2.3	4.3
15	140.712472794703	0.00129	1.29	0	0.002162997919555	2.3	4.3
16	140.712472794703	0.00129	2.05	0	0.00262469045794	2.3	4.3
17	140.712472794703	0.00129	3.25	0.570559561252594	0.003076896163344	2.3	4.3
18	140.712472794703	0.00129	5.15	0.679892182350159	0.003699864862397	2.3	4.3
19	140.712472794703	0.00129	8.15	0.789735436439514	0.004585302607244	2.3	4.3
20	140.712472794703	0.00129	12.9	0.888521671295166	0.005881836447913	2.3	4.3
21	140.712472794703	0.00205	1.29	0	0.002235730305739	2.3	4.3
22	140.712472794703	0.00205	2.05	0	0.002697422844124	2.3	4.3
23	140.712472794703	0.00205	3.25	0.523014962673187	0.003146466271868	2.3	4.3
24	140.712472794703	0.00205	5.15	0.619064390659332	0.0037631104156	2.3	4.3
25	140.712472794703	0.00205	8.15	0.717970728874206	0.004585302607244	2.3	4.3
26	140.712472794703	0.00205	12.9	0.816643476486206	0.005755345341506	2.3	4.3
27	140.712472794703	0.00205	20.5	0.902540385723114	0.007431352501396	2.3	4.3
28	140.712472794703	0.00325	1.29	0	0.002311624969583	2.3	4.3
29	140.712472794703	0.00325	2.05	0	0.002789128896269	2.3	4.3
30	140.712472794703	0.00325	3.25	0.481951951980591	0.003257145989973	2.3	4.3
31	140.712472794703	0.00325	5.15	0.565035581588745	0.003857978745405	2.3	4.3
32	140.712472794703	0.00325	8.15	0.650191724300385	0.004648548160448	2.3	4.3
33	140.712472794703	0.00325	12.9	0.737196803092956	0.005755345341506	2.3	4.3
34	140.712472794703	0.00325	20.5	0.821881413459778	0.007273238618387	2.3	4.3
35	140.712472794703	0.00325	32.5	0.889886558055878	0.009486832980505	2.3	4.3
36	140.712472794703	0.00515	2.05	0	0.002883997226074	2.3	4.3
37	140.712472794703	0.00515	3.25	0.448229402303696	0.003352014319778	2.3	4.3
38	140.712472794703	0.00515	5.15	0.518220067024231	0.00395284707521	2.3	4.3
39	140.712472794703	0.00515	8.15	0.589547634124756	0.004775039266854	2.3	4.3
40	140.712472794703	0.00515	12.9	0.662217199802399	0.005850213671312	2.3	4.3
41	140.712472794703	0.00515	20.5	0.734911441802979	0.007336484171591	2.3	4.3
42	140.712472794703	0.00515	32.5	0.801805973052979	0.0093919646507	2.3	4.3
43	140.712472794703	0.00515	51.5	0.854619383811951	0.012269637321453	2.3	4.3
44	140.712472794703	0.00815	3.25	0.420732140541077	0.003446882649584	2.3	4.3
45	140.712472794703	0.00815	5.15	0.478134125471115	0.004110960958219	2.3	4.3
46	140.712472794703	0.00815	8.15	0.536456406116486	0.004964775926464	2.3	4.3
47	140.712472794703	0.00815	12.9	0.59538346529007	0.006039950330922	2.3	4.3
48	140.712472794703	0.00815	20.5	0.654341101646423	0.007494598054599	2.3	4.3
49	140.712472794703	0.00815	32.5	0.710023880004883	0.009455210203903	2.3	4.3
50	140.712472794703	0.00815	51.5	0.761367082595825	0.012174768991648	2.3	4.3
51	140.712472794703	0.00815	81.5	0.798818349838257	0.016222484396664	2.3	4.3
52	140.712472794703	0.0129	5.15	0.443939656019211	0.004269074841227	2.3	4.3
53	140.712472794703	0.0129	8.15	0.490426361560822	0.005154512586074	2.3	4.3
54	140.712472794703	0.0129	12.9	0.537141084671021	0.006261309767133	2.3	4.3
55	140.712472794703	0.0129	20.5	0.583002984523773	0.007779203044014	2.3	4.3
56	140.712472794703	0.0129	32.5	0.626690804958344	0.009739815193319	2.3	4.3
57	140.712472794703	0.0129	51.5	0.668095111846924	0.01239612842786	2.3	4.3
58	140.712472794703	0.0129	81.5	0.704411625862122	0.016095993290257	2.3	4.3
59	140.712472794703	0.0129	129	0.729171216487885	0.021629979195552	2.3	4.3
60	140.712472794703	0.0205	8.15	0.453188508749008	0.005344249245685	2.3	4.3
61	140.712472794703	0.0205	12.9	0.488137602806091	0.006545914756549	2.3	4.3
62	140.712472794703	0.0205	20.5	0.52234023809433	0.008063808033429	2.3	4.3
63	140.712472794703	0.0205	32.5	0.554441094398499	0.010119288512539	2.3	4.3
64	140.712472794703	0.0205	51.5	0.58492124080658	0.012933715630089	2.3	4.3
65	140.712472794703	0.0205	81.5	0.612705230712891	0.016317352726469	2.3	4.3
66	140.712472794703	0.0205	129	0.636556088924408	0.021471865312543	2.3	4.3
67	140.712472794703	0.0205	205	0.652562320232391	0.028713481154329	2.3	4.3
68	140.712472794703	0.0325	12.9	0.448149561882019	0.006830519745964	2.3	4.3
69	140.712472794703	0.0325	20.5	0.472334027290344	0.008474904129251	2.3	4.3
70	140.712472794703	0.0325	32.5	0.494496583938599	0.010530384608361	2.3	4.3
71	140.712472794703	0.0325	51.5	0.515324771404266	0.013313188949309	2.3	4.3
72	140.712472794703	0.0325	81.5	0.534316003322601	0.017044676588308	2.3	4.3
73	140.712472794703	0.0325	129	0.551420450210571	0.021819715855162	2.3	4.3
74	140.712472794703	0.0325	205	0.566187798976898	0.028745103930931	2.3	4.3
75	140.712472794703	0.0325	325	0.576227962970734	0.039528470752105	2.3	4.3
76	140.712472794703	0.0515	20.5	0.431189835071564	0.008791131895268	2.3	4.3
77	140.712472794703	0.0515	32.5	0.445174366235733	0.011036349033988	2.3	4.3
78	140.712472794703	0.0515	51.5	0.457858860492706	0.013882398928139	2.3	4.3
79	140.712472794703	0.0515	81.5	0.469193071126938	0.017582263790536	2.3	4.3
80	140.712472794703	0.0515	129	0.479307532310486	0.022736776376611	2.3	4.3
81	140.712472794703	0.0515	205	0.488542050123215	0.029282691133159	2.3	4.3
82	140.712472794703	0.0515	325	0.496950924396515	0.038579787454054	2.3	4.3
83	140.712472794703	0.0515	515	0.504639685153961	0.054707403520913	2.3	4.3
84	140.712472794703	0.0815	32.5	0.403300404548645	0.011573936236216	2.3	4.3
85	140.712472794703	0.0815	51.5	0.4091457426548	0.014609722789978	2.3	4.3
86	140.712472794703	0.0815	81.5	0.41405200958252	0.018625815418392	2.3	4.3
87	140.712472794703	0.0815	129	0.418282091617584	0.023558968568254	2.3	4.3
88	140.712472794703	0.0815	205	0.422022849321365	0.030642470527032	2.3	4.3
89	140.712472794703	0.0815	325	0.425993323326111	0.039212242986088	2.3	4.3
90	140.712472794703	0.0815	515	0.431131720542908	0.052493809158795	2.3	4.3
91	140.712472794703	0.0815	815	0.439771205186844	0.071467475119805	2.3	4.3
92	140.712472794703	0.129	51.5	0.36759215593338	0.015337046651817	2.3	4.3
93	140.712472794703	0.129	81.5	0.367029786109924	0.019511253163239	2.3	4.3
94	140.712472794703	0.129	129	0.366217076778412	0.02479225685572	2.3	4.3
95	140.712472794703	0.129	205	0.365325748920441	0.032255232133718	2.3	4.3
96	140.712472794703	0.129	325	0.364882737398148	0.041425837348206	2.3	4.3
97	140.712472794703	0.129	515	0.36571729183197	0.054391175754896	2.3	4.3
98	140.712472794703	0.129	815	0.370018929243088	0.074313525013957	2.3	4.3
99	140.712472794703	0.129	1290	0.382410615682602	0.099295518529287	2.3	4.3
100	140.712472794703	0.205	81.5	0.310329616069794	0.021345374206137	2.3	4.3
101	140.712472794703	0.205	129	0.305267632007599	0.026784491781626	2.3	4.3
102	140.712472794703	0.205	205	0.300463616847992	0.034785054261852	2.3	4.3
103	140.712472794703	0.205	325	0.296227961778641	0.044271887242357	2.3	4.3
104	140.712472794703	0.205	515	0.293094336986542	0.057553453415065	2.3	4.3
105	140.712472794703	0.205	815	0.292359411716461	0.078108258206159	2.3	4.3
106	140.712472794703	0.205	1290	0.296976536512375	0.103090251721489	2.3	4.3
107	140.712472794703	0.205	2050	0.313381224870682	0.133131889493089	2.3	4.3
108	140.712472794703	0.325	129	0.209450930356979	0.032255232133718	2.3	4.3
109	140.712472794703	0.325	205	0.20248544216156	0.041742065114223	2.3	4.3
110	140.712472794703	0.325	325	0.196248710155487	0.053126264690829	2.3	4.3
111	140.712472794703	0.325	515	0.190908432006836	0.067356514161587	2.3	4.3
112	140.712472794703	0.325	815	0.186999931931496	0.097398151933186	2.3	4.3
113	140.712472794703	0.325	1290	0.18574720621109	0.108466123743775	2.3	4.3
114	140.712472794703	0.325	2050	0.189961045980454	0.154951605348251	2.3	4.3
115	140.712472794703	0.325	3250	0.204983443021774	0.232427408022376	2.3	4.3
116	140.712472794703	0.515	205	0.075122930109501	0.064826692033452	2.3	4.3
117	140.712472794703	0.515	325	0.070832096040249	0.083800357994462	2.3	4.3
118	140.712472794703	0.515	515	0.067111007869244	0.108466123743775	2.3	4.3
119	140.712472794703	0.515	815	0.064026109874249	0.148310822261897	2.3	4.3
120	140.712472794703	0.515	1290	0.06178816780448	0.189104204078069	2.3	4.3
121	140.712472794703	0.515	2050	0.060928009450436	0.24096555770483	2.3	4.3
122	140.712472794703	0.515	3250	0.062566205859184	0.325714598997343	2.3	4.3
123	140.712472794703	0.515	5150	0.068587996065617	0.54707403520913	2.3	4.3
124	140.712472794703	0.815	325	0.003308363026008	0.273537017604565	2.3	4.3
125	140.712472794703	0.815	515	0.002982715144753	0.385797874540542	2.3	4.3
126	140.712472794703	0.815	815	0.002721081487834	0.385797874540542	2.3	4.3
127	140.712472794703	0.815	1290	0.002516554901376	0.746297527799737	2.3	4.3
128	140.712472794703	0.815	2050	0.002377484692261	0.698863362897212	2.3	4.3
129	140.712472794703	0.815	3250	0.002330857561901	1.13841995766062	2.3	4.3
130	140.712472794703	0.815	5150	0.002423011697829	1.39456444813426	2.3	4.3


