    i          rs           x          Q2       sigma        stat        syst        norm
  314      28.6356421       0.0032500       1.2900000       0.0000000       0.0028619       2.3000000       4.3000000
  315      28.6356421       0.0051500       1.2900000       0.0000000       0.0027322       2.3000000       4.3000000
  316      28.6356421       0.0051500       2.0500000       0.0000000       0.0035734       2.3000000       4.3000000
  317      28.6356421       0.0081500       1.2900000       0.0000000       0.0026721       2.3000000       4.3000000
  318      28.6356421       0.0081500       2.0500000       0.0000000       0.0034153       2.3000000       4.3000000
  319      28.6356421       0.0081500       3.2500000       0.3861614       0.0043007       2.3000000       4.3000000
  320      28.6356421       0.0129000       1.2900000       0.0000000       0.0026500       2.3000000       4.3000000
  321      28.6356421       0.0129000       2.0500000       0.0000000       0.0033204       2.3000000       4.3000000
  322      28.6356421       0.0129000       3.2500000       0.4185525       0.0040793       2.3000000       4.3000000
  323      28.6356421       0.0129000       5.1500000       0.4395993       0.0052810       2.3000000       4.3000000
  324      28.6356421       0.0205000       1.2900000       0.0000000       0.0026626       2.3000000       4.3000000
  325      28.6356421       0.0205000       2.0500000       0.0000000       0.0032888       2.3000000       4.3000000
  326      28.6356421       0.0205000       3.2500000       0.3551202       0.0039845       2.3000000       4.3000000
  327      28.6356421       0.0205000       5.1500000       0.4026224       0.0050596       2.3000000       4.3000000
  328      28.6356421       0.0205000       8.1500000       0.4510574       0.0066092       2.3000000       4.3000000
  329      28.6356421       0.0325000       1.2900000       0.0000000       0.0026879       2.3000000       4.3000000
  330      28.6356421       0.0325000       2.0500000       0.0000000       0.0032888       2.3000000       4.3000000
  331      28.6356421       0.0325000       3.2500000       0.3759979       0.0039528       2.3000000       4.3000000
  332      28.6356421       0.0325000       5.1500000       0.3782609       0.0049332       2.3000000       4.3000000
  333      28.6356421       0.0325000       8.1500000       0.3883550       0.0063246       2.3000000       4.3000000
  334      28.6356421       0.0325000      12.9000000       0.4118076       0.0084117       2.3000000       4.3000000
  335      28.6356421       0.0515000       1.2900000       0.0000000       0.0027164       2.3000000       4.3000000
  336      28.6356421       0.0515000       2.0500000       0.0000000       0.0032888       2.3000000       4.3000000
  337      28.6356421       0.0515000       3.2500000       0.3886632       0.0039845       2.3000000       4.3000000
  338      28.6356421       0.0515000       5.1500000       0.3977446       0.0049332       2.3000000       4.3000000
  339      28.6356421       0.0515000       8.1500000       0.3927171       0.0062297       2.3000000       4.3000000
  340      28.6356421       0.0515000      12.9000000       0.3869663       0.0081271       2.3000000       4.3000000
  341      28.6356421       0.0515000      20.5000000       0.3918403       0.0109099       2.3000000       4.3000000
  342      28.6356421       0.0815000       1.2900000       0.0000000       0.0028271       2.3000000       4.3000000
  343      28.6356421       0.0815000       2.0500000       0.0000000       0.0033204       2.3000000       4.3000000
  344      28.6356421       0.0815000       3.2500000       0.3839463       0.0040161       2.3000000       4.3000000
  345      28.6356421       0.0815000       5.1500000       0.3950878       0.0049648       2.3000000       4.3000000
  346      28.6356421       0.0815000       8.1500000       0.3888079       0.0062297       2.3000000       4.3000000
  347      28.6356421       0.0815000      12.9000000       0.3745202       0.0080006       2.3000000       4.3000000
  348      28.6356421       0.0815000      20.5000000       0.3667444       0.0105304       2.3000000       4.3000000
  349      28.6356421       0.0815000      32.5000000       0.3733183       0.0142619       2.3000000       4.3000000
  350      28.6356421       0.1290000       2.0500000       0.0000000       0.0034153       2.3000000       4.3000000
  351      28.6356421       0.1290000       3.2500000       0.3762386       0.0041110       2.3000000       4.3000000
  352      28.6356421       0.1290000       5.1500000       0.3895702       0.0050280       2.3000000       4.3000000
  353      28.6356421       0.1290000       8.1500000       0.3849275       0.0063246       2.3000000       4.3000000
  354      28.6356421       0.1290000      12.9000000       0.3665659       0.0080322       2.3000000       4.3000000
  355      28.6356421       0.1290000      20.5000000       0.3474144       0.0104671       2.3000000       4.3000000
  356      28.6356421       0.1290000      32.5000000       0.3402942       0.0138824       2.3000000       4.3000000
  357      28.6356421       0.1290000      51.5000000       0.3482385       0.0189420       2.3000000       4.3000000
  358      28.6356421       0.2050000       3.2500000       0.3501381       0.0043007       2.3000000       4.3000000
  359      28.6356421       0.2050000       5.1500000       0.3622962       0.0053126       2.3000000       4.3000000
  360      28.6356421       0.2050000       8.1500000       0.3606705       0.0066092       2.3000000       4.3000000
  361      28.6356421       0.2050000      12.9000000       0.3433752       0.0084117       2.3000000       4.3000000
  362      28.6356421       0.2050000      20.5000000       0.3187684       0.0108782       2.3000000       4.3000000
  363      28.6356421       0.2050000      32.5000000       0.2996520       0.0141986       2.3000000       4.3000000
  364      28.6356421       0.2050000      51.5000000       0.2946290       0.0190685       2.3000000       4.3000000
  365      28.6356421       0.2050000      81.5000000       0.3022509       0.0261520       2.3000000       4.3000000
  366      28.6356421       0.3250000       5.1500000       0.2853741       0.0060400       2.3000000       4.3000000
  367      28.6356421       0.3250000       8.1500000       0.2829527       0.0075895       2.3000000       4.3000000
  368      28.6356421       0.3250000      12.9000000       0.2693861       0.0096449       2.3000000       4.3000000
  369      28.6356421       0.3250000      20.5000000       0.2466390       0.0124594       2.3000000       4.3000000
  370      28.6356421       0.3250000      32.5000000       0.2238239       0.0162225       2.3000000       4.3000000
  371      28.6356421       0.3250000      51.5000000       0.2092301       0.0213770       2.3000000       4.3000000
  372      28.6356421       0.3250000      81.5000000       0.2060068       0.0289348       2.3000000       4.3000000
  373      28.6356421       0.3250000     129.0000000       0.2102713       0.0395285       2.3000000       4.3000000
  374      28.6356421       0.5150000       8.1500000       0.1348975       0.0111312       2.3000000       4.3000000
  375      28.6356421       0.5150000      12.9000000       0.1250988       0.0141670       2.3000000       4.3000000
  376      28.6356421       0.5150000      20.5000000       0.1121706       0.0183412       2.3000000       4.3000000
  377      28.6356421       0.5150000      32.5000000       0.0980095       0.0239701       2.3000000       4.3000000
  378      28.6356421       0.5150000      51.5000000       0.0864678       0.0314963       2.3000000       4.3000000
  379      28.6356421       0.5150000      81.5000000       0.0798516       0.0420583       2.3000000       4.3000000
  380      28.6356421       0.5150000     129.0000000       0.0777107       0.0569210       2.3000000       4.3000000
  381      28.6356421       0.5150000     205.0000000       0.0777767       0.0809543       2.3000000       4.3000000
  382      28.6356421       0.8150000      12.9000000       0.0110579       0.0442719       2.3000000       4.3000000
  383      28.6356421       0.8150000      20.5000000       0.0087156       0.0562885       2.3000000       4.3000000
  384      28.6356421       0.8150000      32.5000000       0.0068399       0.0752622       2.3000000       4.3000000
  385      28.6356421       0.8150000      51.5000000       0.0054193       0.0989793       2.3000000       4.3000000
  386      28.6356421       0.8150000      81.5000000       0.0044841       0.1340806       2.3000000       4.3000000
  387      28.6356421       0.8150000     129.0000000       0.0039618       0.1796174       2.3000000       4.3000000
  388      28.6356421       0.8150000     205.0000000       0.0036989       0.2491875       2.3000000       4.3000000
  389      28.6356421       0.8150000     325.0000000       0.0035463       0.3288769       2.3000000       4.3000000
