    i          rs           x          Q2       sigma        stat        syst        norm
    0     140.7124728       0.0001290       1.2900000       0.0000000       0.0021535       2.3000000       4.3000000
    1     140.7124728       0.0002050       1.2900000       0.0000000       0.0020681       2.3000000       4.3000000
    2     140.7124728       0.0002050       2.0500000       0.0000000       0.0026563       2.3000000       4.3000000
    3     140.7124728       0.0003250       1.2900000       0.0000000       0.0020460       2.3000000       4.3000000
    4     140.7124728       0.0003250       2.0500000       0.0000000       0.0025614       2.3000000       4.3000000
    5     140.7124728       0.0003250       3.2500000       0.7351036       0.0031939       2.3000000       4.3000000
    6     140.7124728       0.0005150       1.2900000       0.0000000       0.0020618       2.3000000       4.3000000
    7     140.7124728       0.0005150       2.0500000       0.0000000       0.0025393       2.3000000       4.3000000
    8     140.7124728       0.0005150       3.2500000       0.6227591       0.0030769       2.3000000       4.3000000
    9     140.7124728       0.0005150       5.1500000       0.7715572       0.0038580       2.3000000       4.3000000
   10     140.7124728       0.0008150       1.2900000       0.0000000       0.0021029       2.3000000       4.3000000
   11     140.7124728       0.0008150       2.0500000       0.0000000       0.0025646       2.3000000       4.3000000
   12     140.7124728       0.0008150       3.2500000       0.6539448       0.0030453       2.3000000       4.3000000
   13     140.7124728       0.0008150       5.1500000       0.7465808       0.0037315       2.3000000       4.3000000
   14     140.7124728       0.0008150       8.1500000       0.8106514       0.0047434       2.3000000       4.3000000
   15     140.7124728       0.0012900       1.2900000       0.0000000       0.0021630       2.3000000       4.3000000
   16     140.7124728       0.0012900       2.0500000       0.0000000       0.0026247       2.3000000       4.3000000
   17     140.7124728       0.0012900       3.2500000       0.5707764       0.0030769       2.3000000       4.3000000
   18     140.7124728       0.0012900       5.1500000       0.7152893       0.0036999       2.3000000       4.3000000
   19     140.7124728       0.0012900       8.1500000       0.8455754       0.0045853       2.3000000       4.3000000
   20     140.7124728       0.0012900      12.9000000       0.9273130       0.0058818       2.3000000       4.3000000
   21     140.7124728       0.0020500       1.2900000       0.0000000       0.0022357       2.3000000       4.3000000
   22     140.7124728       0.0020500       2.0500000       0.0000000       0.0026974       2.3000000       4.3000000
   23     140.7124728       0.0020500       3.2500000       0.4868139       0.0031465       2.3000000       4.3000000
   24     140.7124728       0.0020500       5.1500000       0.5983799       0.0037631       2.3000000       4.3000000
   25     140.7124728       0.0020500       8.1500000       0.7345261       0.0045853       2.3000000       4.3000000
   26     140.7124728       0.0020500      12.9000000       0.8695150       0.0057553       2.3000000       4.3000000
   27     140.7124728       0.0020500      20.5000000       0.9613427       0.0074314       2.3000000       4.3000000
   28     140.7124728       0.0032500       1.2900000       0.0000000       0.0023116       2.3000000       4.3000000
   29     140.7124728       0.0032500       2.0500000       0.0000000       0.0027891       2.3000000       4.3000000
   30     140.7124728       0.0032500       3.2500000       0.4483010       0.0032571       2.3000000       4.3000000
   31     140.7124728       0.0032500       5.1500000       0.5314342       0.0038580       2.3000000       4.3000000
   32     140.7124728       0.0032500       8.1500000       0.6427220       0.0046485       2.3000000       4.3000000
   33     140.7124728       0.0032500      12.9000000       0.7691101       0.0057553       2.3000000       4.3000000
   34     140.7124728       0.0032500      20.5000000       0.8799036       0.0072732       2.3000000       4.3000000
   35     140.7124728       0.0032500      32.5000000       0.9366226       0.0094868       2.3000000       4.3000000
   36     140.7124728       0.0051500       2.0500000       0.0000000       0.0028840       2.3000000       4.3000000
   37     140.7124728       0.0051500       3.2500000       0.4243326       0.0033520       2.3000000       4.3000000
   38     140.7124728       0.0051500       5.1500000       0.4812211       0.0039528       2.3000000       4.3000000
   39     140.7124728       0.0051500       8.1500000       0.5639027       0.0047750       2.3000000       4.3000000
   40     140.7124728       0.0051500      12.9000000       0.6698617       0.0058502       2.3000000       4.3000000
   41     140.7124728       0.0051500      20.5000000       0.7782593       0.0073365       2.3000000       4.3000000
   42     140.7124728       0.0051500      32.5000000       0.8570761       0.0093920       2.3000000       4.3000000
   43     140.7124728       0.0051500      51.5000000       0.8837607       0.0122696       2.3000000       4.3000000
   44     140.7124728       0.0081500       3.2500000       0.4107963       0.0034469       2.3000000       4.3000000
   45     140.7124728       0.0081500       5.1500000       0.4465707       0.0041110       2.3000000       4.3000000
   46     140.7124728       0.0081500       8.1500000       0.5014059       0.0049648       2.3000000       4.3000000
   47     140.7124728       0.0081500      12.9000000       0.5816555       0.0060400       2.3000000       4.3000000
   48     140.7124728       0.0081500      20.5000000       0.6761382       0.0074946       2.3000000       4.3000000
   49     140.7124728       0.0081500      32.5000000       0.7586476       0.0094552       2.3000000       4.3000000
   50     140.7124728       0.0081500      51.5000000       0.8069210       0.0121748       2.3000000       4.3000000
   51     140.7124728       0.0081500      81.5000000       0.8082906       0.0162225       2.3000000       4.3000000
   52     140.7124728       0.0129000       5.1500000       0.4242376       0.0042691       2.3000000       4.3000000
   53     140.7124728       0.0129000       8.1500000       0.4553416       0.0051545       2.3000000       4.3000000
   54     140.7124728       0.0129000      12.9000000       0.5090002       0.0062613       2.3000000       4.3000000
   55     140.7124728       0.0129000      20.5000000       0.5828259       0.0077792       2.3000000       4.3000000
   56     140.7124728       0.0129000      32.5000000       0.6590131       0.0097398       2.3000000       4.3000000
   57     140.7124728       0.0129000      51.5000000       0.7153477       0.0123961       2.3000000       4.3000000
   58     140.7124728       0.0129000      81.5000000       0.7355375       0.0160960       2.3000000       4.3000000
   59     140.7124728       0.0129000     129.0000000       0.7205912       0.0216300       2.3000000       4.3000000
   60     140.7124728       0.0205000       8.1500000       0.4258647       0.0053442       2.3000000       4.3000000
   61     140.7124728       0.0205000      12.9000000       0.4542768       0.0065459       2.3000000       4.3000000
   62     140.7124728       0.0205000      20.5000000       0.5045776       0.0080638       2.3000000       4.3000000
   63     140.7124728       0.0205000      32.5000000       0.5668624       0.0101193       2.3000000       4.3000000
   64     140.7124728       0.0205000      51.5000000       0.6226102       0.0129337       2.3000000       4.3000000
   65     140.7124728       0.0205000      81.5000000       0.6527731       0.0163174       2.3000000       4.3000000
   66     140.7124728       0.0205000     129.0000000       0.6516022       0.0214719       2.3000000       4.3000000
   67     140.7124728       0.0205000     205.0000000       0.6302746       0.0287135       2.3000000       4.3000000
   68     140.7124728       0.0325000      12.9000000       0.4169455       0.0068305       2.3000000       4.3000000
   69     140.7124728       0.0325000      20.5000000       0.4440753       0.0084749       2.3000000       4.3000000
   70     140.7124728       0.0325000      32.5000000       0.4884839       0.0105304       2.3000000       4.3000000
   71     140.7124728       0.0325000      51.5000000       0.5373449       0.0133132       2.3000000       4.3000000
   72     140.7124728       0.0325000      81.5000000       0.5719859       0.0170447       2.3000000       4.3000000
   73     140.7124728       0.0325000     129.0000000       0.5806246       0.0218197       2.3000000       4.3000000
   74     140.7124728       0.0325000     205.0000000       0.5664181       0.0287451       2.3000000       4.3000000
   75     140.7124728       0.0325000     325.0000000       0.5457935       0.0395285       2.3000000       4.3000000
   76     140.7124728       0.0515000      20.5000000       0.4003896       0.0087911       2.3000000       4.3000000
   77     140.7124728       0.0515000      32.5000000       0.4255744       0.0110363       2.3000000       4.3000000
   78     140.7124728       0.0515000      51.5000000       0.4628336       0.0138824       2.3000000       4.3000000
   79     140.7124728       0.0515000      81.5000000       0.4966775       0.0175823       2.3000000       4.3000000
   80     140.7124728       0.0515000     129.0000000       0.5124094       0.0227368       2.3000000       4.3000000
   81     140.7124728       0.0515000     205.0000000       0.5054920       0.0292827       2.3000000       4.3000000
   82     140.7124728       0.0515000     325.0000000       0.4855515       0.0385798       2.3000000       4.3000000
   83     140.7124728       0.0515000     515.0000000       0.4714818       0.0547074       2.3000000       4.3000000
   84     140.7124728       0.0815000      32.5000000       0.3768465       0.0115739       2.3000000       4.3000000
   85     140.7124728       0.0815000      51.5000000       0.3994504       0.0146097       2.3000000       4.3000000
   86     140.7124728       0.0815000      81.5000000       0.4275893       0.0186258       2.3000000       4.3000000
   87     140.7124728       0.0815000     129.0000000       0.4468397       0.0235590       2.3000000       4.3000000
   88     140.7124728       0.0815000     205.0000000       0.4474185       0.0306425       2.3000000       4.3000000
   89     140.7124728       0.0815000     325.0000000       0.4313370       0.0392122       2.3000000       4.3000000
   90     140.7124728       0.0815000     515.0000000       0.4122466       0.0524938       2.3000000       4.3000000
   91     140.7124728       0.0815000     815.0000000       0.4083483       0.0714675       2.3000000       4.3000000
   92     140.7124728       0.1290000      51.5000000       0.3481694       0.0153370       2.3000000       4.3000000
   93     140.7124728       0.1290000      81.5000000       0.3666674       0.0195113       2.3000000       4.3000000
   94     140.7124728       0.1290000     129.0000000       0.3849251       0.0247923       2.3000000       4.3000000
   95     140.7124728       0.1290000     205.0000000       0.3911691       0.0322552       2.3000000       4.3000000
   96     140.7124728       0.1290000     325.0000000       0.3811972       0.0414258       2.3000000       4.3000000
   97     140.7124728       0.1290000     515.0000000       0.3616705       0.0543912       2.3000000       4.3000000
   98     140.7124728       0.1290000     815.0000000       0.3478627       0.0743135       2.3000000       4.3000000
   99     140.7124728       0.1290000    1290.0000000       0.3558294       0.0992955       2.3000000       4.3000000
  100     140.7124728       0.2050000      81.5000000       0.2995935       0.0213454       2.3000000       4.3000000
  101     140.7124728       0.2050000     129.0000000       0.3119060       0.0267845       2.3000000       4.3000000
  102     140.7124728       0.2050000     205.0000000       0.3197292       0.0347851       2.3000000       4.3000000
  103     140.7124728       0.2050000     325.0000000       0.3156699       0.0442719       2.3000000       4.3000000
  104     140.7124728       0.2050000     515.0000000       0.3002127       0.0575535       2.3000000       4.3000000
  105     140.7124728       0.2050000     815.0000000       0.2825614       0.0781083       2.3000000       4.3000000
  106     140.7124728       0.2050000    1290.0000000       0.2763601       0.1030903       2.3000000       4.3000000
  107     140.7124728       0.2050000    2050.0000000       0.2945206       0.1331319       2.3000000       4.3000000
  108     140.7124728       0.3250000     129.0000000       0.2067638       0.0322552       2.3000000       4.3000000
  109     140.7124728       0.3250000     205.0000000       0.2110234       0.0417421       2.3000000       4.3000000
  110     140.7124728       0.3250000     325.0000000       0.2100641       0.0531263       2.3000000       4.3000000
  111     140.7124728       0.3250000     515.0000000       0.2011030       0.0673565       2.3000000       4.3000000
  112     140.7124728       0.3250000     815.0000000       0.1872088       0.0973982       2.3000000       4.3000000
  113     140.7124728       0.3250000    1290.0000000       0.1760315       0.1084661       2.3000000       4.3000000
  114     140.7124728       0.3250000    2050.0000000       0.1763885       0.1549516       2.3000000       4.3000000
  115     140.7124728       0.3250000    3250.0000000       0.1958458       0.2324274       2.3000000       4.3000000
  116     140.7124728       0.5150000     205.0000000       0.0758878       0.0648267       2.3000000       4.3000000
  117     140.7124728       0.5150000     325.0000000       0.0749517       0.0838004       2.3000000       4.3000000
  118     140.7124728       0.5150000     515.0000000       0.0717539       0.1084661       2.3000000       4.3000000
  119     140.7124728       0.5150000     815.0000000       0.0662863       0.1483108       2.3000000       4.3000000
  120     140.7124728       0.5150000    1290.0000000       0.0604150       0.1891042       2.3000000       4.3000000
  121     140.7124728       0.5150000    2050.0000000       0.0569465       0.2409656       2.3000000       4.3000000
  122     140.7124728       0.5150000    3250.0000000       0.0584470       0.3257146       2.3000000       4.3000000
  123     140.7124728       0.5150000    5150.0000000       0.0669027       0.5470740       2.3000000       4.3000000
  124     140.7124728       0.8150000     325.0000000       0.0034142       0.2735370       2.3000000       4.3000000
  125     140.7124728       0.8150000     515.0000000       0.0031853       0.3857979       2.3000000       4.3000000
  126     140.7124728       0.8150000     815.0000000       0.0028858       0.3857979       2.3000000       4.3000000
  127     140.7124728       0.8150000    1290.0000000       0.0025511       0.7462975       2.3000000       4.3000000
  128     140.7124728       0.8150000    2050.0000000       0.0022760       0.6988634       2.3000000       4.3000000
  129     140.7124728       0.8150000    3250.0000000       0.0021662       1.1384200       2.3000000       4.3000000
  130     140.7124728       0.8150000    5150.0000000       0.0022926       1.3945644       2.3000000       4.3000000
