 0.7000000E-01 0.6595000E+00 0.1700000E+02 0.3992800E+00 0.5210000E-02 0.7938200E-02 0.8434800E-02
   3.0  -0.3  -0.1  -0.4   0.5
 0.7000000E-01 0.7371000E+00 0.1900000E+02 0.3998900E+00 0.5270000E-02 0.7984500E-02 0.8508100E-02
   3.0  -0.2   0.0   0.5   0.5
 0.1000000E+00 0.5159001E+00 0.1900000E+02 0.3954800E+00 0.4070000E-02 0.4524900E-02 0.5334000E-02
   3.0  -0.3  -0.1   0.4   0.5
 0.1000000E+00 0.5838000E+00 0.2150000E+02 0.3933800E+00 0.3170000E-02 0.3730600E-02 0.4990500E-02
   3.0  -0.3  -0.1   0.6   0.5
 0.1000000E+00 0.6653000E+00 0.2450000E+02 0.3940200E+00 0.3390000E-02 0.3920900E-02 0.4712200E-02
   3.0  -0.3  -0.1   0.3   0.5
 0.1400000E+00 0.4170000E+00 0.2150000E+02 0.3784100E+00 0.3610000E-02 0.3610000E-02 0.4801600E-02
   3.0  -0.4  -0.2   0.5   0.5
 0.1400000E+00 0.4752000E+00 0.2450000E+02 0.3799100E+00 0.3780000E-02 0.3780000E-02 0.5181200E-02
   3.0  -0.3  -0.2   0.7   0.5
 0.1400000E+00 0.5431000E+00 0.2800000E+02 0.3749900E+00 0.3620000E-02 0.3620000E-02 0.4392200E-02
   3.0  -0.3  -0.1   0.3   0.5
 0.1400000E+00 0.6304001E+00 0.3250000E+02 0.3670900E+00 0.3560000E-02 0.3560000E-02 0.4421100E-02
   3.0  -0.3  -0.1   0.4   0.5
 0.1800000E+00 0.3243000E+00 0.2150000E+02 0.3506100E+00 0.4190000E-02 0.4190000E-02 0.5174500E-02
   3.0  -0.4  -0.3   0.5   0.5
 0.1800000E+00 0.3696000E+00 0.2450000E+02 0.3607700E+00 0.4340000E-02 0.4340000E-02 0.5021300E-02
   3.0  -0.4  -0.2   0.2   0.5
 0.1800000E+00 0.4224000E+00 0.2800000E+02 0.3600400E+00 0.4130000E-02 0.4130000E-02 0.4811400E-02
   3.0  -0.3  -0.2   0.3   0.5
 0.1800000E+00 0.4903000E+00 0.3250000E+02 0.3471200E+00 0.2880000E-02 0.2880000E-02 0.3537200E-02
   3.0  -0.3  -0.1   0.4   0.3
 0.1800000E+00 0.5657001E+00 0.3750000E+02 0.3405200E+00 0.3020000E-02 0.3020000E-02 0.3347800E-02
   3.0  -0.3  -0.1  -0.2   0.2
 0.1800000E+00 0.6487001E+00 0.4300000E+02 0.3425500E+00 0.3010000E-02 0.3010000E-02 0.3271500E-02
   3.0  -0.3   0.0   0.1   0.2
 0.2250000E+00 0.3379000E+00 0.2800000E+02 0.3224600E+00 0.3840000E-02 0.3840000E-02 0.4512300E-02
   3.0  -0.4  -0.2  -0.3   0.5
 0.2250000E+00 0.3922000E+00 0.3250000E+02 0.3271500E+00 0.3650000E-02 0.3650000E-02 0.4182900E-02
   3.0  -0.3  -0.1   0.2   0.5
 0.2250000E+00 0.4526000E+00 0.3750000E+02 0.3130200E+00 0.2760000E-02 0.2760000E-02 0.3014500E-02
   3.0  -0.3  -0.1  -0.1   0.2
 0.2250000E+00 0.5190001E+00 0.4300000E+02 0.3133700E+00 0.2690000E-02 0.2690000E-02 0.3065400E-02
   3.0  -0.3   0.0   0.3   0.2
 0.2250000E+00 0.5974001E+00 0.4950000E+02 0.3060700E+00 0.2640000E-02 0.2640000E-02 0.3244900E-02
   3.0  -0.3   0.0   0.5   0.2
 0.2250000E+00 0.6879001E+00 0.5700000E+02 0.3134900E+00 0.3630000E-02 0.3630000E-02 0.3801900E-02
   3.0  -0.2   0.0   0.3   0.0
 0.2750000E+00 0.2765000E+00 0.2800000E+02 0.2882200E+00 0.4090000E-02 0.4090000E-02 0.4514800E-02
   3.0  -0.3  -0.1   0.3   0.5
 0.2750000E+00 0.3209000E+00 0.3250000E+02 0.2825200E+00 0.3720000E-02 0.3720000E-02 0.4222500E-02
   3.0  -0.3   0.0  -0.4   0.5
 0.2750000E+00 0.3703000E+00 0.3750000E+02 0.2790800E+00 0.2900000E-02 0.2900000E-02 0.3132400E-02
   3.0  -0.3   0.0   0.0   0.3
 0.2750000E+00 0.4246000E+00 0.4300000E+02 0.2726400E+00 0.2720000E-02 0.2720000E-02 0.2943100E-02
   3.0  -0.3   0.0  -0.2   0.2
 0.2750000E+00 0.4888000E+00 0.4950000E+02 0.2700100E+00 0.2720000E-02 0.2720000E-02 0.3084300E-02
   3.0  -0.3   0.0   0.4   0.2
 0.2750000E+00 0.5628000E+00 0.5700000E+02 0.2727600E+00 0.2920000E-02 0.2920000E-02 0.3105200E-02
   3.0  -0.3   0.1   0.1   0.2
 0.2750000E+00 0.6468000E+00 0.6550000E+02 0.2698500E+00 0.3610000E-02 0.3610000E-02 0.3815900E-02
   3.0  -0.2   0.1   0.4   0.0
 0.2750000E+00 0.7406000E+00 0.7500000E+02 0.2606800E+00 0.3850000E-02 0.3850000E-02 0.4300200E-02
   3.0  -0.2   0.1   0.7   0.0
 0.3500000E+00 0.2522000E+00 0.3250000E+02 0.2222100E+00 0.2760000E-02 0.2760000E-02 0.3073200E-02
   3.0  -0.2   0.2  -0.2   0.5
 0.3500000E+00 0.2909000E+00 0.3750000E+02 0.2198500E+00 0.2090000E-02 0.2090000E-02 0.2320200E-02
   3.0  -0.2   0.2   0.2   0.3
 0.3500000E+00 0.3336000E+00 0.4300000E+02 0.2166600E+00 0.2010000E-02 0.2010000E-02 0.2314000E-02
   3.0  -0.2   0.2   0.4   0.2
 0.3500000E+00 0.3840000E+00 0.4950000E+02 0.2147300E+00 0.1960000E-02 0.1960000E-02 0.2193100E-02
   3.0  -0.2   0.2   0.3   0.2
 0.3500000E+00 0.4422000E+00 0.5700000E+02 0.2141000E+00 0.2030000E-02 0.2030000E-02 0.2411800E-02
   3.0  -0.2   0.2   0.5   0.2
 0.3500000E+00 0.5082000E+00 0.6550000E+02 0.2075800E+00 0.2100000E-02 0.2100000E-02 0.2229400E-02
   3.0  -0.2   0.2  -0.2   0.1
 0.3500000E+00 0.5819001E+00 0.7500000E+02 0.2019300E+00 0.2580000E-02 0.2580000E-02 0.2650200E-02
   3.0  -0.2   0.2   0.1   0.0
 0.3500000E+00 0.6672000E+00 0.8600000E+02 0.2055400E+00 0.2730000E-02 0.2730000E-02 0.3051500E-02
   3.0  -0.2   0.2   0.6   0.0
 0.3500000E+00 0.7681000E+00 0.9900000E+02 0.2003300E+00 0.2970000E-02 0.2970000E-02 0.3082700E-02
   3.0  -0.2   0.2   0.3   0.0
 0.4500000E+00 0.1961000E+00 0.3250000E+02 0.1429800E+00 0.2660000E-02 0.2660000E-02 0.3232500E-02
   3.0   0.2   1.0   0.6   0.5
 0.4500000E+00 0.2263000E+00 0.3750000E+02 0.1368900E+00 0.2760000E-02 0.2760000E-02 0.3138100E-02
   3.0   0.2   0.9   0.3   0.5
 0.4500000E+00 0.2595000E+00 0.4300000E+02 0.1387300E+00 0.1830000E-02 0.1830000E-02 0.2232700E-02
   3.0   0.1   0.8   0.4   0.2
 0.4500000E+00 0.2987000E+00 0.4950000E+02 0.1367600E+00 0.1790000E-02 0.1790000E-02 0.2052800E-02
   3.0   0.0   0.7   0.1   0.2
 0.4500000E+00 0.3440000E+00 0.5700000E+02 0.1359400E+00 0.1850000E-02 0.1850000E-02 0.2080400E-02
   3.0   0.0   0.6  -0.3   0.2
 0.4500000E+00 0.3953000E+00 0.6550000E+02 0.1303000E+00 0.1830000E-02 0.1830000E-02 0.2048900E-02
   3.0  -0.1   0.6   0.3   0.2
 0.4500000E+00 0.4526000E+00 0.7500000E+02 0.1273500E+00 0.2250000E-02 0.2250000E-02 0.2355600E-02
   3.0  -0.1   0.5   0.2   0.0
 0.4500000E+00 0.5190001E+00 0.8600000E+02 0.1308500E+00 0.2350000E-02 0.2350000E-02 0.2529000E-02
   3.0  -0.1   0.5   0.5   0.0
 0.4500000E+00 0.5974001E+00 0.9900000E+02 0.1272400E+00 0.2430000E-02 0.2430000E-02 0.2515100E-02
   3.0  -0.1   0.5   0.0   0.0
 0.4500000E+00 0.6970000E+00 0.1155000E+03 0.1233400E+00 0.2390000E-02 0.2390000E-02 0.2480600E-02
   3.0  -0.2   0.4   0.3   0.0
 0.5500000E+00 0.1605000E+00 0.3250000E+02 0.7733000E-01 0.2020000E-02 0.2020000E-02 0.3365700E-02
   3.0   1.1   2.5   2.1   0.5
 0.5500000E+00 0.1851000E+00 0.3750000E+02 0.8019000E-01 0.2270000E-02 0.2270000E-02 0.3287100E-02
   3.0   0.9   2.2   1.7   0.5
 0.5500000E+00 0.2123000E+00 0.4300000E+02 0.7591000E-01 0.1350000E-02 0.1350000E-02 0.2244500E-02
   3.0   0.7   1.9   1.2   0.2
 0.5500000E+00 0.2444000E+00 0.4950000E+02 0.7558000E-01 0.1360000E-02 0.1360000E-02 0.2102400E-02
   3.0   0.6   1.7   1.1   0.2
 0.5500000E+00 0.2814000E+00 0.5700000E+02 0.7589000E-01 0.1450000E-02 0.1450000E-02 0.1929000E-02
   3.0   0.4   1.5   0.6   0.2
 0.5500000E+00 0.3234000E+00 0.6550000E+02 0.7090000E-01 0.1420000E-02 0.1420000E-02 0.1713600E-02
   3.0   0.3   1.3   0.2   0.1
 0.5500000E+00 0.3703000E+00 0.7500000E+02 0.7022000E-01 0.1550000E-02 0.1550000E-02 0.1776800E-02
   3.0   0.2   1.2   0.2   0.1
 0.5500000E+00 0.4246000E+00 0.8600000E+02 0.7299000E-01 0.1910000E-02 0.1910000E-02 0.2093600E-02
   3.0   0.1   1.1   0.4   0.0
 0.5500000E+00 0.4888000E+00 0.9900000E+02 0.6683000E-01 0.1880000E-02 0.1880000E-02 0.1996400E-02
   3.0   0.0   1.0   0.1   0.0
 0.5500000E+00 0.5703000E+00 0.1155000E+03 0.6513000E-01 0.1850000E-02 0.1850000E-02 0.1940600E-02
   3.0   0.0   0.9   0.0   0.0
 0.5500000E+00 0.6789001E+00 0.1375000E+03 0.6621000E-01 0.1960000E-02 0.1960000E-02 0.2041100E-02
   3.0  -0.1   0.8   0.3   0.0
 0.6500000E+00 0.1358000E+00 0.3250000E+02 0.3721000E-01 0.1220000E-02 0.1220000E-02 0.3200300E-02
   3.0   2.8   5.3   5.2   0.5
 0.6500000E+00 0.1567000E+00 0.3750000E+02 0.3407000E-01 0.1300000E-02 0.1300000E-02 0.2762400E-02
   3.0   2.4   4.6   4.9   0.5
 0.6500000E+00 0.1796000E+00 0.4300000E+02 0.3538000E-01 0.7800000E-03 0.7800000E-03 0.2295600E-02
   3.0   1.9   4.1   4.1   0.1
 0.6500000E+00 0.2068000E+00 0.4950000E+02 0.3512000E-01 0.8300000E-03 0.8300000E-03 0.2050100E-02
   3.0   1.6   3.6   3.6   0.1
 0.6500000E+00 0.2381000E+00 0.5700000E+02 0.3327000E-01 0.8600000E-03 0.8600000E-03 0.1693600E-02
   3.0   1.3   3.2   2.7   0.1
 0.6500000E+00 0.2736000E+00 0.6550000E+02 0.3248000E-01 0.9200000E-03 0.9200000E-03 0.1477500E-02
   3.0   1.1   2.8   1.9   0.1
 0.6500000E+00 0.3133000E+00 0.7500000E+02 0.3213000E-01 0.1000000E-02 0.1000000E-02 0.1364200E-02
   3.0   0.8   2.5   1.2   0.1
 0.6500000E+00 0.3593000E+00 0.8600000E+02 0.3359000E-01 0.1260000E-02 0.1260000E-02 0.1505200E-02
   3.0   0.6   2.2   0.9   0.0
 0.6500000E+00 0.4136000E+00 0.9900000E+02 0.3080000E-01 0.1280000E-02 0.1280000E-02 0.1461700E-02
   3.0   0.5   2.0   1.0   0.0
 0.6500000E+00 0.4825000E+00 0.1155000E+03 0.2839000E-01 0.1250000E-02 0.1250000E-02 0.1357300E-02
   3.0   0.3   1.7   0.7   0.0
 0.6500000E+00 0.5744001E+00 0.1375000E+03 0.2780000E-01 0.1300000E-02 0.1300000E-02 0.1370000E-02
   3.0   0.1   1.5   0.4   0.0
 0.7500000E+00 0.1557000E+00 0.4300000E+02 0.1252000E-01 0.4200000E-03 0.4200000E-03 0.1924600E-02
   3.0   4.8   9.0  11.0   0.0
 0.7500000E+00 0.1792000E+00 0.4950000E+02 0.1189000E-01 0.4400000E-03 0.4400000E-03 0.1642900E-02
   3.0   4.1   7.9   9.9   0.0
 0.7500000E+00 0.2064000E+00 0.5700000E+02 0.1076000E-01 0.4600000E-03 0.4600000E-03 0.1375800E-02
   3.0   3.4   7.0   9.2   0.0
 0.7500000E+00 0.2372000E+00 0.6550000E+02 0.1068000E-01 0.5200000E-03 0.5200000E-03 0.1260600E-02
   3.0   2.8   6.1   8.4   0.0
 0.7500000E+00 0.2715000E+00 0.7500000E+02 0.1117000E-01 0.5800000E-03 0.5800000E-03 0.1237400E-02
   3.0   2.4   5.4   7.8   0.0
 0.7500000E+00 0.3114000E+00 0.8600000E+02 0.9990000E-02 0.5800000E-03 0.5800000E-03 0.1016600E-02
   3.0   1.8   4.8   6.6   0.0
 0.7500000E+00 0.3584000E+00 0.9900000E+02 0.9050000E-02 0.6000000E-03 0.6000000E-03 0.8988900E-03
   3.0   1.5   4.2   5.9   0.0
 0.7500000E+00 0.4182000E+00 0.1155000E+03 0.8130000E-02 0.6100000E-03 0.6100000E-03 0.7892200E-03
   3.0   1.1   3.7   4.8   0.0
 0.7500000E+00 0.4978000E+00 0.1375000E+03 0.9030000E-02 0.6800000E-03 0.6800000E-03 0.8133400E-03
   3.0   0.7   3.2   3.7   0.0
